Matrix: 
  1.0081e-06            0            0        9e-08            0            0            0            0            0            0            0            0            0            0            0
           0   1.0081e-06            0            0        9e-08            0            0            0            0            0            0            0            0            0            0
           0            0   1.0081e-06            0            0        9e-08            0            0            0            0            0            0            0            0            0
       9e-08            0            0  1.78521e-06  6.04197e-13 -1.08112e-08            0 -8.81536e-07 -4.92655e-11            0            0            0  8.99993e-08  3.54502e-10  9.94587e-14
           0        9e-08            0  6.04197e-13  1.78536e-06  4.34293e-11  8.81536e-07            0 -1.22641e-08            0            0            0 -3.54502e-10  8.99993e-08 -9.81957e-14
           0            0        9e-08 -1.08112e-08  4.34293e-11  1.00825e-06  4.92655e-11  1.22641e-08            0            0            0            0 -9.98447e-14  9.78032e-14        9e-08
           0            0            0            0  8.81536e-07  4.92655e-11   1.0081e-06  -1.7603e-28  1.57772e-30 -8.99993e-08 -3.54502e-10 -9.94587e-14            0            0            0
           0            0            0 -8.81536e-07            0  1.22641e-08  -1.7603e-28   1.0081e-06 -1.57772e-30  3.54502e-10 -8.99993e-08  9.81957e-14            0            0            0
           0            0            0 -4.92655e-11 -1.22641e-08            0  1.57772e-30 -1.57772e-30   1.0081e-06  9.98447e-14 -9.78032e-14       -9e-08            0            0            0
           0            0            0            0            0            0 -8.99993e-08  3.54502e-10  9.98447e-14        1e-06            0            0            0            0            0
           0            0            0            0            0            0 -3.54502e-10 -8.99993e-08 -9.78032e-14            0        1e-06            0            0            0            0
           0            0            0            0            0            0 -9.94587e-14  9.81957e-14       -9e-08            0            0        1e-06            0            0            0
           0            0            0  8.99993e-08 -3.54502e-10 -9.98447e-14            0            0            0            0            0            0        1e-06            0            0
           0            0            0  3.54502e-10  8.99993e-08  9.78032e-14            0            0            0            0            0            0            0        1e-06            0
           0            0            0  9.94587e-14 -9.81957e-14        9e-08            0            0            0            0            0            0            0            0        1e-06
Matrix: 
 6.55002e-13  -1.5736e-16 -5.53468e-22  5.53962e-13 -5.42864e-15  9.06352e-20  8.33939e-18  3.52558e-15  2.01782e-13  2.26747e-16 -3.87887e-14 -1.96437e-14  4.43578e-14  2.59276e-16  3.90199e-18
 -1.5736e-16  6.15004e-13 -2.87274e-20 -1.74288e-15  1.10477e-13 -2.62428e-19 -3.97933e-16 -1.06175e-17 -7.88275e-16  4.37774e-15  1.52621e-16  1.63685e-17 -1.74534e-16  5.00628e-15 -4.92674e-20
-5.53507e-22 -2.87203e-20  6.54973e-13 -7.57297e-16 -1.94329e-13  5.54005e-13 -2.03149e-13  7.63531e-16  1.92137e-17  3.46859e-14  5.39811e-16 -2.09276e-16  3.72074e-18  1.72054e-14   4.4635e-14
 5.53964e-13 -1.74288e-15 -7.57297e-16  9.92661e-09 -6.01727e-14 -3.32313e-14   8.9103e-18 -7.13301e-11  2.22052e-12 -6.33063e-12  7.73917e-10 -1.29714e-13  1.09111e-07  8.92461e-10  6.62663e-12
-5.42864e-15  1.10474e-13 -1.94329e-13 -6.01727e-14  9.92169e-09 -2.15472e-12  7.13647e-11 -2.75077e-16  -1.0108e-12 -7.74299e-10 -6.32925e-12  1.07728e-11 -8.92463e-10  1.09111e-07 -1.39075e-11
 9.06343e-20 -2.62379e-19  5.54011e-13 -3.32313e-14 -2.15472e-12  9.92516e-09 -2.23579e-12  1.01048e-12  2.13531e-16  2.87695e-13 -1.08157e-11 -9.72198e-16 -6.89065e-12   1.3852e-11   1.0911e-07
 8.33939e-18 -3.97933e-16 -2.03149e-13   8.9103e-18  7.13647e-11 -2.23579e-12  9.85914e-09  1.56057e-17  8.59916e-13 -1.08436e-07 -8.86936e-10 -1.61206e-11 -6.33233e-12  7.74137e-10 -1.13014e-13
 3.52558e-15 -1.06175e-17  7.63531e-16 -7.13301e-11 -2.75077e-16  1.01048e-12  1.56057e-17  9.85913e-09   1.0403e-15  8.86935e-10 -1.08436e-07  1.37921e-11 -7.74134e-10 -6.33096e-12  1.07699e-11
 2.01782e-13 -7.88275e-16  1.92137e-17  2.22052e-12  -1.0108e-12  2.13531e-16  8.59916e-13   1.0403e-15  9.92067e-09 -2.64425e-12 -1.37502e-11 -1.09116e-07  1.01577e-13 -1.08179e-11  1.38498e-15
 2.26747e-16  4.37774e-15  3.46859e-14 -6.33063e-12 -7.74299e-10  2.87695e-13 -1.08436e-07  8.86935e-10 -2.64425e-12  1.19283e-06  2.34907e-16  1.03603e-10  2.09032e-16 -8.51674e-09  3.43368e-14
-3.87887e-14  1.52621e-16  5.39811e-16  7.73917e-10 -6.32925e-12 -1.08157e-11 -8.86936e-10 -1.08436e-07 -1.37502e-11  2.34907e-16  1.19283e-06  1.68964e-14  8.51671e-09 -1.62688e-19 -1.18478e-10
-1.96437e-14  1.63685e-17 -2.09276e-16 -1.29714e-13  1.07728e-11 -9.72198e-16 -1.61206e-11  1.37921e-11 -1.09116e-07  1.03603e-10  1.68964e-14  1.20028e-06 -1.93252e-14  1.18478e-10 -2.08869e-16
 4.43578e-14 -1.74534e-16  3.72074e-18  1.09111e-07 -8.92463e-10 -6.89065e-12 -6.33233e-12 -7.74134e-10  1.01577e-13  2.09032e-16  8.51671e-09 -1.93252e-14  1.20026e-06  2.37124e-16 -8.46028e-13
 2.59276e-16  5.00628e-15  1.72054e-14  8.92461e-10  1.09111e-07   1.3852e-11  7.74137e-10 -6.33096e-12 -1.08179e-11 -8.51674e-09 -1.62688e-19  1.18478e-10  2.37124e-16  1.20026e-06  1.70322e-14
 3.90199e-18 -4.92686e-20   4.4635e-14  6.62663e-12 -1.39075e-11   1.0911e-07 -1.13014e-13  1.07699e-11  1.38498e-15  3.43368e-14 -1.18478e-10 -2.08869e-16 -8.46028e-13  1.70322e-14   1.2002e-06
Matrix: 
 3.99352e-13 -3.65553e-16 -2.22851e-21  8.13564e-13 -1.33008e-14  1.84407e-17 -6.98977e-18  4.16127e-17  3.14081e-13   8.0613e-17 -4.42234e-16 -1.26704e-12  2.87407e-12  1.51985e-14  1.83415e-16
-3.65553e-16  3.49798e-13   -4.081e-19 -5.39094e-15  1.60874e-13   3.7206e-18 -4.87712e-18 -3.62285e-19 -3.02587e-15  5.29497e-17  5.27618e-18  1.53906e-14 -3.44551e-14  5.52227e-13  4.59564e-17
 -2.2285e-21 -4.08111e-19  3.99347e-13  7.49335e-16 -9.22533e-14  8.13731e-13 -3.14041e-13  5.19022e-15  -7.6953e-18   1.2672e-12  -5.0288e-15  7.67806e-17 -5.04761e-15  1.15007e-12   2.8746e-12
 8.13563e-13 -5.39091e-15  7.49335e-16  3.35072e-11 -6.06584e-13 -1.33703e-13 -2.13923e-14 -3.23824e-12  1.18102e-11  -4.4225e-13  2.50726e-11 -8.20963e-11  2.25282e-10   9.9517e-13 -1.06632e-12
-1.33007e-14  1.60875e-13 -9.22533e-14 -6.06584e-13  8.44621e-12 -6.80986e-12  3.19597e-12 -1.94597e-14 -2.85065e-13 -2.46149e-11 -4.52036e-13   2.0781e-12 -5.57724e-12  5.56145e-11    -5.15e-11
 1.84406e-17  3.72066e-18  8.13728e-13 -1.33703e-13 -6.80985e-12  3.14068e-11 -1.18099e-11  2.90515e-13 -1.61014e-17  8.21237e-11 -3.72216e-13  1.28772e-15 -1.26987e-13  -2.7605e-11  2.12508e-10
-6.98978e-18 -4.87734e-18 -3.14041e-13 -2.13923e-14  3.19597e-12 -1.18099e-11  5.59439e-12  1.05656e-15  2.23838e-17 -3.86888e-11 -8.30311e-13 -7.13444e-16 -3.53278e-13  1.26608e-11 -7.94192e-11
 4.16126e-17 -3.62281e-19  5.19022e-15 -3.23824e-12 -1.94597e-14  2.90515e-13  1.05656e-15  5.64051e-12  6.75268e-16  8.20814e-13 -3.91867e-11 -3.95789e-15 -1.31241e-11  -3.4579e-13  1.82117e-12
 3.14081e-13 -3.02587e-15  -7.6953e-18  1.18102e-11 -2.85065e-13 -1.61015e-17  2.23838e-17  6.75268e-16  5.59487e-12  5.52621e-16 -8.74742e-15 -3.87002e-11  7.94391e-11 -1.19102e-13  1.15573e-15
  8.0613e-17  5.29522e-17   1.2672e-12  -4.4225e-13 -2.46149e-11  8.21237e-11 -3.86888e-11  8.20814e-13  5.52621e-16  2.94168e-10 -2.13533e-14  1.27732e-16 -2.11803e-14  -1.4069e-10   6.1112e-10
-4.42233e-16   5.2762e-18  -5.0288e-15  2.50726e-11 -4.52036e-13 -3.72216e-13 -8.30311e-13 -3.91867e-11 -8.74742e-15 -2.13533e-14  2.99583e-10  5.78221e-14  1.45751e-10  2.14399e-14 -1.41289e-12
-1.26704e-12  1.53906e-14  7.67806e-17 -8.20963e-11   2.0781e-12  1.28772e-15 -7.13444e-16 -3.95789e-15 -3.87002e-11  1.27732e-16  5.78221e-14  2.94181e-10 -6.11092e-10    1.318e-12 -2.56142e-16
 2.87407e-12 -3.44553e-14 -5.04761e-15  2.25282e-10 -5.57724e-12 -1.26987e-13 -3.53278e-13 -1.31241e-11  7.94391e-11 -2.11803e-14  1.45751e-10 -6.11092e-10  1.75038e-09 -2.85089e-12 -1.37665e-12
 1.51984e-14  5.52244e-13  1.15007e-12  9.95169e-13  5.56145e-11  -2.7605e-11  1.26608e-11  -3.4579e-13 -1.19102e-13  -1.4069e-10  2.14399e-14    1.318e-12 -2.85089e-12  4.67134e-10  -3.0669e-10
 1.83414e-16  4.59574e-17  2.87457e-12 -1.06632e-12    -5.15e-11  2.12508e-10 -7.94191e-11  1.82117e-12  1.15573e-15   6.1112e-10 -1.41289e-12 -2.56149e-16 -1.37665e-12 -3.06689e-10  1.60771e-09
Matrix: 
 3.23543e-13 -1.21785e-15  1.85265e-17  7.21427e-13 -2.25609e-14   8.1906e-16 -2.89093e-16  2.38781e-15  2.78745e-13  2.30471e-15 -1.44116e-14 -8.98326e-13  1.91112e-12 -8.19319e-15  4.88823e-15
-1.21785e-15  2.64062e-13  3.78363e-17 -1.59369e-14  1.45041e-13  1.47674e-15 -6.88453e-16  2.04697e-17 -7.88012e-15  4.16692e-15  1.75845e-17  3.36504e-14 -7.10732e-14  3.65929e-13  8.68725e-15
 1.85265e-17  3.78438e-17  3.23123e-13 -2.42042e-15 -9.11311e-14  7.06503e-13 -2.70625e-13  9.30825e-15 -2.77316e-17   8.5012e-13 -1.78236e-14   6.5755e-16 -1.44931e-14  1.19354e-12  1.81824e-12
 7.21427e-13 -1.59369e-14 -2.42042e-15  1.66121e-11 -4.50442e-13 -1.19861e-13 -5.23669e-15 -1.62907e-12  5.68954e-12 -2.88737e-13  9.96475e-12 -2.96711e-11  8.12068e-11  4.86788e-13 -6.40771e-13
-2.25609e-14  1.45042e-13 -9.11312e-14 -4.50442e-13  4.50386e-12 -3.60219e-12  1.66928e-12 -8.72544e-15 -2.11597e-13 -1.00898e-11 -2.80466e-13  1.09386e-12 -2.86162e-12  2.10052e-11 -2.10782e-11
 8.19059e-16  1.47703e-15  7.06502e-13 -1.19861e-13 -3.60219e-12   1.4664e-11  -5.3991e-12   2.0265e-13  8.65451e-17  2.79417e-11 -2.47595e-13  1.81076e-14 -9.03022e-14 -5.00769e-12  7.20446e-11
-2.89094e-16 -6.88589e-16 -2.70625e-13 -5.23669e-15  1.66928e-12  -5.3991e-12  2.55122e-12  6.51608e-16  1.08609e-15  -1.3043e-11 -3.75557e-13 -1.54711e-14 -1.97029e-14  2.00326e-12 -2.61199e-11
 2.38775e-15  2.04732e-17  9.30825e-15 -1.62907e-12 -8.72544e-15   2.0265e-13  6.51608e-16  2.57457e-12   2.9802e-14  3.70724e-13 -1.32305e-11 -1.87935e-13 -1.80194e-12 -4.95793e-14  8.12442e-13
 2.78745e-13 -7.88012e-15 -2.77316e-17  5.68954e-12 -2.11597e-13  8.65462e-17  1.08609e-15  2.98021e-14  2.69672e-12  5.69993e-16 -1.80564e-13 -1.39276e-11  2.78697e-11 -7.87283e-14   2.0633e-15
 2.30471e-15  4.16774e-15   8.5012e-13 -2.88737e-13 -1.00898e-11  2.79417e-11  -1.3043e-11  3.70724e-13   5.6999e-16  7.67872e-11 -1.34515e-14   4.8802e-14 -4.34289e-13 -3.52719e-11  1.57661e-10
-1.44112e-14  1.75922e-17 -1.78237e-14  9.96475e-12 -2.80466e-13 -2.47595e-13 -3.75557e-13 -1.32305e-11 -1.80564e-13 -1.34516e-14  7.87042e-11  1.14092e-12  3.55154e-11 -2.68983e-13 -2.43216e-13
-8.98326e-13  3.36504e-14   6.5755e-16 -2.96711e-11  1.09386e-12  1.81076e-14 -1.54711e-14 -1.87935e-13 -1.39276e-11   4.8802e-14  1.14092e-12   8.2101e-11 -1.68131e-10  2.83965e-13  9.61934e-14
 1.91111e-12 -7.10732e-14 -1.44932e-14  8.12068e-11 -2.86162e-12 -9.03021e-14 -1.97029e-14 -1.80194e-12  2.78697e-11 -4.34289e-13  3.55154e-11 -1.68131e-10  5.14399e-10 -4.75083e-13 -6.57912e-13
-8.19322e-15  3.65935e-13  1.19354e-12  4.86787e-13  2.10052e-11  -5.0077e-12  2.00326e-12 -4.95793e-14 -7.87283e-14 -3.52719e-11 -2.68984e-13  2.83965e-13 -4.75084e-13  1.60131e-10 -8.32796e-11
 4.88822e-15  8.68895e-15  1.81823e-12 -6.40771e-13 -2.10782e-11  7.20446e-11 -2.61199e-11  8.12442e-13  2.06329e-15   1.5766e-10 -2.43216e-13  9.61934e-14 -6.57913e-13 -8.32795e-11  4.22097e-10
Matrix: 
 2.92125e-13 -1.99816e-15 -1.00082e-17  6.76973e-13  -2.5579e-14 -1.86437e-16  2.40933e-16  3.47578e-15  2.60507e-13 -4.19502e-16 -1.76392e-14 -7.17824e-13  1.45663e-12  3.94473e-16 -8.94199e-16
-1.99816e-15  2.23373e-13  1.11212e-16 -1.96115e-14  1.36956e-13  2.85486e-15 -1.30514e-15 -1.20591e-17 -9.56903e-15  6.49677e-15  3.31077e-16  3.29297e-14  -6.7436e-14  2.71035e-13  1.35894e-14
-1.00082e-17  1.11223e-16  2.90913e-13 -3.28985e-15 -9.04868e-14  6.46197e-13 -2.44533e-13  1.05162e-14 -1.07741e-16  6.38043e-13 -1.50611e-14  6.60502e-16 -1.26113e-14  1.21333e-12  1.30005e-12
 6.76973e-13 -1.96115e-14 -3.28986e-15  1.13005e-11 -3.61427e-13 -1.04726e-13 -7.04455e-16 -1.08442e-12  3.76071e-12 -2.19762e-13  5.57387e-12 -1.59618e-11  4.37401e-11   4.6228e-13 -4.52155e-13
 -2.5579e-14  1.36956e-13 -9.04868e-14 -3.61427e-13  3.24938e-12 -2.51442e-12  1.14722e-12 -8.55263e-15 -1.68902e-13 -5.78583e-12 -1.95901e-13  7.06792e-13 -1.86708e-12  1.17365e-11 -1.21135e-11
-1.86439e-16  2.85516e-15  6.46197e-13 -1.04726e-13 -2.51442e-12  9.36326e-12 -3.35969e-12  1.53006e-13 -1.93577e-15  1.39703e-11 -1.37281e-13   1.2206e-14 -2.88857e-14 -3.90806e-14  3.61215e-11
 2.40931e-16 -1.30527e-15 -2.44533e-13 -7.04458e-16  1.14722e-12 -3.35969e-12  1.58107e-12  1.08586e-15  2.52794e-15 -6.45438e-12 -2.29608e-13 -1.48342e-14  5.88105e-14 -2.95021e-13 -1.26155e-11
 3.47572e-15 -1.20556e-17  1.05162e-14 -1.08442e-12 -8.55263e-15  1.53006e-13  1.08586e-15  1.60523e-12  3.66469e-14  2.24568e-13 -6.57371e-12  -2.0651e-13  6.82864e-13  2.68069e-14   4.3952e-13
 2.60507e-13 -9.56903e-15 -1.07741e-16  3.76071e-12 -1.68902e-13 -1.93577e-15  2.52794e-15  3.66469e-14  1.77962e-12 -4.32915e-15 -1.87102e-13 -7.46175e-12  1.46105e-11   -3.136e-15 -9.20904e-15
-4.19506e-16  6.49745e-15  6.38043e-13 -2.19762e-13 -5.78583e-12  1.39703e-11 -6.45438e-12  2.24568e-13 -4.32915e-15  3.13069e-11 -1.18304e-14  2.77911e-14 -3.33291e-13 -1.32202e-11  6.33988e-11
-1.76389e-14  3.31088e-16 -1.50611e-14  5.57387e-12 -1.95901e-13 -1.37281e-13 -2.29608e-13 -6.57371e-12 -1.87102e-13 -1.18305e-14  3.23594e-11  1.05553e-12  1.27158e-11 -2.09492e-13  7.66696e-14
-7.17824e-13  3.29297e-14  6.60502e-16 -1.59618e-11  7.06792e-13   1.2206e-14 -1.48342e-14  -2.0651e-13 -7.46175e-12  2.77911e-14  1.05553e-12  3.63777e-11  -7.3378e-11 -6.29245e-14  5.86617e-14
 1.45663e-12  -6.7436e-14 -1.26113e-14  4.37401e-11 -1.86708e-12 -2.88855e-14  5.88105e-14  6.82865e-13  1.46105e-11 -3.33291e-13  1.27158e-11  -7.3378e-11  2.45201e-10  2.33025e-13 -4.21865e-13
 3.94462e-16  2.71038e-13  1.21333e-12   4.6228e-13  1.17365e-11 -3.90869e-14 -2.95021e-13  2.68069e-14 -3.13601e-15 -1.32202e-11 -2.09493e-13 -6.29244e-14  2.33025e-13  8.82144e-11 -3.53292e-11
-8.94206e-16  1.35908e-14  1.30005e-12 -4.52155e-13 -1.21135e-11  3.61215e-11 -1.26155e-11   4.3952e-13 -9.20904e-15  6.33988e-11  7.66693e-14  5.86618e-14 -4.21865e-13 -3.53291e-11  1.74317e-10
Matrix: 
 2.77238e-13 -2.84201e-15 -2.53706e-17  6.45676e-13 -2.87874e-14 -4.48707e-16  4.29985e-16  4.28064e-15  2.47548e-13 -8.95214e-16 -1.90169e-14 -6.06797e-13   1.1808e-12  4.26614e-15 -1.93661e-15
-2.84201e-15  2.00681e-13  1.86797e-16  -2.2864e-14  1.32096e-13  3.75052e-15 -1.68892e-15 -5.84249e-17  -1.1096e-14  7.26516e-15  6.23527e-16  3.27228e-14 -6.48481e-14  2.13763e-13  1.52239e-14
-2.53705e-17  1.86808e-16   2.7497e-13 -3.63772e-15 -8.84061e-14  6.00204e-13 -2.24431e-13  1.16395e-14 -5.82385e-17  5.06322e-13 -1.36952e-14  1.93357e-16 -1.01588e-14  1.21728e-12  9.82542e-13
 6.45676e-13  -2.2864e-14 -3.63772e-15  8.67301e-12 -3.25571e-13 -9.23333e-14 -9.67352e-16 -7.96301e-13   2.8148e-12 -1.68545e-13  3.57405e-12 -1.02034e-11   2.8022e-11  4.01039e-13 -3.41952e-13
-2.87874e-14  1.32096e-13 -8.84062e-14 -3.25571e-13  2.63076e-12 -1.93137e-12  8.70058e-13 -9.62541e-15 -1.51795e-13 -3.80237e-12 -1.48519e-13  5.44826e-13 -1.44542e-12   7.7915e-12 -7.96706e-12
-4.48708e-16  3.75077e-15  6.00204e-13 -9.23333e-14 -1.93137e-12  6.75662e-12 -2.36111e-12  1.29193e-13 -1.98341e-16  8.25405e-12 -1.02303e-13 -1.29471e-15  8.93222e-15    1.637e-12  2.14455e-11
 4.29984e-16 -1.68904e-15 -2.24432e-13 -9.67355e-16  8.70058e-13 -2.36111e-12  1.11149e-12  1.47283e-15  2.19385e-15 -3.79233e-12 -1.60334e-13 -1.01393e-14  9.27309e-14 -1.04275e-12 -7.19099e-12
  4.2806e-15 -5.84216e-17  1.16395e-14 -7.96301e-13 -9.62541e-15  1.29193e-13  1.47282e-15  1.14119e-12  3.92783e-14  1.55991e-13 -3.88891e-12 -1.99889e-13  1.53637e-12  6.49655e-14  2.84833e-13
 2.47548e-13  -1.1096e-14 -5.82385e-17   2.8148e-12 -1.51795e-13  -1.9834e-16  2.19385e-15  3.92784e-14  1.33457e-12 -5.31756e-16 -1.75673e-13 -4.77548e-12   9.1335e-12  7.29623e-15 -1.56986e-15
-8.95216e-16  7.26565e-15  5.06322e-13 -1.68545e-13 -3.80237e-12  8.25405e-12 -3.79233e-12  1.55991e-13 -5.31757e-16  1.57694e-11 -1.22382e-14 -1.46934e-15 -2.44669e-13 -5.69964e-12  3.12338e-11
-1.90167e-14  6.23538e-16 -1.36952e-14  3.57405e-12 -1.48519e-13 -1.02303e-13 -1.60334e-13 -3.88891e-12 -1.75673e-13 -1.22383e-14  1.64611e-11  8.94762e-13  4.99196e-12 -1.77775e-13   7.4675e-14
-6.06797e-13  3.27228e-14  1.93356e-16 -1.02034e-11  5.44826e-13 -1.29473e-15 -1.01393e-14 -1.99889e-13 -4.77548e-12 -1.46937e-15  8.94763e-13   2.0074e-11 -3.96622e-11 -6.28346e-14 -1.06934e-15
  1.1808e-12 -6.48481e-14 -1.01588e-14   2.8022e-11 -1.44542e-12  8.93236e-15  9.27309e-14  1.53637e-12   9.1335e-12 -2.44669e-13  4.99196e-12 -3.96622e-11  1.47089e-10  2.24901e-13 -3.28433e-13
 4.26614e-15  2.13764e-13  1.21728e-12  4.01039e-13   7.7915e-12  1.63699e-12 -1.04275e-12  6.49655e-14  7.29623e-15 -5.69964e-12 -1.77775e-13 -6.28345e-14    2.249e-13  5.99359e-11 -1.83283e-11
-1.93661e-15  1.52249e-14   9.8254e-13 -3.41952e-13 -7.96705e-12  2.14455e-11 -7.19099e-12  2.84833e-13 -1.56986e-15  3.12338e-11  7.46748e-14 -1.06928e-15 -3.28433e-13 -1.83282e-11  8.87172e-11
Matrix: 
 2.69659e-13 -3.75293e-15 -2.79287e-17  6.20302e-13 -3.22175e-14 -3.87605e-16  4.69338e-16  4.73603e-15  2.36981e-13 -7.10191e-16 -1.89067e-14 -5.30822e-13  9.95934e-13  5.69064e-15 -1.55511e-15
-3.75293e-15  1.86898e-13  2.51726e-16 -2.60837e-14  1.28909e-13  4.21571e-15 -1.87533e-15 -1.09161e-16 -1.26263e-14  7.16316e-15  8.60769e-16  3.31716e-14  -6.3722e-14  1.75656e-13  1.50219e-14
-2.79287e-17  2.51737e-16  2.66183e-13 -3.89233e-15 -8.51711e-14  5.61858e-13 -2.07721e-13  1.27449e-14   1.1877e-17   4.1738e-13  -1.3101e-14 -1.59964e-16 -8.42712e-15  1.20909e-12  7.71524e-13
 6.20302e-13 -2.60837e-14 -3.89233e-15  7.09224e-12 -3.08411e-13 -8.40658e-14 -1.25684e-15 -6.15137e-13  2.25289e-12 -1.35847e-13  2.47436e-12 -7.19906e-12  1.98309e-11   3.5174e-13 -2.76498e-13
-3.22175e-14  1.28909e-13 -8.51711e-14 -3.08411e-13  2.25536e-12 -1.55325e-12   6.9293e-13 -1.06042e-14 -1.43756e-13 -2.69195e-12  -1.1877e-13  4.56964e-13 -1.21596e-12  5.70183e-12 -5.63536e-12
-3.87605e-16  4.21591e-15  5.61858e-13 -8.40658e-14 -1.55325e-12   5.2173e-12 -1.77588e-12  1.14843e-13  1.34699e-15  5.37983e-12 -8.54442e-14 -8.17582e-15  2.39743e-14  2.29486e-12  1.40618e-11
 4.69336e-16 -1.87542e-15 -2.07721e-13 -1.25685e-15   6.9293e-13 -1.77588e-12  8.39879e-13   2.0526e-15  1.87022e-15 -2.47062e-12 -1.21623e-13 -7.93725e-15  1.20962e-13 -1.31899e-12 -4.51594e-12
   4.736e-15 -1.09158e-16   1.2745e-14 -6.15137e-13 -1.06042e-14  1.14843e-13   2.0526e-15  8.76027e-13  3.90497e-14   1.1681e-13  -2.5575e-12 -1.82785e-13  1.88444e-12  9.07994e-14  2.01189e-13
 2.36981e-13 -1.26263e-14   1.1877e-17  2.25289e-12 -1.43756e-13  1.34699e-15  1.87023e-15  3.90497e-14  1.07283e-12  1.97474e-15 -1.57101e-13 -3.38641e-12  6.31913e-12  5.75002e-15  3.73318e-15
-7.10191e-16   7.1635e-15   4.1738e-13 -1.35847e-13 -2.69195e-12  5.37984e-12 -2.47062e-12   1.1681e-13  1.97474e-15  9.06069e-12 -1.04101e-14 -1.22214e-14 -2.11599e-13 -2.46856e-12  1.73803e-11
-1.89065e-14  8.60778e-16  -1.3101e-14  2.47436e-12  -1.1877e-13 -8.54441e-14 -1.21623e-13  -2.5575e-12 -1.57101e-13 -1.04102e-14   9.5576e-12  7.35993e-13  1.71164e-12 -1.63643e-13  5.33393e-14
-5.30822e-13  3.31716e-14 -1.59965e-16 -7.19906e-12  4.56964e-13 -8.17584e-15 -7.93725e-15 -1.82786e-13 -3.38641e-12 -1.22214e-14  7.35994e-13  1.26395e-11  -2.4343e-11 -3.50488e-14 -2.39295e-14
 9.95934e-13  -6.3722e-14 -8.42711e-15  1.98309e-11 -1.21596e-12  2.39744e-14  1.20962e-13  1.88444e-12  6.31913e-12 -2.11599e-13  1.71164e-12  -2.4343e-11  1.01388e-10  1.66725e-13 -3.18821e-13
 5.69064e-15  1.75657e-13  1.20909e-12   3.5174e-13  5.70183e-12  2.29486e-12 -1.31899e-12  9.07994e-14  5.75002e-15 -2.46856e-12 -1.63643e-13 -3.50487e-14  1.66725e-13  4.55927e-11 -1.06498e-11
-1.55511e-15  1.50226e-14  7.71523e-13 -2.76498e-13 -5.63535e-12  1.40618e-11 -4.51594e-12  2.01189e-13  3.73318e-15  1.73803e-11  5.33392e-14 -2.39295e-14 -3.18822e-13 -1.06498e-11  5.12626e-11
Matrix: 
 2.65555e-13 -4.71028e-15   -2.369e-17  5.98353e-13 -3.56657e-14 -2.38895e-16  4.59941e-16  4.88246e-15  2.27759e-13 -4.34035e-16 -1.78503e-14 -4.75084e-13  8.64109e-13  6.17262e-15 -9.62603e-16
-4.71028e-15  1.78099e-13  2.98742e-16 -2.92378e-14  1.26746e-13  4.32011e-15 -1.90328e-15 -1.59845e-16 -1.41386e-14  6.57228e-15  1.03904e-15  3.39278e-14 -6.33631e-14  1.48721e-13  1.37792e-14
  -2.369e-17  2.98752e-16  2.60814e-13 -4.14437e-15 -8.13025e-14  5.28905e-13 -1.93451e-13  1.37943e-14  7.10348e-17  3.54278e-13 -1.27839e-14 -3.67659e-16 -7.30836e-15   1.1922e-12  6.24787e-13
 5.98353e-13 -2.92378e-14 -4.14437e-15  6.03069e-12 -2.98845e-13 -7.84213e-14 -1.10534e-15 -4.91415e-13  1.88087e-12 -1.14449e-13  1.80456e-12 -5.41757e-12  1.49804e-11  3.16841e-13 -2.34192e-13
-3.56657e-14  1.26746e-13 -8.13026e-14 -2.98845e-13  1.99897e-12 -1.28401e-12  5.69019e-13 -1.12822e-14 -1.39446e-13 -2.00135e-12 -9.86555e-14  4.00936e-13 -1.07031e-12  4.44362e-12 -4.17753e-12
-2.38895e-16  4.32026e-15  5.28905e-13 -7.84213e-14 -1.28401e-12  4.21381e-12 -1.39819e-12  1.04908e-13  2.29586e-15  3.75289e-12 -7.44509e-14   -1.085e-14  2.77546e-14   2.5557e-12  9.87226e-12
 4.59939e-16 -1.90334e-15 -1.93451e-13 -1.10534e-15  5.69019e-13 -1.39819e-12  6.66931e-13   2.8202e-15  1.71004e-15 -1.73159e-12 -9.80598e-14 -7.13351e-15  1.47679e-13 -1.41457e-12 -3.03238e-12
 4.88244e-15 -1.59843e-16  1.37943e-14 -4.91415e-13 -1.12822e-14  1.04908e-13   2.8202e-15  7.09473e-13  3.70799e-14  9.20231e-14  -1.8142e-12 -1.62156e-13  2.03511e-12  1.10797e-13  1.48638e-13
 2.27759e-13 -1.41386e-14  7.10347e-17  1.88087e-12 -1.39446e-13  2.29586e-15  1.71004e-15    3.708e-14  9.00925e-13  3.07495e-15  -1.3682e-13  -2.5679e-12  4.67217e-12  2.80385e-15  6.19202e-15
-4.34035e-16  6.57251e-15  3.54278e-13 -1.14449e-13 -2.00135e-12  3.75289e-12 -1.73159e-12  9.20231e-14  3.07495e-15  5.72677e-12 -7.88833e-15 -1.45376e-14 -2.03642e-13 -8.84362e-13  1.05226e-11
-1.78502e-14  1.03905e-15 -1.27839e-14  1.80456e-12 -9.86556e-14 -7.44508e-14 -9.80598e-14  -1.8142e-12  -1.3682e-13 -7.88834e-15  6.10499e-12  5.98908e-13  1.20353e-13 -1.56957e-13   4.0451e-14
-4.75084e-13  3.39278e-14  -3.6766e-16 -5.41757e-12  4.00936e-13   -1.085e-14 -7.13352e-15 -1.62157e-13  -2.5679e-12 -1.45377e-14  5.98909e-13  8.69881e-12 -1.62624e-11 -1.48987e-14 -2.94734e-14
 8.64109e-13 -6.33631e-14 -7.30835e-15  1.49804e-11 -1.07031e-12  2.77547e-14  1.47679e-13  2.03511e-12  4.67217e-12 -2.03642e-13  1.20351e-13 -1.62624e-11  7.66868e-11  1.28172e-13 -3.35905e-13
 6.17262e-15  1.48722e-13   1.1922e-12  3.16841e-13  4.44362e-12   2.5557e-12 -1.41457e-12  1.10797e-13  2.80385e-15 -8.84362e-13 -1.56957e-13 -1.48987e-14  1.28172e-13  3.71211e-11 -6.63667e-12
-9.62601e-16  1.37797e-14  6.24786e-13 -2.34192e-13 -4.17753e-12  9.87226e-12 -3.03238e-12  1.48638e-13  6.19202e-15  1.05226e-11  4.04509e-14 -2.94733e-14 -3.35906e-13 -6.63666e-12  3.23642e-11
Matrix: 
  2.6314e-13 -5.69226e-15 -1.69163e-17  5.78765e-13 -3.90165e-14 -9.34423e-17  4.38974e-16  4.80152e-15  2.19443e-13 -2.12136e-16  -1.6312e-14 -4.32098e-13  7.65726e-13  6.32575e-15 -4.77998e-16
-5.69226e-15  1.72315e-13  3.24744e-16  -3.2283e-14  1.25285e-13  4.14399e-15 -1.81281e-15 -2.07474e-16 -1.56101e-14  5.73173e-15  1.16114e-15  3.48057e-14 -6.33914e-14  1.28905e-13  1.20003e-14
-1.69162e-17  3.24752e-16  2.57149e-13 -4.40599e-15 -7.72216e-14  5.00298e-13 -1.81143e-13  1.47736e-14  1.15774e-16  3.07924e-13  -1.2551e-14   -4.822e-16 -6.59123e-15  1.16964e-12  5.19566e-13
 5.78765e-13  -3.2283e-14 -4.40599e-15  5.26703e-12 -2.92944e-13 -7.43309e-14 -6.81372e-16 -4.03202e-13  1.61687e-12 -9.97557e-14  1.37023e-12 -4.26768e-12  1.18546e-11  2.92473e-13 -2.04583e-13
-3.90165e-14  1.25285e-13 -7.72216e-14 -2.92944e-13  1.81099e-12  -1.0824e-12  4.78065e-13 -1.16634e-14 -1.36954e-13 -1.54341e-12 -8.44936e-14  3.61727e-13  -9.6919e-13  3.62054e-12 -3.20464e-12
-9.34415e-17  4.14411e-15  5.00298e-13 -7.43309e-14  -1.0824e-12  3.51835e-12  -1.1395e-12  9.75699e-14   2.8082e-15  2.75756e-12 -6.62601e-14 -1.15357e-14  2.65283e-14  2.64166e-12  7.29907e-12
 4.38972e-16 -1.81286e-15 -1.81143e-13 -6.81376e-16  4.78065e-13  -1.1395e-12  5.50069e-13  3.73698e-15  1.63565e-15 -1.28482e-12 -8.31064e-14 -6.80581e-15  1.73186e-13 -1.43219e-12 -2.14393e-12
  4.8015e-15 -2.07472e-16  1.47736e-14 -4.03202e-13 -1.16634e-14  9.75699e-14  3.73698e-15  5.98641e-13  3.41489e-14  7.54629e-14 -1.36597e-12 -1.41252e-13  2.09811e-12  1.27307e-13  1.12924e-13
 2.19443e-13 -1.56101e-14  1.15773e-16  1.61687e-12 -1.36954e-13   2.8082e-15  1.63565e-15  3.41489e-14  7.79657e-13  3.42077e-15 -1.17296e-13 -2.04159e-12  3.62065e-12  3.45561e-16  7.06647e-15
-2.12135e-16   5.7319e-15  3.07924e-13 -9.97557e-14 -1.54341e-12  2.75756e-12 -1.28482e-12  7.54629e-14  3.42077e-15  3.90428e-12 -5.42207e-15 -1.39445e-14 -2.05088e-13 -4.17254e-14  6.79315e-12
 -1.6312e-14  1.16114e-15  -1.2551e-14  1.37023e-12 -8.44936e-14 -6.62601e-14 -8.31064e-14 -1.36597e-12 -1.17296e-13 -5.42208e-15  4.20551e-12  4.85697e-13 -7.21796e-13 -1.53377e-13    3.408e-14
-4.32098e-13  3.48057e-14 -4.82201e-16 -4.26768e-12  3.61727e-13 -1.15358e-14 -6.80582e-15 -1.41253e-13 -2.04159e-12 -1.39445e-14  4.85697e-13  6.38462e-12 -1.15449e-11 -2.46033e-15 -2.88222e-14
 7.65726e-13 -6.33914e-14 -6.59122e-15  1.18546e-11 -9.69189e-13  2.65285e-14  1.73186e-13  2.09811e-12  3.62065e-12 -2.05088e-13 -7.21798e-13 -1.15449e-11  6.19351e-11  1.07215e-13 -3.58309e-13
 6.32575e-15  1.28905e-13  1.16964e-12  2.92473e-13  3.62054e-12  2.64166e-12 -1.43219e-12  1.27307e-13  3.45563e-16 -4.17252e-14 -1.53377e-13 -2.46031e-15  1.07215e-13  3.15975e-11 -4.32305e-12
-4.77995e-16  1.20006e-14  5.19566e-13 -2.04583e-13 -3.20464e-12  7.29907e-12 -2.14393e-12  1.12924e-13  7.06647e-15  6.79315e-12  3.40799e-14 -2.88222e-14  -3.5831e-13 -4.32304e-12  2.18565e-11
Matrix: 
  2.6154e-13  -6.6813e-15 -9.98009e-18  5.61011e-13  -4.2221e-14  2.01958e-17   4.1808e-16  4.56954e-15  2.11833e-13 -6.35604e-17 -1.45937e-14 -3.97691e-13  6.89614e-13  6.38999e-15 -1.48021e-16
 -6.6813e-15  1.68451e-13  3.29803e-16 -3.51975e-14  1.24342e-13  3.76805e-15 -1.64131e-15 -2.49771e-16 -1.70294e-14  4.79559e-15  1.23231e-15  3.57187e-14 -6.36223e-14  1.13912e-13  1.00142e-14
-9.97997e-18   3.2981e-16   2.5436e-13 -4.67468e-15 -7.32037e-14  4.75396e-13 -1.70485e-13  1.56863e-14  1.49178e-16  2.72948e-13 -1.23357e-14  -5.4566e-16  -6.1296e-15   1.1439e-12  4.42311e-13
 5.61011e-13 -3.51975e-14 -4.67468e-15  4.69192e-12 -2.89143e-13 -7.12317e-14 -1.57477e-16 -3.38792e-13  1.42037e-12 -8.92826e-14  1.07658e-12 -3.47937e-12  9.71642e-12  2.75406e-13 -1.82667e-13
 -4.2221e-14  1.24342e-13 -7.32037e-14 -2.89143e-13  1.66706e-12 -9.26839e-13  4.09407e-13 -1.17916e-14 -1.35504e-13 -1.22646e-12 -7.43656e-14  3.32754e-13 -8.95227e-13  3.05066e-12 -2.52603e-12
 2.01969e-17  3.76814e-15  4.75396e-13 -7.12317e-14 -9.26838e-13  3.01587e-12 -9.55014e-13  9.20272e-14  3.05127e-15  2.11378e-12 -5.98462e-14 -1.13577e-14  2.31662e-14  2.64627e-12  5.62584e-12
 4.18079e-16 -1.64135e-15 -1.70485e-13 -1.57481e-16  4.09407e-13 -9.55014e-13  4.67845e-13  4.76664e-15  1.58069e-15 -9.99178e-13 -7.35103e-14 -6.54673e-15  1.97565e-13 -1.41457e-12 -1.58176e-12
 4.56953e-15 -2.49769e-16  1.56863e-14 -3.38792e-13 -1.17916e-14  9.20272e-14  4.76663e-15   5.2195e-13  3.07566e-14   6.4079e-14 -1.08046e-12 -1.21536e-13  2.11922e-12  1.41465e-13  8.75954e-14
 2.11833e-13 -1.70294e-14  1.49178e-16  1.42037e-12 -1.35504e-13  3.05127e-15   1.5807e-15  3.07567e-14  6.89752e-13  3.41863e-15 -9.95032e-14 -1.68135e-12  2.90604e-12 -1.45415e-15  7.17744e-15
-6.35588e-17  4.79571e-15  2.72948e-13 -8.92826e-14 -1.22646e-12  2.11378e-12 -9.99178e-13  6.40789e-14  3.41863e-15   2.8358e-12 -3.23437e-15 -1.25622e-14 -2.09645e-13  4.29915e-13   4.6205e-12
-1.45936e-14  1.23231e-15 -1.23357e-14  1.07658e-12 -7.43656e-14 -5.98462e-14 -7.35103e-14 -1.08046e-12 -9.95031e-14 -3.23438e-15  3.08522e-12  3.93629e-13 -1.19523e-12 -1.51144e-13   3.1178e-14
-3.97691e-13  3.57187e-14 -5.45661e-16 -3.47937e-12  3.32754e-13 -1.13577e-14 -6.54673e-15 -1.21536e-13 -1.68135e-12 -1.25622e-14   3.9363e-13   4.9206e-12  -8.5806e-12  5.05512e-15 -2.63375e-14
 6.89614e-13 -6.36223e-14  -6.1296e-15  9.71642e-12 -8.95227e-13  2.31663e-14  1.97565e-13  2.11922e-12  2.90604e-12 -2.09645e-13 -1.19523e-12  -8.5806e-12  5.24773e-11  9.69669e-14 -3.79506e-13
 6.38999e-15  1.13912e-13   1.1439e-12  2.75406e-13  3.05066e-12  2.64627e-12 -1.41457e-12  1.41465e-13 -1.45415e-15  4.29915e-13 -1.51145e-13  5.05513e-15  9.69669e-14  2.77472e-11 -2.89167e-12
-1.48017e-16  1.00144e-14  4.42311e-13 -1.82667e-13 -2.52602e-12  5.62584e-12 -1.58176e-12  8.75954e-14  7.17743e-15   4.6205e-12   3.1178e-14 -2.63375e-14 -3.79507e-13 -2.89166e-12  1.55807e-11
Matrix: 
 2.60315e-13 -7.66481e-15  -4.0698e-18  5.44795e-13  -4.5266e-14  9.72443e-17  3.99695e-16  4.24335e-15  2.04827e-13  2.39347e-17 -1.28622e-14 -3.69372e-13  6.28982e-13  6.45727e-15  5.08453e-17
-7.66481e-15  1.65852e-13  3.16055e-16 -3.79765e-14  1.23798e-13   3.2643e-15 -1.42033e-15 -2.84944e-16 -1.83933e-14  3.85943e-15  1.25842e-15  3.66285e-14 -6.39665e-14  1.02333e-13  8.02804e-15
-4.06966e-18  3.16061e-16  2.52041e-13 -4.94812e-15 -6.94071e-14  4.53723e-13 -1.61248e-13  1.65434e-14  1.74528e-16   2.4598e-13 -1.21195e-14 -5.81972e-16 -5.83717e-15  1.11689e-12  3.84466e-13
 5.44795e-13 -3.79765e-14 -4.94812e-15  4.24487e-12 -2.86749e-13  -6.8849e-14  3.62458e-16  -2.9113e-13  1.26896e-12 -8.16751e-14  8.72131e-13 -2.91419e-12  8.18813e-12   2.6354e-13 -1.65896e-13
 -4.5266e-14  1.23798e-13 -6.94071e-14 -2.86749e-13   1.5539e-12  -8.0442e-13   3.5665e-13 -1.17124e-14  -1.3474e-13 -1.00023e-12 -6.71553e-14  3.10629e-13 -8.39544e-13  2.63987e-12 -2.03709e-12
 9.72457e-17  3.26437e-15  4.53723e-13  -6.8849e-14  -8.0442e-13  2.64163e-12 -8.19474e-13  8.78482e-14  3.13283e-15  1.67934e-12 -5.47259e-14  -1.0822e-14  1.89391e-14  2.61319e-12  4.48923e-12
 3.99694e-16 -1.42036e-15 -1.61248e-13  3.62454e-16   3.5665e-13 -8.19474e-13  4.08264e-13  5.87891e-15  1.51088e-15 -8.08575e-13 -6.74601e-14 -6.21742e-15  2.20976e-13 -1.38145e-12 -1.21077e-12
 4.24335e-15 -2.84942e-16  1.65434e-14  -2.9113e-13 -1.17124e-14  8.78482e-14   5.8789e-15  4.67347e-13  2.72105e-14  5.61638e-14 -8.90914e-13 -1.03593e-13   2.1196e-12  1.53953e-13   6.9186e-14
 2.04827e-13 -1.83933e-14  1.74528e-16  1.26896e-12  -1.3474e-13  3.13284e-15  1.51088e-15  2.72105e-14  6.20643e-13  3.26762e-15 -8.37077e-14   -1.423e-12  2.39722e-12 -2.72625e-15  6.93986e-15
 2.39364e-17  3.85952e-15   2.4598e-13 -8.16751e-14 -1.00023e-12  1.67934e-12 -8.08575e-13  5.61638e-14  3.26762e-15  2.17446e-12  -1.3555e-15 -1.11071e-14 -2.14957e-13  7.01942e-13  3.28544e-12
-1.28622e-14  1.25843e-15 -1.21195e-14  8.72131e-13 -6.71553e-14 -5.47258e-14 -6.74601e-14 -8.90914e-13 -8.37076e-14 -1.35551e-15  2.38819e-12  3.19024e-13 -1.47305e-12 -1.49557e-13   2.9967e-14
-3.69372e-13  3.66285e-14 -5.81973e-16 -2.91419e-12  3.10629e-13  -1.0822e-14 -6.21742e-15 -1.03593e-13   -1.423e-12 -1.11071e-14  3.19025e-13  3.94071e-12 -6.61177e-12  9.62253e-15 -2.35449e-14
 6.28982e-13 -6.39665e-14 -5.83717e-15  8.18813e-12 -8.39544e-13  1.89392e-14  2.20976e-13   2.1196e-12  2.39722e-12 -2.14957e-13 -1.47305e-12 -6.61177e-12  4.60886e-11  9.27876e-14 -3.98036e-13
 6.45727e-15  1.02333e-13  1.11689e-12   2.6354e-13  2.63987e-12  2.61319e-12 -1.38145e-12  1.53953e-13 -2.72625e-15  7.01943e-13 -1.49557e-13  9.62254e-15  9.27876e-14  2.49357e-11 -1.95752e-12
  5.0849e-17  8.02821e-15  3.84466e-13 -1.65896e-13 -2.03708e-12  4.48923e-12 -1.21077e-12   6.9186e-14  6.93985e-15  3.28544e-12  2.99669e-14 -2.35448e-14 -3.98036e-13 -1.95751e-12   1.1618e-11
Matrix: 
 2.59248e-13 -8.63448e-15  2.62781e-19  5.29927e-13 -4.81561e-14  1.40845e-16   3.8325e-16  3.86073e-15  1.98365e-13   6.6256e-17 -1.11975e-14 -3.45568e-13  5.79516e-13  6.56074e-15  1.52015e-16
-8.63448e-15   1.6411e-13   2.8675e-16 -4.06256e-14  1.23568e-13  2.69168e-15 -1.17446e-15 -3.11585e-16 -1.97035e-14  2.97854e-15   1.2451e-15  3.75205e-14 -6.43821e-14  9.32523e-14  6.16321e-15
  2.6293e-19  2.86755e-16  2.49997e-13 -5.22657e-15 -6.59115e-14  4.34885e-13 -1.53241e-13  1.73588e-14  1.93969e-16  2.24821e-13 -1.19014e-14 -6.02856e-16  -5.6648e-15  1.08999e-12  3.40422e-13
 5.29927e-13 -4.06256e-14 -5.22657e-15  3.88947e-12 -2.85432e-13   -6.705e-14  8.26974e-16 -2.55614e-13  1.14924e-12 -7.61507e-14  7.26696e-13 -2.49485e-12  7.05918e-12  2.55558e-13 -1.52859e-13
-4.81561e-14  1.23568e-13 -6.59115e-14 -2.85432e-13   1.4635e-12 -7.06708e-13  3.15616e-13  -1.1465e-14 -1.34482e-13  -8.3496e-13 -6.21536e-14  2.93399e-13 -7.97092e-13  2.33496e-12 -1.67581e-12
 1.40846e-16  2.69173e-15  4.34885e-13   -6.705e-14 -7.06708e-13  2.35635e-12 -7.17593e-13  8.47605e-14  3.11439e-15  1.37614e-12 -5.06025e-14 -1.01445e-14  1.44033e-14  2.56415e-12  3.68968e-12
 3.83249e-16 -1.17449e-15 -1.53241e-13   8.2697e-16  3.15616e-13 -7.17593e-13  3.64115e-13  7.04891e-15  1.41326e-15 -6.77012e-13 -6.38626e-14  -5.7914e-15  2.43609e-13 -1.34253e-12 -9.57539e-13
 3.86073e-15 -3.11584e-16  1.73588e-14 -2.55614e-13  -1.1465e-14  8.47605e-14  7.04891e-15    4.276e-13  2.36926e-14  5.06806e-14 -7.60897e-13 -8.75753e-14  2.10967e-12  1.65236e-13  5.56127e-14
 1.98365e-13 -1.97035e-14  1.93969e-16  1.14924e-12 -1.34482e-13  3.11439e-15  1.41326e-15  2.36926e-14  5.66054e-13  3.05666e-15 -6.98607e-14 -1.23095e-12  2.02175e-12 -3.61392e-15  6.54657e-15
 6.62576e-17   2.9786e-15  2.24821e-13 -7.61507e-14  -8.3496e-13  1.37614e-12 -6.77012e-13  5.06806e-14  3.05666e-15   1.7469e-12  2.41667e-16 -9.78123e-15 -2.20197e-13  8.60922e-13    2.429e-12
-1.11974e-14  1.24511e-15 -1.19014e-14  7.26697e-13 -6.21536e-14 -5.06025e-14 -6.38626e-14 -7.60897e-13 -6.98606e-14  2.41661e-16  1.93564e-12  2.58455e-13 -1.64101e-12 -1.48335e-13  2.95435e-14
-3.45568e-13  3.75205e-14 -6.02857e-16 -2.49485e-12  2.93399e-13 -1.01446e-14 -5.79141e-15 -8.75754e-14 -1.23095e-12 -9.78124e-15  2.58455e-13   3.2554e-12 -5.24665e-12  1.24087e-14 -2.09111e-14
 5.79516e-13 -6.43821e-14  -5.6648e-15  7.05918e-12 -7.97092e-13  1.44034e-14  2.43609e-13  2.10967e-12  2.02175e-12 -2.20197e-13 -1.64101e-12 -5.24665e-12  4.16003e-11   9.1994e-14 -4.13988e-13
 6.56074e-15  9.32524e-14  1.08999e-12  2.55558e-13  2.33496e-12  2.56414e-12 -1.34253e-12  1.65236e-13 -3.61392e-15  8.60922e-13 -1.48335e-13  1.24087e-14   9.1994e-14  2.28143e-11 -1.32166e-12
 1.52018e-16  6.16333e-15  3.40422e-13 -1.52859e-13 -1.67581e-12  3.68968e-12 -9.57539e-13  5.56128e-14  6.54657e-15    2.429e-12  2.95435e-14  -2.0911e-14 -4.13988e-13 -1.32165e-12    9.001e-12
Matrix: 
 2.58237e-13 -9.58536e-15  2.78123e-18  5.16272e-13 -5.09042e-14  1.55933e-16  3.67439e-16  3.44535e-15  1.92402e-13  7.61842e-17 -9.62977e-15 -3.25241e-13  5.38381e-13   6.7104e-15  1.83201e-16
-9.58536e-15  1.62958e-13  2.45556e-16 -4.31562e-14   1.2359e-13  2.09534e-15 -9.21672e-16 -3.28639e-16 -2.09644e-14  2.18136e-15  1.19739e-15  3.83922e-14 -6.48533e-14  8.60444e-14  4.48321e-15
 2.78138e-18   2.4556e-16  2.48138e-13 -5.51236e-15 -6.27482e-14  4.18542e-13 -1.46307e-13   1.8146e-14  2.08595e-16  2.07987e-13 -1.16858e-14 -6.13319e-16 -5.58398e-15  1.06412e-12  3.06392e-13
 5.16272e-13 -4.31562e-14 -5.51236e-15  3.60235e-12 -2.85024e-13 -6.57665e-14  1.21569e-15 -2.29088e-13   1.0527e-12 -7.22237e-14  6.21613e-13 -2.17527e-12  6.20406e-12  2.50621e-13 -1.42691e-13
-5.09042e-14   1.2359e-13 -6.27482e-14 -2.85024e-13  1.39062e-12 -6.27862e-13  2.83423e-13  -1.1082e-14 -1.34633e-13 -7.11982e-13 -5.88777e-14  2.79844e-13 -7.64776e-13  2.10367e-12 -1.40334e-12
 1.55934e-16  2.09538e-15  4.18542e-13 -6.57665e-14 -6.27862e-13  2.13484e-12 -6.39606e-13  8.25728e-14  3.02943e-15  1.15866e-12 -4.72668e-14 -9.41281e-15  9.80117e-15  2.51028e-12  3.11084e-12
 3.67438e-16 -9.21688e-16 -1.46307e-13  1.21569e-15  2.83423e-13 -6.39606e-13  3.30829e-13  8.25626e-15  1.28608e-15 -5.83667e-13 -6.20188e-14 -5.28245e-15  2.65634e-13 -1.30272e-12 -7.79815e-13
 3.44535e-15 -3.28638e-16   1.8146e-14 -2.29088e-13  -1.1082e-14  8.25728e-14  8.25626e-15  3.98147e-13  2.03066e-14  4.69632e-14 -6.69317e-13 -7.34275e-14  2.09483e-12  1.75657e-13  4.55323e-14
 1.92402e-13 -2.09644e-14  2.08595e-16   1.0527e-12 -1.34633e-13  3.02944e-15  1.28608e-15  2.03066e-14  5.22025e-13  2.82254e-15 -5.77872e-14 -1.08413e-12   1.7369e-12  -4.2243e-15  6.08267e-15
 7.61857e-17   2.1814e-15  2.07987e-13 -7.22238e-14 -7.11982e-13  1.15866e-12 -5.83667e-13  4.69632e-14  2.82254e-15  1.46042e-12  1.59577e-15 -8.61214e-15 -2.25109e-13  9.53529e-13  1.85965e-12
-9.62976e-15  1.19739e-15 -1.16858e-14  6.21613e-13 -5.88778e-14 -4.72668e-14 -6.20188e-14 -6.69317e-13 -5.77871e-14  1.59577e-15  1.63144e-12  2.09055e-13 -1.74445e-12 -1.47367e-13  2.94653e-14
-3.25241e-13  3.83922e-14 -6.13319e-16 -2.17527e-12  2.79844e-13 -9.41282e-15 -5.28246e-15 -7.34276e-14 -1.08413e-12 -8.61215e-15  2.09055e-13  2.75906e-12 -4.26748e-12  1.40836e-14 -1.85321e-14
 5.38381e-13 -6.48533e-14 -5.58398e-15  6.20406e-12 -7.64776e-13  9.80125e-15  2.65634e-13  2.09483e-12   1.7369e-12 -2.25109e-13 -1.74445e-12 -4.26748e-12  3.83516e-11  9.30754e-14 -4.27822e-13
  6.7104e-15  8.60444e-14  1.06412e-12  2.50621e-13  2.10367e-12  2.51028e-12 -1.30272e-12  1.75657e-13  -4.2243e-15  9.53529e-13 -1.47367e-13  1.40836e-14  9.30754e-14  2.11752e-11  -8.7375e-13
 1.83204e-16   4.4833e-15  3.06392e-13 -1.42691e-13 -1.40334e-12  3.11084e-12 -7.79816e-13  4.55323e-14  6.08267e-15  1.85965e-12  2.94652e-14  -1.8532e-14 -4.27822e-13 -8.73746e-13  7.20714e-12
Matrix: 
 2.57236e-13 -1.05149e-14  3.39752e-18  5.03726e-13 -5.35266e-14  1.47134e-16  3.51005e-16  3.01189e-15  1.86905e-13  6.26959e-17 -8.16512e-15 -3.07675e-13  5.03659e-13  6.90761e-15  1.64313e-16
-1.05149e-14  1.62219e-13    1.961e-16 -4.55836e-14  1.23817e-13  1.50795e-15 -6.74342e-16 -3.35412e-16  -2.2182e-14   1.4793e-15  1.11972e-15  3.92474e-14  -6.5379e-14  8.02686e-14  3.01396e-15
 3.39767e-18  1.96103e-16  2.46426e-13 -5.80878e-15 -5.99203e-14  4.04395e-13 -1.40308e-13  1.89176e-14  2.18808e-16  1.94443e-13 -1.14778e-14 -6.15082e-16 -5.57686e-15  1.03988e-12  2.79764e-13
 5.03726e-13 -4.55836e-14 -5.80878e-15  3.36768e-12  -2.8544e-13  -6.4957e-14  1.52476e-15 -2.09308e-13  9.73669e-13 -6.95689e-14  5.44835e-13 -1.92653e-12  5.54394e-12   2.4817e-13 -1.34817e-13
-5.35266e-14  1.23817e-13 -5.99203e-14  -2.8544e-13  1.33163e-12 -5.63681e-13  2.58007e-13 -1.05905e-14 -1.35137e-13 -6.19126e-13 -5.69813e-14  2.69159e-13 -7.40592e-13  1.92532e-12 -1.19431e-12
 1.47135e-16  1.50798e-15  4.04395e-13  -6.4957e-14  -5.6368e-13  1.96026e-12 -5.79017e-13   8.1141e-14  2.89608e-15  9.99093e-13 -4.45613e-14 -8.65953e-15   5.2396e-15  2.45731e-12  2.68155e-12
 3.51004e-16 -6.74354e-16 -1.40308e-13  1.52476e-15  2.58007e-13 -5.79017e-13  3.05391e-13  9.48449e-15  1.13267e-15 -5.15916e-13 -6.14626e-14 -4.71479e-15  2.87189e-13  -1.2645e-12 -6.52122e-13
 3.01189e-15 -3.35411e-16  1.89176e-14 -2.09308e-13 -1.05904e-14   8.1141e-14  9.48449e-15  3.75995e-13  1.71083e-14  4.45649e-14 -6.03381e-13 -6.10031e-14  2.07789e-12  1.85469e-13  3.80368e-14
 1.86905e-13  -2.2182e-14  2.18809e-16  9.73669e-13 -1.35137e-13  2.89608e-15  1.13268e-15  1.71083e-14  4.85934e-13    2.579e-15 -4.72758e-14 -9.69335e-13   1.5161e-12 -4.63064e-15  5.58385e-15
