Matrix: 
  1.0081e-06            0            0        9e-08            0            0            0            0            0            0            0            0            0            0            0
           0   1.0081e-06            0            0        9e-08            0            0            0            0            0            0            0            0            0            0
           0            0   1.0081e-06            0            0        9e-08            0            0            0            0            0            0            0            0            0
       9e-08            0            0   1.7852e-06  2.01868e-12 -1.62224e-08            0 -8.81536e-07 -1.09697e-10            0            0            0  8.99984e-08  5.31801e-10  9.94544e-14
           0        9e-08            0  2.01868e-12  1.78554e-06  9.67014e-11  8.81536e-07            0 -1.84024e-08            0            0            0 -5.31801e-10  8.99984e-08 -9.82437e-14
           0            0        9e-08 -1.62224e-08  9.67014e-11  1.00844e-06  1.09697e-10  1.84024e-08            0            0            0            0 -1.00033e-13  9.76543e-14        9e-08
           0            0            0            0  8.81536e-07  1.09697e-10   1.0081e-06 -1.30671e-26 -1.57772e-30 -8.99984e-08 -5.31801e-10 -9.94544e-14            0            0            0
           0            0            0 -8.81536e-07            0  1.84024e-08 -6.60471e-27   1.0081e-06 -1.57772e-30  5.31801e-10 -8.99984e-08  9.82437e-14            0            0            0
           0            0            0 -1.09697e-10 -1.84024e-08            0 -1.50463e-36            0   1.0081e-06  1.00033e-13 -9.76543e-14       -9e-08            0            0            0
           0            0            0            0            0            0 -8.99984e-08  5.31801e-10  1.00033e-13        1e-06            0            0            0            0            0
           0            0            0            0            0            0 -5.31801e-10 -8.99984e-08 -9.76543e-14            0        1e-06            0            0            0            0
           0            0            0            0            0            0 -9.94544e-14  9.82437e-14       -9e-08            0            0        1e-06            0            0            0
           0            0            0  8.99984e-08 -5.31801e-10 -1.00033e-13            0            0            0            0            0            0        1e-06            0            0
           0            0            0  5.31801e-10  8.99984e-08  9.76543e-14            0            0            0            0            0            0            0        1e-06            0
           0            0            0  9.94544e-14 -9.82437e-14        9e-08            0            0            0            0            0            0            0            0        1e-06
Matrix: 
    6.55e-13 -2.36151e-16 -8.28129e-22  5.53908e-13 -8.14539e-15  1.33986e-19  1.25077e-17  3.52555e-15  2.01778e-13  3.40131e-16 -3.87876e-14 -1.96472e-14  4.43566e-14   3.8894e-16  5.83034e-18
-2.36151e-16  6.15006e-13 -2.83247e-20 -2.61534e-15  1.10504e-13 -2.58718e-19 -3.97962e-16 -1.59357e-17   -1.183e-15  4.37666e-15  2.29031e-16  2.45979e-17 -2.61915e-16  5.00505e-15 -6.79372e-20
 -8.2811e-22 -2.83208e-20  6.54973e-13 -1.13651e-15 -1.94325e-13  5.53977e-13 -2.03146e-13  1.14586e-15   2.8832e-17  3.46855e-14  8.09902e-16 -3.14039e-16  5.64953e-18  1.72052e-14  4.46342e-14
 5.53905e-13 -2.61534e-15 -1.13651e-15  9.92661e-09 -9.02768e-14  -4.9863e-14  1.33333e-17 -7.13299e-11  2.21027e-12 -9.49585e-12  7.73882e-10 -1.95417e-14  1.09107e-07  1.33868e-09  9.93953e-12
-8.14539e-15  1.10514e-13 -1.94325e-13 -9.02768e-14  9.92169e-09 -2.15443e-12  7.13646e-11 -4.12715e-16  -1.5167e-12 -7.74265e-10 -9.49378e-12  1.61645e-11 -1.33868e-09  1.09106e-07 -1.39034e-11
 1.33988e-19 -2.58687e-19  5.53992e-13  -4.9863e-14 -2.15443e-12  9.92516e-09 -2.22554e-12  1.51623e-12    3.204e-16  2.88189e-13 -1.62296e-11 -1.46951e-15 -1.03352e-11  1.37795e-11   1.0911e-07
 1.25077e-17 -3.97962e-16 -2.03146e-13  1.33333e-17  7.13646e-11 -2.22554e-12  9.85914e-09 -1.60192e-16   1.2903e-12 -1.08431e-07 -1.33039e-09 -2.41853e-11  -9.4984e-12  7.74102e-10 -2.82477e-15
 3.52555e-15 -1.59357e-17  1.14586e-15 -7.13299e-11 -4.12715e-16  1.51623e-12 -1.60192e-16  9.85912e-09 -7.71689e-15  1.33039e-09 -1.08431e-07  1.38851e-11 -7.74101e-10 -9.49634e-12  1.61603e-11
 2.01778e-13   -1.183e-15   2.8832e-17  2.21027e-12  -1.5167e-12    3.204e-16   1.2903e-12 -7.71689e-15  9.92065e-09 -3.97254e-12 -1.36781e-11 -1.09116e-07   1.0209e-13 -1.62329e-11  2.06741e-15
 3.40131e-16  4.37666e-15  3.46855e-14 -9.49585e-12 -7.74265e-10  2.88189e-13 -1.08431e-07  1.33039e-09 -3.97254e-12  1.19283e-06  3.52562e-16  1.55464e-10  3.13581e-16 -8.51673e-09  3.43364e-14
-3.87876e-14  2.29031e-16  8.09902e-16  7.73882e-10 -9.49378e-12 -1.62296e-11 -1.33039e-09 -1.08431e-07 -1.36781e-11  3.52562e-16  1.19283e-06  1.68962e-14   8.5167e-09 -1.61724e-19 -1.77783e-10
-1.96472e-14  2.45979e-17 -3.14039e-16 -1.95417e-14  1.61645e-11 -1.46951e-15 -2.41853e-11  1.38851e-11 -1.09116e-07  1.55464e-10  1.68962e-14  1.20027e-06 -1.93286e-14  1.77784e-10 -3.13419e-16
 4.43566e-14 -2.61915e-16  5.64953e-18  1.09107e-07 -1.33868e-09 -1.03352e-11  -9.4984e-12 -7.74101e-10   1.0209e-13  3.13581e-16   8.5167e-09 -1.93286e-14  1.20026e-06  3.55722e-16 -1.26952e-12
  3.8894e-16  5.00505e-15  1.72052e-14  1.33868e-09  1.09106e-07  1.37795e-11  7.74102e-10 -9.49634e-12 -1.62329e-11 -8.51673e-09 -1.61724e-19  1.77784e-10  3.55722e-16  1.20026e-06   1.7032e-14
 5.83034e-18 -6.79365e-20  4.46342e-14  9.93953e-12 -1.39034e-11   1.0911e-07 -2.82477e-15  1.61603e-11  2.06741e-15  3.43364e-14 -1.77783e-10 -3.13419e-16 -1.26952e-12   1.7032e-14   1.2002e-06
Matrix: 
 3.99345e-13 -5.48456e-16 -3.00937e-21   8.1325e-13 -1.99485e-14  2.76631e-17 -1.04776e-17  4.19593e-17  3.14052e-13  1.20915e-16 -4.43001e-16 -1.26688e-12  2.87363e-12   2.2795e-14  2.75118e-16
-5.48456e-16  3.49802e-13 -3.80513e-19 -8.08496e-15  1.61028e-13  4.13514e-18 -5.05803e-18 -5.40427e-19 -4.53993e-15  5.34108e-17  7.92081e-18  2.30908e-14 -5.16902e-14  5.52152e-13  4.69217e-17
-3.00942e-21 -3.80464e-19  3.99344e-13  1.12323e-15 -9.22732e-14  8.13594e-13 -3.13953e-13  7.78534e-15 -1.15373e-17  1.26715e-12 -7.54922e-15  1.15151e-16 -7.56792e-15  1.15005e-12  2.87445e-12
 8.13251e-13 -8.08512e-15  1.12323e-15  3.34827e-11 -9.09383e-13 -2.00556e-13 -3.20856e-14 -3.23797e-12  1.18046e-11 -6.63294e-13  2.50661e-11 -8.20552e-11  2.25172e-10  1.49191e-12 -1.59948e-12
-1.99486e-14  1.61022e-13 -9.22732e-14 -9.09383e-13  8.46446e-12  -6.8073e-12  3.19576e-12 -2.91878e-14 -4.27575e-13 -2.46086e-11 -6.77975e-13  3.11698e-12 -8.36505e-12  5.56047e-11 -5.14809e-11
 2.76632e-17  4.13475e-18  8.13587e-13 -2.00556e-13  -6.8073e-12  3.14018e-11 -1.18037e-11   4.3572e-13 -2.40287e-17  8.21156e-11 -5.58735e-13   1.9322e-15 -1.90666e-13 -2.76044e-11  2.12489e-10
-1.04776e-17 -5.05759e-18 -3.13953e-13 -3.20856e-14  3.19576e-12 -1.18037e-11  5.59392e-12  1.58424e-15  3.35699e-17  -3.8676e-11  -1.2453e-12 -1.06987e-15  -5.2984e-13  1.26549e-11 -7.93863e-11
 4.19594e-17  -5.4044e-19  7.78534e-15 -3.23797e-12 -2.91878e-14   4.3572e-13  1.58424e-15  5.63999e-12  6.76714e-16  1.23105e-12 -3.91738e-11 -3.93504e-15 -1.31182e-11 -5.18605e-13  2.73165e-12
 3.14052e-13 -4.53993e-15 -1.15373e-17  1.18046e-11 -4.27575e-13 -2.40291e-17  3.35699e-17  6.76713e-16  5.59487e-12  8.29528e-16  -8.7667e-15 -3.87003e-11  7.94369e-11 -1.79039e-13  1.73509e-15
 1.20915e-16  5.34059e-17  1.26715e-12 -6.63294e-13 -2.46086e-11  8.21157e-11  -3.8676e-11  1.23105e-12  8.29528e-16  2.94168e-10 -3.20125e-14  1.91895e-16 -3.17544e-14 -1.40691e-10  6.11104e-10
-4.43002e-16  7.92074e-18 -7.54922e-15  2.50661e-11 -6.77975e-13 -5.58735e-13  -1.2453e-12 -3.91738e-11  -8.7667e-15 -3.20125e-14  2.99583e-10  5.78222e-14  1.45751e-10  3.21441e-14 -2.12258e-12
-1.26688e-12  2.30908e-14  1.15151e-16 -8.20552e-11  3.11698e-12  1.93221e-15 -1.06987e-15 -3.93503e-15 -3.87003e-11  1.91896e-16  5.78222e-14  2.94181e-10 -6.11076e-10  1.98021e-12   -3.844e-16
 2.87365e-12 -5.16895e-14 -7.56791e-15  2.25172e-10 -8.36506e-12 -1.90666e-13  -5.2984e-13 -1.31182e-11  7.94369e-11 -3.17544e-14  1.45751e-10 -6.11076e-10  1.75031e-09 -4.28306e-12 -2.06701e-12
 2.27952e-14   5.5209e-13  1.15005e-12  1.49191e-12  5.56047e-11 -2.76045e-11  1.26549e-11 -5.18605e-13 -1.79038e-13 -1.40691e-10  3.21441e-14  1.98021e-12 -4.28305e-12  4.67149e-10 -3.06684e-10
 2.75119e-16  4.69166e-17  2.87437e-12 -1.59948e-12 -5.14809e-11  2.12489e-10 -7.93863e-11  2.73165e-12  1.73509e-15  6.11104e-10 -2.12258e-12 -3.84445e-16 -2.06701e-12 -3.06684e-10  1.60766e-09
Matrix: 
 3.23497e-13 -1.82561e-15  2.77594e-17  7.20526e-13 -3.38111e-14  1.22732e-15  -4.3291e-16  2.39815e-15  2.78589e-13  3.45347e-15 -1.43729e-14 -8.97656e-13  1.90986e-12  -1.2263e-14  7.32448e-15
-1.82561e-15  2.64098e-13  3.74962e-17 -2.38756e-14  1.45812e-13  1.46382e-15   -6.826e-16  3.04235e-17 -1.18174e-14   4.1313e-15  2.55778e-17  5.04621e-14 -1.06583e-13  3.66251e-13  8.61252e-15
 2.77593e-17  3.74686e-17  3.23115e-13 -3.62924e-15 -9.10673e-14  7.06377e-13 -2.70394e-13  1.39574e-14 -4.18473e-17  8.50108e-13 -2.67322e-14    9.871e-16 -2.17371e-14  1.19343e-12   1.8182e-12
 7.20526e-13 -2.38757e-14 -3.62926e-15  1.65893e-11 -6.74831e-13 -1.79756e-13 -7.85175e-15 -1.62904e-12  5.68423e-12 -4.33046e-13  9.95961e-12 -2.96438e-11  8.11377e-11  7.30196e-13 -9.61026e-13
-3.38112e-14   1.4581e-13 -9.10674e-14 -6.74831e-13  4.52462e-12 -3.59928e-12  1.66909e-12  -1.3085e-14   -3.173e-13 -1.00842e-11  -4.2063e-13  1.64033e-12 -4.29124e-12  2.10007e-11 -2.10639e-11
 1.22732e-15  1.46274e-15  7.06374e-13 -1.79756e-13 -3.59928e-12  1.46619e-11 -5.39376e-12   3.0387e-13  1.23089e-16  2.79389e-11 -3.71455e-13  2.71804e-14  -1.3554e-13 -5.00879e-12  7.20373e-11
-4.32906e-16 -6.82103e-16 -2.70394e-13 -7.85175e-15  1.66909e-12 -5.39377e-12  2.55116e-12  9.77566e-16  1.63211e-15 -1.30367e-11 -5.63268e-13 -2.32224e-14 -2.95432e-14  2.00303e-12 -2.61032e-11
 2.39826e-15  3.04043e-17  1.39574e-14 -1.62904e-12  -1.3085e-14   3.0387e-13  9.77565e-16  2.57448e-12  2.97799e-14  5.56008e-13 -1.32242e-11 -1.87726e-13 -1.80204e-12 -7.43815e-14  1.21842e-12
 2.78589e-13 -1.18174e-14 -4.18472e-17  5.68423e-12   -3.173e-13  1.23086e-16  1.63211e-15  2.97799e-14  2.69672e-12  8.35779e-16 -1.80372e-13 -1.39276e-11  2.78689e-11 -1.18111e-13  3.05543e-15
 3.45347e-15  4.12829e-15  8.50108e-13 -4.33046e-13 -1.00842e-11  2.79389e-11 -1.30367e-11  5.56008e-13  8.35788e-16  7.67938e-11 -2.01156e-14  7.32773e-14 -6.51492e-13 -3.52758e-11  1.57662e-10
-1.43735e-14  2.55361e-17 -2.67323e-14  9.95961e-12  -4.2063e-13 -3.71455e-13 -5.63268e-13 -1.32242e-11 -1.80373e-13  -2.0116e-14  7.87097e-11   1.1416e-12  3.55148e-11 -4.03557e-13 -3.65271e-13
-8.97656e-13  5.04622e-14    9.871e-16 -2.96438e-11  1.64033e-12  2.71804e-14 -2.32224e-14 -1.87726e-13 -1.39276e-11  7.32774e-14   1.1416e-12  8.21002e-11 -1.68122e-10  4.26404e-13  1.44427e-13
 1.90986e-12 -1.06582e-13 -2.17373e-14  8.11377e-11 -4.29124e-12 -1.35541e-13 -2.95431e-14 -1.80204e-12  2.78689e-11 -6.51493e-13  3.55148e-11 -1.68122e-10  5.14369e-10 -7.13828e-13 -9.87856e-13
 -1.2263e-14  3.66232e-13  1.19343e-12  7.30196e-13  2.10007e-11 -5.00881e-12  2.00303e-12 -7.43815e-14 -1.18111e-13 -3.52758e-11 -4.03557e-13  4.26403e-13 -7.13826e-13  1.60147e-10 -8.32797e-11
 7.32449e-15  8.60622e-15  1.81818e-12 -9.61025e-13 -2.10639e-11  7.20373e-11 -2.61032e-11  1.21842e-12  3.05545e-15  1.57661e-10 -3.65273e-13  1.44427e-13 -9.87855e-13 -8.32795e-11  4.22076e-10
Matrix: 
 2.92042e-13 -2.99461e-15 -1.49508e-17  6.75825e-13 -3.83238e-14 -2.79056e-16  3.60546e-16  3.46157e-15  2.60304e-13 -6.28959e-16  -1.7591e-14 -7.17117e-13  1.45553e-12  6.08286e-16 -1.34046e-15
-2.99461e-15  2.23452e-13  1.12863e-16 -2.93709e-14  1.38094e-13   2.8812e-15 -1.31968e-15 -1.71261e-17 -1.43502e-14  6.54902e-15  4.94737e-16  4.93821e-14  -1.0114e-13  2.71097e-13  1.36976e-14
-1.49509e-17  1.12823e-16   2.9091e-13 -4.93278e-15 -9.03939e-14  6.46176e-13 -2.44246e-13  1.57681e-14 -1.61799e-16  6.38136e-13  -2.2591e-14  9.91284e-16 -1.89156e-14  1.21327e-12  1.30045e-12
 6.75825e-13  -2.9371e-14  -4.9328e-15  1.12798e-11 -5.41236e-13 -1.57032e-13 -1.06919e-15  -1.0846e-12   3.7559e-12 -3.29539e-13  5.56945e-12 -1.59415e-11  4.36891e-11  6.93185e-13 -6.78057e-13
-3.83239e-14  1.38093e-13  -9.0394e-14 -5.41236e-13   3.2695e-12 -2.51139e-12  1.14683e-12 -1.28107e-14 -2.53254e-13 -5.78016e-12 -2.93784e-13  1.05977e-12 -2.79965e-12  1.17259e-11 -1.21016e-11
-2.79054e-16  2.88011e-15  6.46175e-13 -1.57032e-13 -2.51139e-12  9.36255e-12 -3.35512e-12  2.29406e-13 -2.90735e-15  1.39692e-11 -2.05971e-13  1.83167e-14 -4.33776e-14 -3.88735e-14  3.61196e-11
 3.60551e-16 -1.31919e-15 -2.44246e-13 -1.06917e-15  1.14683e-12 -3.35512e-12  1.58108e-12   1.6249e-15  3.78957e-15 -6.44981e-12 -3.44337e-13 -2.22451e-14  8.81661e-14 -2.93788e-13 -1.26067e-11
 3.46167e-15 -1.71459e-17  1.57681e-14  -1.0846e-12 -1.28107e-14  2.29406e-13   1.6249e-15  1.60509e-12  3.65291e-14  3.36784e-13 -6.56884e-12 -2.06024e-13  6.80713e-13  4.01793e-14  6.59178e-13
 2.60304e-13 -1.43502e-14 -1.61799e-16   3.7559e-12 -2.53254e-13 -2.90736e-15  3.78956e-15  3.65291e-14  1.77962e-12 -6.50419e-15 -1.86882e-13  -7.4617e-12  1.46107e-11 -4.72272e-15 -1.38336e-14
-6.28954e-16  6.54651e-15  6.38137e-13 -3.29539e-13 -5.78016e-12  1.39692e-11 -6.44981e-12  3.36784e-13 -6.50419e-15  3.13112e-11 -1.77083e-14  4.17211e-14 -4.99961e-13 -1.32222e-11  6.34039e-11
-1.75915e-14  4.94675e-16  -2.2591e-14  5.56945e-12 -2.93784e-13 -2.05971e-13 -3.44337e-13 -6.56884e-12 -1.86882e-13 -1.77086e-14  3.23619e-11  1.05543e-12  1.27152e-11 -3.14325e-13   1.1474e-13
-7.17117e-13  4.93821e-14  9.91284e-16 -1.59415e-11  1.05977e-12  1.83167e-14 -2.22451e-14 -2.06023e-13  -7.4617e-12  4.17212e-14  1.05543e-12   3.6377e-11 -7.33746e-11 -9.41024e-14  8.80573e-14
 1.45553e-12  -1.0114e-13 -1.89157e-14  4.36891e-11 -2.79965e-12 -4.33777e-14  8.81661e-14  6.80712e-13  1.46107e-11 -4.99962e-13  1.27152e-11 -7.33746e-11   2.4519e-10  3.48697e-13 -6.33449e-13
   6.083e-16  2.71089e-13  1.21327e-12  6.93185e-13  1.17259e-11 -3.88843e-14  -2.9379e-13  4.01794e-14  -4.7227e-15 -1.32222e-11 -3.14325e-13 -9.41029e-14  3.48698e-13  8.82252e-11 -3.53246e-11
-1.34045e-15  1.36924e-14  1.30044e-12 -6.78056e-13 -1.21016e-11  3.61196e-11 -1.26066e-11  6.59177e-13 -1.38335e-14  6.34039e-11  1.14739e-13   8.8057e-14 -6.33449e-13 -3.53246e-11  1.74319e-10
Matrix: 
 2.77097e-13 -4.25738e-15 -3.79953e-17  6.44111e-13 -4.31063e-14 -6.72657e-16  6.43644e-16  4.25405e-15  2.47263e-13 -1.34294e-15 -1.89774e-14  -6.0593e-13  1.17938e-12  6.41179e-15  -2.9048e-15
-4.25738e-15  2.00822e-13  1.88822e-16 -3.42186e-14  1.33675e-13  3.77786e-15 -1.70812e-15 -8.61127e-17 -1.66379e-14  7.31361e-15  9.33219e-16  4.90651e-14 -9.72469e-14  2.13678e-13  1.53266e-14
-3.79955e-17   1.8878e-16  2.74971e-13  -5.4549e-15 -8.83101e-14  6.00207e-13 -2.24057e-13  1.74495e-14 -8.75958e-17  5.06422e-13 -2.05417e-14   2.9088e-16 -1.52386e-14  1.21723e-12  9.82967e-13
 6.44111e-13 -3.42187e-14  -5.4549e-15  8.65071e-12 -4.87164e-13 -1.38441e-13   -1.466e-15 -7.96591e-13   2.8096e-12 -2.52726e-13  3.57019e-12 -1.01846e-11  2.79742e-11  6.01243e-13 -5.12763e-13
-4.31063e-14  1.33675e-13 -8.83102e-14 -4.87164e-13  2.65258e-12 -1.92844e-12  8.69695e-13  -1.4416e-14 -2.27554e-13 -3.79756e-12 -2.22709e-13  8.16738e-13 -2.16693e-12   7.7792e-12 -7.95725e-12
-6.72657e-16  3.77694e-15  6.00206e-13 -1.38441e-13 -1.92843e-12  6.75603e-12 -2.35651e-12  1.93659e-13 -3.02552e-16  8.25316e-12 -1.53477e-13 -1.92515e-15  1.33284e-14  1.63732e-12  2.14439e-11
 6.43651e-16 -1.70771e-15 -2.24057e-13 -1.46598e-15  8.69695e-13 -2.35651e-12  1.11153e-12  2.20364e-15  3.28908e-15 -3.78863e-12 -2.40433e-13 -1.52052e-14  1.38998e-13 -1.04007e-12 -7.18485e-12
 4.25412e-15  -8.6131e-17  1.74495e-14 -7.96591e-13  -1.4416e-14  1.93659e-13  2.20364e-15  1.14103e-12  3.91774e-14  2.33923e-13 -3.88494e-12  -1.9952e-13   1.5328e-12  9.73646e-14  4.27173e-13
 2.47263e-13 -1.66379e-14 -8.75954e-17   2.8096e-12 -2.27554e-13 -3.02549e-16  3.28907e-15  3.91773e-14  1.33456e-12 -8.09183e-16 -1.75539e-13 -4.77543e-12  9.13357e-12  1.09415e-14  -2.3772e-15
-1.34294e-15  7.31181e-15  5.06423e-13 -2.52726e-13 -3.79756e-12  8.25316e-12 -3.78863e-12  2.33923e-13 -8.09192e-16  1.57729e-11 -1.83215e-14 -2.16179e-15  -3.6705e-13  -5.7016e-12  3.12388e-11
-1.89777e-14  9.33161e-16 -2.05418e-14  3.57019e-12 -2.22709e-13 -1.53477e-13 -2.40433e-13 -3.88494e-12 -1.75539e-13 -1.83216e-14   1.6463e-11  8.94461e-13  4.99204e-12 -2.66721e-13  1.11898e-13
 -6.0593e-13  4.90651e-14  2.90881e-16 -1.01846e-11  8.16738e-13 -1.92509e-15 -1.52052e-14 -1.99519e-13 -4.77543e-12 -2.16169e-15  8.94459e-13  2.00736e-11 -3.96599e-11 -9.41112e-14 -1.52162e-15
 1.17938e-12 -9.72468e-14 -1.52386e-14  2.79742e-11 -2.16693e-12  1.33283e-14  1.38998e-13   1.5328e-12  9.13357e-12 -3.67051e-13  4.99204e-12 -3.96599e-11  1.47081e-10  3.36861e-13 -4.93227e-13
 6.41178e-15  2.13674e-13  1.21723e-12  6.01243e-13   7.7792e-12  1.63731e-12 -1.04007e-12  9.73647e-14  1.09415e-14 -5.70159e-12 -2.66721e-13 -9.41115e-14  3.36862e-13   5.9944e-11 -1.83244e-11
 -2.9048e-15  1.53228e-14  9.82963e-13 -5.12763e-13 -7.95724e-12  2.14439e-11 -7.18485e-12  4.27173e-13 -2.37721e-15  3.12388e-11  1.11897e-13 -1.52184e-15 -4.93227e-13 -1.83243e-11  8.87209e-11
Matrix: 
 2.69436e-13 -5.61854e-15 -4.18777e-17  6.18194e-13 -4.82056e-14 -5.81661e-16  7.02368e-16  4.70245e-15  2.36587e-13 -1.06614e-15 -1.88664e-14 -5.29743e-13  9.94095e-13   8.5444e-15   -2.334e-15
-5.61854e-15  1.87122e-13  2.53212e-16 -3.90016e-14  1.31024e-13  4.23069e-15 -1.89506e-15 -1.61882e-16 -1.89293e-14  7.18891e-15  1.28866e-15  4.97284e-14 -9.55392e-14  1.75495e-13  1.50789e-14
 -4.1878e-17  2.53172e-16  2.66185e-13 -5.83705e-15 -8.50679e-14  5.61853e-13 -2.07232e-13  1.91021e-14  1.75567e-17  4.17461e-13 -1.96505e-14 -2.38904e-16 -1.26423e-14  1.20905e-12  7.71888e-13
 6.18194e-13 -3.90016e-14 -5.83706e-15  7.06729e-12 -4.61025e-13 -1.26033e-13 -1.90404e-15   -6.155e-13  2.24705e-12 -2.03679e-13  2.47083e-12 -7.18037e-12  1.97831e-11  5.27221e-13  -4.1457e-13
-4.82056e-14  1.31024e-13  -8.5068e-14 -4.61025e-13  2.27981e-12  -1.5503e-12  6.92556e-13 -1.58796e-14 -2.15446e-13 -2.68765e-12 -1.78082e-13  6.84843e-13 -1.82248e-12   5.6888e-12  -5.6265e-12
-5.81664e-16  4.22996e-15  5.61853e-13 -1.26033e-13  -1.5503e-12  5.21664e-12 -1.77104e-12  1.72098e-13  2.01468e-15  5.37897e-12 -1.28174e-13 -1.22416e-14  3.58812e-14   2.2951e-12  1.40601e-11
 7.02374e-16 -1.89474e-15 -2.07232e-13 -1.90402e-15  6.92556e-13 -1.77104e-12  8.39966e-13  3.06919e-15   2.8039e-15 -2.46748e-12 -1.82367e-13 -1.19017e-14  1.81272e-13 -1.31487e-12 -4.51128e-12
  4.7025e-15 -1.61898e-16  1.91021e-14   -6.155e-13 -1.58796e-14  1.72098e-13  3.06919e-15  8.75798e-13  3.89649e-14  1.75158e-13 -2.55404e-12 -1.82471e-13  1.87925e-12  1.36051e-13  3.01728e-13
 2.36587e-13 -1.89293e-14  1.75573e-17  2.24705e-12 -2.15446e-13  2.01468e-15   2.8039e-15  3.89648e-14  1.07282e-12  2.95144e-15 -1.56977e-13 -3.38635e-12  6.31916e-12   8.6273e-15  5.57869e-15
-1.06615e-15  7.18765e-15  4.17461e-13 -2.03679e-13 -2.68765e-12  5.37898e-12 -2.46748e-12  1.75158e-13  2.95143e-15  9.06377e-12 -1.55813e-14 -1.82917e-14 -3.17443e-13 -2.47043e-12  1.73852e-11
-1.88666e-14  1.28861e-15 -1.96505e-14  2.47083e-12 -1.78082e-13 -1.28174e-13 -1.82367e-13 -2.55404e-12 -1.56977e-13 -1.55814e-14  9.55916e-12  7.35503e-13  1.71206e-12 -2.45513e-13  7.99566e-14
-5.29743e-13  4.97284e-14 -2.38903e-16 -7.18037e-12  6.84843e-13 -1.22415e-14 -1.19017e-14 -1.82471e-13 -3.38635e-12 -1.82916e-14  7.35502e-13  1.26392e-11 -2.43415e-11 -5.24945e-14 -3.58146e-14
 9.94096e-13 -9.55392e-14 -1.26423e-14  1.97831e-11 -1.82248e-12   3.5881e-14  1.81272e-13  1.87925e-12  6.31916e-12 -3.17443e-13  1.71207e-12 -2.43415e-11  1.01382e-10   2.4976e-13 -4.78732e-13
 8.54438e-15  1.75492e-13  1.20905e-12  5.27221e-13   5.6888e-12  2.29509e-12 -1.31487e-12  1.36051e-13  8.62729e-15 -2.47042e-12 -2.45513e-13 -5.24947e-14  2.49761e-13  4.55994e-11 -1.06472e-11
-2.33401e-15  1.50762e-14  7.71885e-13  -4.1457e-13  -5.6265e-12  1.40601e-11 -4.51128e-12  3.01728e-13  5.57867e-15  1.73852e-11   7.9956e-14 -3.58147e-14 -4.78732e-13 -1.06471e-11  5.12678e-11
Matrix: 
 2.65225e-13 -7.04645e-15 -3.55924e-17  5.95612e-13  -5.3315e-14 -3.59566e-16  6.87924e-16  4.84338e-15  2.27236e-13 -6.52836e-16 -1.78004e-14 -4.73771e-13  8.61841e-13  9.26399e-15 -1.44713e-15
-7.04645e-15   1.7843e-13  2.99312e-16 -4.36693e-14  1.29483e-13   4.3193e-15 -1.92356e-15 -2.37543e-16 -2.11919e-14  6.57553e-15  1.55516e-15  5.08501e-14 -9.49788e-14  1.48519e-13  1.37896e-14
-3.55929e-17  2.99275e-16  2.60816e-13   -6.215e-15 -8.11841e-14  5.28885e-13 -1.92832e-13  2.06687e-14  1.06264e-16  3.54336e-13 -1.91749e-14 -5.50256e-16 -1.09651e-14  1.19217e-12  6.25087e-13
 5.95612e-13 -4.36693e-14   -6.215e-15  6.00273e-12 -4.46194e-13 -1.17556e-13 -1.68345e-15 -4.91854e-13  1.87431e-12 -1.71575e-13  1.80124e-12 -5.39862e-12  1.49318e-11  4.74802e-13 -3.51086e-13
 -5.3315e-14  1.29483e-13 -8.11841e-14 -4.46194e-13  2.02646e-12 -1.28095e-12  5.68587e-13  -1.6889e-14 -2.08922e-13 -1.99727e-12 -1.47906e-13  6.00691e-13 -1.60374e-12  4.43004e-12 -4.16905e-12
-3.59572e-16  4.31873e-15  5.28885e-13 -1.17556e-13 -1.28095e-12  4.21312e-12 -1.39306e-12  1.57155e-13  3.43713e-15  3.75208e-12 -1.11675e-13 -1.62491e-14  4.15474e-14  2.55577e-12  9.87075e-12
  6.8793e-16 -1.92332e-15 -1.92832e-13 -1.68343e-15  5.68587e-13 -1.39306e-12  6.67096e-13  4.21269e-15  2.56344e-15 -1.72887e-12 -1.47022e-13  -1.0694e-14  2.21245e-13 -1.40891e-12 -3.02886e-12
 4.84341e-15 -2.37558e-16  2.06687e-14 -4.91854e-13  -1.6889e-14  1.57155e-13  4.21269e-15  7.09143e-13  3.70011e-14  1.37984e-13 -1.81104e-12 -1.61848e-13  2.02797e-12  1.65964e-13  2.22933e-13
 2.27236e-13 -2.11919e-14  1.06265e-16  1.87431e-12 -2.08922e-13  3.43713e-15  2.56343e-15  3.70011e-14  9.00912e-13  4.60235e-15 -1.36682e-13 -2.56785e-12  4.67225e-12  4.21108e-15  9.26769e-15
-6.52846e-16  6.57466e-15  3.54336e-13 -1.71575e-13 -1.99727e-12  3.75208e-12 -1.72887e-12  1.37984e-13  4.60234e-15  5.72967e-12 -1.18005e-14 -2.17686e-14 -3.05507e-13 -8.86251e-13  1.05275e-11
-1.78005e-14  1.55512e-15 -1.91749e-14  1.80124e-12 -1.47906e-13 -1.11675e-13 -1.47022e-13 -1.81104e-12 -1.36682e-13 -1.18005e-14  6.10641e-12   5.9832e-13  1.20947e-13 -2.35486e-13  6.06553e-14
-4.73771e-13  5.08502e-14 -5.50254e-16 -5.39862e-12  6.00691e-13 -1.62491e-14  -1.0694e-14 -1.61848e-13 -2.56785e-12 -2.17686e-14  5.98319e-13  8.69863e-12 -1.62618e-11 -2.23053e-14 -4.41343e-14
 8.61841e-13 -9.49788e-14 -1.09651e-14  1.49318e-11 -1.60374e-12  4.15472e-14  2.21245e-13  2.02796e-12  4.67225e-12 -3.05507e-13  1.20951e-13 -1.62618e-11  7.66846e-11  1.92028e-13   -5.043e-13
 9.26397e-15  1.48518e-13  1.19217e-12  4.74802e-13  4.43004e-12  2.55577e-12 -1.40891e-12  1.65964e-13  4.21107e-15 -8.86246e-13 -2.35486e-13 -2.23055e-14  1.92029e-13  3.71273e-11 -6.63529e-12
-1.44715e-15  1.37877e-14  6.25086e-13 -3.51086e-13 -4.16905e-12  9.87076e-12 -3.02886e-12  2.22933e-13  9.26766e-15  1.05275e-11  6.06548e-14 -4.41344e-14   -5.043e-13 -6.63527e-12  3.23709e-11
Matrix: 
  2.6268e-13  -8.5077e-15 -2.55274e-17  5.75315e-13 -5.82599e-14 -1.42629e-16  6.56023e-16   4.7571e-15  2.18775e-13 -3.21083e-16 -1.62485e-14 -4.30535e-13  7.63035e-13  9.49137e-15 -7.22555e-16
 -8.5077e-15  1.72777e-13  3.24264e-16 -4.81552e-14   1.2872e-13  4.12748e-15 -1.83467e-15 -3.08504e-16 -2.33916e-14  5.71661e-15  1.73703e-15  5.21516e-14  -9.4996e-14  1.28679e-13  1.19716e-14
-2.55281e-17  3.24233e-16   2.5715e-13 -6.60691e-15 -7.70804e-14  5.00264e-13  -1.8038e-13  2.21283e-14   1.7332e-16  3.07966e-13 -1.88257e-14 -7.21859e-16 -9.89012e-15  1.16962e-12  5.19819e-13
 5.75315e-13 -4.81552e-14 -6.60691e-15   5.2359e-12  -4.3678e-13 -1.11405e-13  -1.0569e-15 -4.03725e-13  1.60954e-12 -1.49521e-13  1.36702e-12 -4.24825e-12  1.18048e-11  4.38179e-13 -3.06642e-13
-5.82599e-14   1.2872e-13 -7.70804e-14  -4.3678e-13  1.84171e-12 -1.07916e-12  4.77546e-13   -1.745e-14 -2.05117e-13 -1.53938e-12 -1.26658e-13  5.41757e-13 -1.45177e-12  3.60637e-12 -3.19625e-12
-1.42636e-16  4.12705e-15  5.00264e-13 -1.11405e-13 -1.07916e-12  3.51766e-12 -1.13407e-12  1.46104e-13  4.20463e-15  2.75683e-12 -9.93824e-14 -1.72751e-14  3.97064e-14  2.64156e-12  7.29779e-12
 6.56029e-16 -1.83449e-15  -1.8038e-13 -1.05688e-15  4.77546e-13 -1.13407e-12  5.50352e-13  5.57496e-15  2.45151e-15 -1.28244e-12 -1.24589e-13    -1.02e-14   2.5937e-13 -1.42486e-12  -2.1414e-12
 4.75713e-15 -3.08517e-16  2.21283e-14 -4.03725e-13   -1.745e-14  1.46104e-13  5.57496e-15  5.98176e-13  3.40706e-14  1.13153e-13 -1.36298e-12 -1.40932e-13  2.08869e-12  1.90624e-13  1.69406e-13
 2.18775e-13 -2.33916e-14  1.73321e-16  1.60954e-12 -2.05117e-13  4.20464e-15   2.4515e-15  3.40705e-14  7.79641e-13  5.12122e-15 -1.17145e-13 -2.04153e-12  3.62079e-12  5.26655e-16  1.05792e-14
-3.21095e-16    5.716e-15  3.07966e-13 -1.49521e-13 -1.53938e-12  2.75683e-12 -1.28244e-12  1.13153e-13  5.12121e-15  3.90712e-12 -8.10283e-15  -2.0881e-14 -3.07677e-13 -4.36907e-14  6.79834e-12
-1.62485e-14    1.737e-15 -1.88257e-14  1.36702e-12 -1.26658e-13 -9.93823e-14 -1.24589e-13 -1.36298e-12 -1.17145e-13 -8.10287e-15   4.2069e-12  4.85086e-13 -7.21152e-13 -2.30119e-13  5.11169e-14
-4.30535e-13  5.21516e-14 -7.21857e-16 -4.24825e-12  5.41757e-13 -1.72751e-14    -1.02e-14 -1.40932e-13 -2.04153e-12 -2.08809e-14  4.85085e-13  6.38447e-12 -1.15448e-11 -3.67238e-15 -4.31607e-14
 7.63035e-13  -9.4996e-14 -9.89014e-15  1.18048e-11 -1.45177e-12  3.97062e-14   2.5937e-13  2.08869e-12  3.62079e-12 -3.07678e-13  -7.2115e-13 -1.15448e-11  6.19356e-11   1.6066e-13 -5.37869e-13
 9.49135e-15  1.28679e-13  1.16962e-12  4.38179e-13  3.60637e-12  2.64156e-12 -1.42487e-12  1.90624e-13  5.26648e-16 -4.36862e-14 -2.30119e-13 -3.67246e-15  1.60661e-13  3.16038e-11 -4.32276e-12
-7.22578e-16  1.19703e-14  5.19818e-13 -3.06642e-13 -3.19625e-12  7.29779e-12  -2.1414e-12  1.69406e-13  1.05792e-14  6.79833e-12  5.11165e-14 -4.31608e-14 -5.37869e-13 -4.32274e-12  2.18645e-11
Matrix: 
 2.60924e-13 -9.97525e-15 -1.52399e-17  5.56789e-13 -6.29651e-14  2.63832e-17  6.24117e-16  4.51973e-15  2.11003e-13 -9.94036e-17  -1.4516e-14 -3.95868e-13  6.86501e-13  9.58632e-15 -2.30159e-16
-9.97525e-15  1.69068e-13   3.2825e-16 -5.24251e-14  1.28543e-13  3.73729e-15 -1.66577e-15 -3.71335e-16 -2.55109e-14  4.76649e-15   1.8423e-15  5.35028e-14 -9.53137e-14  1.13669e-13  9.95518e-15
-1.52407e-17  3.28224e-16  2.54359e-13 -7.00899e-15 -7.30336e-14  4.75352e-13 -1.69571e-13  2.34859e-14  2.23355e-16  2.72978e-13 -1.85029e-14 -8.16841e-16 -9.19838e-15  1.14388e-12  4.42531e-13
 5.56789e-13 -5.24252e-14 -7.00899e-15  4.65751e-12 -4.30435e-13 -1.06737e-13 -2.82732e-16 -3.39402e-13  1.41224e-12 -1.33794e-13  1.07341e-12 -3.45933e-12  9.66504e-12    4.125e-13  -2.7373e-13
-6.29651e-14  1.28543e-13 -7.30336e-14 -4.30435e-13  1.70114e-12 -9.23382e-13  4.08791e-13 -1.76291e-14 -2.02864e-13 -1.22239e-12 -1.11457e-13  4.98163e-13 -1.34052e-12  3.03581e-12 -2.51757e-12
 2.63742e-17  3.73696e-15  4.75352e-13 -1.06737e-13 -9.23382e-13  3.01522e-12 -9.49275e-13  1.37744e-13  4.56821e-15  2.11314e-12 -8.97569e-14 -1.70063e-14  3.46626e-14  2.64603e-12  5.62481e-12
 6.24124e-16 -1.66563e-15 -1.69571e-13 -2.82708e-16  4.08791e-13 -9.49275e-13  4.68289e-13  7.10026e-15  2.36874e-15 -9.97061e-13 -1.10191e-13 -9.80907e-15  2.95765e-13 -1.40548e-12 -1.58014e-12
 4.51975e-15 -3.71346e-16  2.34859e-14 -3.39402e-13 -1.76291e-14  1.37744e-13  7.10026e-15  5.21317e-13  3.06774e-14    9.609e-14 -1.07753e-12 -1.21203e-13  2.10724e-12  2.11731e-13  1.31469e-13
 2.11003e-13 -2.55109e-14  2.23355e-16  1.41224e-12 -2.02864e-13  4.56821e-15  2.36874e-15  3.06774e-14  6.89732e-13  5.11791e-15 -9.93455e-14 -1.68128e-12  2.90625e-12 -2.16986e-15  1.07451e-14
-9.94161e-17  4.76606e-15  2.72978e-13 -1.33794e-13 -1.22239e-12  2.11314e-12  -9.9706e-13    9.609e-14  5.11791e-15  2.83865e-12 -4.82275e-15 -1.88093e-14 -3.14516e-13  4.27853e-13  4.62593e-12
 -1.4516e-14  1.84227e-15 -1.85029e-14  1.07341e-12 -1.11457e-13 -8.97569e-14 -1.10191e-13 -1.07753e-12 -9.93456e-14 -4.82278e-15  3.08663e-12  3.93037e-13 -1.19462e-12 -2.26777e-13  4.67755e-14
-3.95868e-13  5.35028e-14 -8.16838e-16 -3.45933e-12  4.98163e-13 -1.70063e-14 -9.80906e-15 -1.21203e-13 -1.68128e-12 -1.88093e-14  3.93036e-13  4.92045e-12 -8.58089e-12  7.58303e-15 -3.94365e-14
 6.86501e-13 -9.53137e-14  -9.1984e-15  9.66504e-12 -1.34052e-12  3.46624e-14  2.95765e-13  2.10724e-12  2.90625e-12 -3.14516e-13 -1.19462e-12 -8.58089e-12  5.24797e-11  1.45335e-13 -5.69639e-13
  9.5863e-15  1.13668e-13  1.14388e-12    4.125e-13  3.03581e-12  2.64602e-12 -1.40548e-12  2.11731e-13 -2.16986e-15  4.27857e-13 -2.26777e-13  7.58298e-15  1.45335e-13  2.77536e-11 -2.89225e-12
-2.30184e-16  9.95427e-15  4.42531e-13  -2.7373e-13 -2.51757e-12  5.62481e-12 -1.58014e-12  1.31469e-13  1.07451e-14  4.62593e-12  4.67752e-14 -3.94366e-14 -5.69639e-13 -2.89224e-12  1.55899e-11
Matrix: 
 2.59521e-13 -1.14296e-14 -6.51059e-18  5.39742e-13 -6.74095e-14  1.40388e-16  5.95876e-16  4.18826e-15  2.03821e-13  3.06491e-17  -1.2772e-14 -3.67278e-13  6.25449e-13  9.68642e-15  6.55148e-17
-1.14296e-14  1.66647e-13  3.13461e-16 -5.64702e-14  1.28824e-13  3.22132e-15 -1.44803e-15 -4.23373e-16 -2.75449e-14  3.82025e-15  1.87993e-15  5.48461e-14 -9.57974e-14  1.02074e-13  7.94651e-15
-6.51149e-18  3.13439e-16  2.52039e-13 -7.41769e-15 -6.92029e-14  4.53671e-13 -1.60174e-13  2.47582e-14  2.61296e-16  2.46003e-13 -1.81786e-14 -8.71112e-16 -8.76041e-15  1.11688e-12  3.84665e-13
 5.39742e-13 -5.64702e-14 -7.41768e-15  4.20708e-12 -4.26118e-13  -1.0314e-13  4.83776e-16 -2.91825e-13  1.25999e-12 -1.22359e-13  8.68921e-13 -2.89344e-12   8.1349e-12  3.94612e-13 -2.48529e-13
-6.74095e-14  1.28824e-13 -6.92029e-14 -4.26118e-13  1.59143e-12 -8.00713e-13  3.55937e-13 -1.74952e-14  -2.0163e-13 -9.96047e-13 -1.00628e-13   4.6483e-13 -1.25666e-12  2.62423e-12 -2.02846e-12
 1.40379e-16  3.22106e-15  4.53671e-13  -1.0314e-13 -8.00713e-13  2.64103e-12 -8.13412e-13  1.31426e-13  4.68961e-15   1.6788e-12 -8.20731e-14 -1.62016e-14  2.83219e-14  2.61283e-12  4.48844e-12
 5.95882e-16 -1.44793e-15 -1.60174e-13  4.83798e-16  3.55937e-13 -8.13412e-13  4.08911e-13  8.74198e-15  2.26381e-15 -8.06665e-13 -1.01108e-13 -9.31334e-15  3.30667e-13 -1.37049e-12 -1.20997e-12
 4.18827e-15 -4.23382e-16  2.47582e-14 -2.91825e-13 -1.74952e-14  1.31426e-13  8.74198e-15  4.66511e-13  2.71314e-14  8.42318e-14 -8.87944e-13 -1.03255e-13  2.10477e-12  2.30306e-13  1.03919e-13
 2.03821e-13 -2.75449e-14  2.61296e-16  1.25999e-12  -2.0163e-13  4.68962e-15   2.2638e-15  2.71314e-14  6.20618e-13  4.89125e-15 -8.35494e-14 -1.42293e-12  2.39747e-12 -4.07508e-15  1.03882e-14
 3.06371e-17  3.81995e-15  2.46003e-13 -1.22359e-13 -9.96048e-13   1.6788e-12 -8.06665e-13  8.42318e-14  4.89125e-15  2.17735e-12 -2.00554e-15 -1.66283e-14 -3.22487e-13  6.99784e-13   3.2911e-12
-1.27721e-14  1.87991e-15 -1.81786e-14  8.68921e-13 -1.00628e-13 -8.20731e-14 -1.01108e-13 -8.87944e-13 -8.35495e-14 -2.00556e-15  2.38965e-12  3.18469e-13 -1.47251e-12 -2.24401e-13  4.49668e-14
-3.67278e-13  5.48461e-14 -8.71109e-16 -2.89344e-12   4.6483e-13 -1.62016e-14 -9.31333e-15 -1.03254e-13 -1.42293e-12 -1.66283e-14  3.18468e-13  3.94055e-12 -6.61229e-12   1.4421e-14 -3.52504e-14
 6.25449e-13 -9.57974e-14 -8.76043e-15   8.1349e-12 -1.25666e-12  2.83217e-14  3.30667e-13  2.10477e-12  2.39747e-12 -3.22488e-13 -1.47251e-12 -6.61229e-12  4.60924e-11  1.39099e-13 -5.97415e-13
 9.68641e-15  1.02073e-13  1.11688e-12  3.94612e-13  2.62423e-12  2.61283e-12 -1.37049e-12  2.30306e-13 -4.07509e-15  6.99787e-13 -2.24401e-13  1.44209e-14  1.39099e-13  2.49424e-11 -1.95879e-12
 6.54909e-17  7.94587e-15  3.84665e-13 -2.48529e-13 -2.02845e-12  4.48844e-12 -1.20997e-12  1.03919e-13  1.03882e-14   3.2911e-12  4.49666e-14 -3.52504e-14 -5.97415e-13 -1.95878e-12  1.16281e-11
Matrix: 
 2.58254e-13 -1.28575e-14 -1.64267e-19  5.23989e-13 -7.15985e-14  2.04181e-16  5.70481e-16  3.80074e-15  1.97168e-13  9.30041e-17 -1.10975e-14 -3.43193e-13  5.75559e-13  9.84108e-15  2.14748e-16
-1.28575e-14  1.65106e-13  2.83186e-16 -6.02972e-14  1.29475e-13  2.63885e-15 -1.20561e-15 -4.62546e-16 -2.94959e-14  2.93264e-15  1.85847e-15  5.61593e-14 -9.63841e-14   9.2973e-14  6.06613e-15
-1.65206e-19  2.83168e-16  2.49995e-13 -7.83336e-15  -6.5668e-14  4.34829e-13 -1.51999e-13  2.59658e-14  2.90368e-16  2.24841e-13 -1.78515e-14 -9.02259e-16 -8.50252e-15  1.08998e-12  3.40608e-13
 5.23989e-13 -6.02972e-14 -7.83336e-15  3.84821e-12 -4.23329e-13 -1.00412e-13  1.16597e-15 -2.56387e-13  1.13941e-12 -1.14044e-13  7.23373e-13 -2.47331e-12  7.00382e-12  3.82536e-13  -2.2892e-13
-7.15985e-14  1.29475e-13  -6.5668e-14 -4.23329e-13  1.50458e-12 -7.02718e-13  3.14813e-13 -1.71079e-14 -2.01144e-13 -8.30589e-13  -9.3106e-14  4.38826e-13 -1.19261e-12  2.31839e-12 -1.66692e-12
 2.04172e-16  2.63865e-15  4.34829e-13 -1.00412e-13 -7.02718e-13   2.3558e-12 -7.11187e-13   1.2674e-13  4.66111e-15   1.3757e-12 -7.58858e-14 -1.51848e-14  2.15189e-14  2.56369e-12  3.68913e-12
 5.70486e-16 -1.20553e-15 -1.51999e-13  1.16599e-15  3.14813e-13 -7.11187e-13  3.65006e-13  1.04616e-14  2.11734e-15 -6.75251e-13    -9.57e-14 -8.67319e-15  3.64353e-13 -1.32961e-12 -9.57482e-13
 3.80075e-15 -4.62554e-16  2.59658e-14 -2.56387e-13 -1.71079e-14   1.2674e-13  1.04616e-14  4.26527e-13  2.36159e-14  7.60227e-14 -7.57798e-13 -8.72403e-14  2.09173e-12  2.47048e-13  8.36321e-14
 1.97168e-13 -2.94959e-14  2.90368e-16  1.13941e-12 -2.01144e-13  4.66111e-15  2.11734e-15  2.36159e-14  5.66025e-13  4.57466e-15  -6.9706e-14 -1.23087e-12  2.02204e-12 -5.40383e-15  9.79775e-15
 9.29932e-17  2.93242e-15  2.24841e-13 -1.14044e-13 -8.30589e-13   1.3757e-12  -6.7525e-13  7.60227e-14  4.57466e-15  1.74986e-12  3.89457e-16 -1.46411e-14 -3.30348e-13  8.58671e-13  2.43488e-12
-1.10975e-14  1.85845e-15 -1.78515e-14  7.23373e-13 -9.31059e-14 -7.58858e-14    -9.57e-14 -7.57798e-13 -6.97061e-14  3.89444e-16  1.93714e-12  2.57943e-13 -1.64057e-12 -2.22573e-13  4.43373e-14
-3.43193e-13  5.61593e-14 -9.02256e-16 -2.47331e-12  4.38826e-13 -1.51847e-14 -8.67318e-15 -8.72402e-14 -1.23087e-12  -1.4641e-14  2.57943e-13  3.25523e-12 -5.24731e-12  1.85901e-14 -3.13024e-14
 5.75559e-13 -9.63841e-14 -8.50254e-15  7.00382e-12 -1.19261e-12  2.15187e-14  3.64353e-13  2.09173e-12  2.02204e-12 -3.30348e-13 -1.64057e-12 -5.24731e-12  4.16051e-11  1.37931e-13 -6.21329e-13
 9.84106e-15  9.29728e-14  1.08998e-12  3.82536e-13  2.31839e-12  2.56369e-12 -1.32961e-12  2.47048e-13 -5.40384e-15  8.58673e-13 -2.22573e-13    1.859e-14  1.37931e-13  2.28212e-11 -1.32347e-12
 2.14726e-16  6.06567e-15  3.40608e-13 -2.28919e-13 -1.66692e-12  3.68913e-12 -9.57482e-13  8.36322e-14  9.79774e-15  2.43488e-12  4.43371e-14 -3.13025e-14 -6.21329e-13 -1.32346e-12  9.01184e-12
Matrix: 
 2.57021e-13 -1.42511e-14  3.44894e-18  5.09399e-13   -7.555e-14  2.25254e-16  5.46021e-16  3.38118e-15  1.91002e-13  1.06895e-16 -9.52349e-15 -3.22574e-13  5.33994e-13   1.0065e-14   2.5925e-16
-1.42511e-14  1.64176e-13  2.41138e-16 -6.39223e-14  1.30428e-13  2.03531e-15  -9.5605e-16 -4.87322e-16 -3.13703e-14  2.13177e-15  1.78557e-15  5.74386e-14 -9.70496e-14  8.57406e-14  4.37689e-15
 3.44801e-18  2.41123e-16  2.48135e-13 -8.25937e-15 -6.24601e-14  4.18484e-13 -1.44889e-13  2.71289e-14  3.12213e-16  2.08005e-13  -1.7528e-14 -9.17792e-16  -8.3819e-15  1.06411e-12  3.06573e-13
 5.09399e-13 -6.39223e-14 -8.25937e-15  3.55749e-12 -4.21814e-13 -9.84521e-14  1.73375e-15 -2.29932e-13  1.04197e-12 -1.08119e-13  6.18103e-13 -2.15288e-12  6.14632e-12  3.75009e-13 -2.13606e-13
  -7.555e-14  1.30428e-13 -6.24601e-14 -4.21814e-13  1.43536e-12 -6.23552e-13  2.82542e-13 -1.65166e-14 -2.01261e-13 -7.07368e-13 -8.81665e-14   4.1832e-13 -1.14373e-12  2.08604e-12 -1.39412e-12
 2.25245e-16  2.03517e-15  4.18484e-13 -9.84521e-14 -6.23552e-13  2.13436e-12 -6.32827e-13    1.234e-13  4.53296e-15  1.15831e-12 -7.08808e-14 -1.40868e-14  1.46172e-14  2.50975e-12  3.11052e-12
 5.46025e-16 -9.55991e-16 -1.44889e-13  1.73377e-15  2.82542e-13 -6.32827e-13  3.32002e-13  1.22274e-14  1.92678e-15 -5.81997e-13  -9.2917e-14 -7.90936e-15  3.97076e-13 -1.28775e-12 -7.80422e-13
 3.38118e-15 -4.87329e-16  2.71289e-14 -2.29932e-13 -1.65166e-14    1.234e-13  1.22274e-14  3.96802e-13   2.0235e-14  7.04625e-14 -6.66004e-13 -7.31053e-14  2.07349e-12  2.62466e-13  6.85919e-14
 1.91002e-13 -3.13703e-14  3.12213e-16  1.04197e-12 -2.01261e-13  4.53297e-15  1.92678e-15   2.0235e-14  5.21992e-13  4.22336e-15 -5.76388e-14 -1.08404e-12  1.73722e-12 -6.31682e-15  9.10151e-15
 1.06885e-16  2.13162e-15  2.08005e-13 -1.08119e-13 -7.07369e-13  1.15831e-12 -5.81997e-13  7.04625e-14  4.22336e-15  1.46345e-12  2.42008e-15 -1.28888e-14 -3.37716e-13  9.51193e-13  1.86574e-12
-9.52351e-15  1.78556e-15  -1.7528e-14  6.18103e-13 -8.81665e-14 -7.08808e-14  -9.2917e-14 -6.66004e-13 -5.76388e-14  2.42007e-15    1.633e-12  2.08588e-13 -1.74412e-12 -2.21125e-13   4.4224e-14
-3.22574e-13  5.74386e-14 -9.17789e-16 -2.15288e-12   4.1832e-13 -1.40868e-14 -7.90935e-15 -7.31052e-14 -1.08404e-12 -1.28888e-14  2.08587e-13  2.75888e-12 -4.26826e-12  2.10944e-14 -2.77364e-14
 5.33994e-13 -9.70496e-14 -8.38192e-15  6.14632e-12 -1.14373e-12   1.4617e-14  3.97076e-13  2.07349e-12  1.73722e-12 -3.37716e-13 -1.74412e-12 -4.26826e-12  3.83571e-11  1.39567e-13 -6.42067e-13
  1.0065e-14  8.57405e-14  1.06411e-12  3.75009e-13  2.08604e-12  2.50974e-12 -1.28775e-12  2.62466e-13 -6.31682e-15  9.51195e-13 -2.21125e-13  2.10944e-14  1.39567e-13  2.11824e-11 -8.76008e-13
 2.59231e-16  4.37656e-15  3.06573e-13 -2.13606e-13 -1.39412e-12  3.11052e-12 -7.80422e-13  6.85919e-14   9.1015e-15  1.86574e-12  4.42239e-14 -2.77365e-14 -6.42067e-13    -8.76e-13   7.2186e-12
Matrix: 
 2.55777e-13  -1.5606e-14  4.20387e-18   4.9587e-13 -7.92872e-14  2.10639e-16  5.20664e-16  2.94457e-15  1.85288e-13  8.58519e-17 -8.05634e-15 -3.04707e-13  4.98835e-13  1.03601e-14  2.29025e-16
 -1.5606e-14  1.63679e-13  1.90991e-16 -6.73667e-14  1.31634e-13  1.44366e-15 -7.11357e-16  -4.9672e-16 -3.31768e-14   1.4289e-15  1.66802e-15  5.86895e-14 -9.77925e-14  7.99338e-14  2.90436e-15
 4.20297e-18  1.90979e-16  2.46422e-13 -8.70057e-15 -5.95822e-14  4.04337e-13 -1.38706e-13  2.82661e-14  3.27441e-16  1.94463e-13  -1.7216e-14 -9.20295e-16 -8.37174e-15  1.03986e-12  2.79945e-13
  4.9587e-13 -6.73667e-14 -8.70057e-15  3.31912e-12 -4.21438e-13 -9.71959e-14  2.18175e-15 -2.10212e-13  9.62011e-13 -1.04094e-13  5.41062e-13  -1.9032e-12  5.48352e-12  3.71192e-13  -2.0172e-13
-7.92872e-14  1.31634e-13 -5.95822e-14 -4.21438e-13  1.38012e-12 -5.59008e-13  2.57061e-13 -1.57625e-14 -2.01895e-13 -6.14206e-13 -8.52885e-14  4.02105e-13 -1.10701e-12  1.90647e-12 -1.18467e-12
 2.10631e-16  1.44355e-15  4.04337e-13 -9.71958e-14 -5.59008e-13  1.95985e-12  -5.7183e-13  1.21188e-13  4.33234e-15   9.9884e-13 -6.68218e-14 -1.29568e-14   7.7772e-15  2.45672e-12  2.68144e-12
 5.20669e-16 -7.11313e-16 -1.38706e-13  2.18176e-15  2.57061e-13  -5.7183e-13  3.06883e-13  1.40138e-14  1.69715e-15 -5.14284e-13 -9.20588e-14 -7.05821e-15   4.2904e-13 -1.24738e-12 -6.53319e-13
 2.94457e-15 -4.96726e-16  2.82661e-14 -2.10212e-13 -1.57625e-14  1.21188e-13  1.40138e-14  3.74345e-13  1.70448e-14  6.68805e-14 -5.99773e-13 -6.07023e-14  2.05291e-12  2.76941e-13  5.74353e-14
 1.85288e-13 -3.31768e-14  3.27442e-16  9.62011e-13 -2.01895e-13  4.33234e-15  1.69715e-15  1.70448e-14  4.85897e-13  3.85797e-15 -4.71354e-14 -9.69238e-13  1.51644e-12 -6.92391e-15  8.35301e-15
