Matrix: 
  1.0081e-06            0            0        9e-08            0            0            0            0            0            0            0            0            0            0            0
           0   1.0081e-06            0            0        9e-08            0            0            0            0            0            0            0            0            0            0
           0            0   1.0081e-06            0            0        9e-08            0            0            0            0            0            0            0            0            0
       9e-08            0            0  1.78521e-06  7.97569e-14 -5.39995e-09            0 -8.81536e-07 -1.30202e-11            0            0            0  8.99998e-08  1.77202e-10  9.94631e-14
           0        9e-08            0  7.97569e-14  1.78524e-06  1.14778e-11  8.81536e-07            0 -6.12561e-09            0            0            0 -1.77202e-10  8.99998e-08 -9.81477e-14
           0            0        9e-08 -5.39995e-09  1.14778e-11  1.00814e-06  1.30202e-11  6.12561e-09            0            0            0            0 -9.96561e-14  9.79517e-14        9e-08
           0            0            0            0  8.81536e-07  1.30202e-11   1.0081e-06 -5.03622e-28  1.57772e-30 -8.99998e-08 -1.77202e-10 -9.94631e-14            0            0            0
           0            0            0 -8.81536e-07            0  6.12561e-09  -3.7348e-27   1.0081e-06 -3.15545e-30  1.77202e-10 -8.99998e-08  9.81477e-14            0            0            0
           0            0            0 -1.30202e-11 -6.12561e-09            0 -1.50463e-36 -3.15545e-30   1.0081e-06  9.96561e-14 -9.79517e-14       -9e-08            0            0            0
           0            0            0            0            0            0 -8.99998e-08  1.77202e-10  9.96561e-14        1e-06            0            0            0            0            0
           0            0            0            0            0            0 -1.77202e-10 -8.99998e-08 -9.79517e-14            0        1e-06            0            0            0            0
           0            0            0            0            0            0 -9.94631e-14  9.81477e-14       -9e-08            0            0        1e-06            0            0            0
           0            0            0  8.99998e-08 -1.77202e-10 -9.96561e-14            0            0            0            0            0            0        1e-06            0            0
           0            0            0  1.77202e-10  8.99998e-08  9.79517e-14            0            0            0            0            0            0            0        1e-06            0
           0            0            0  9.94631e-14 -9.81477e-14        9e-08            0            0            0            0            0            0            0            0        1e-06
Matrix: 
 6.55003e-13 -7.85627e-17 -2.77147e-22  5.53995e-13 -2.71156e-15  4.73317e-20   4.1712e-18   3.5256e-15  2.01784e-13  1.13356e-16 -3.87894e-14 -1.96415e-14  4.43585e-14  1.29606e-16  1.97351e-18
-7.85627e-17  6.15002e-13 -2.91157e-20 -8.70188e-16  1.10461e-13 -2.66318e-19 -3.97915e-16 -5.29929e-18 -3.93545e-16  4.37839e-15  7.62068e-17  8.15637e-18 -8.71484e-17  5.00702e-15 -3.81863e-20
-2.77226e-22  -2.9126e-20  6.55044e-13 -3.78077e-16 -1.94332e-13  5.54029e-13 -2.03151e-13  3.81193e-16  9.59513e-18  3.46861e-14  2.69708e-16 -1.04509e-16  1.79213e-18  1.72055e-14  4.46355e-14
  5.5399e-13 -8.70188e-16 -3.78077e-16  9.92661e-09 -3.00575e-14 -1.65982e-14   4.4764e-18 -7.13302e-11  2.22666e-12  -3.1653e-12  7.73937e-10 -1.95799e-13  1.09114e-07  4.46228e-10   3.3137e-12
-2.71156e-15  1.10443e-13 -1.94332e-13 -3.00575e-14  9.92169e-09  -2.1549e-12  7.13649e-11 -1.37435e-16 -5.04843e-13 -7.74319e-10 -3.16461e-12  5.38041e-12 -4.46229e-10  1.09114e-07 -1.39105e-11
 4.73303e-20 -2.66404e-19  5.54025e-13 -1.65982e-14  -2.1549e-12  9.92516e-09 -2.24193e-12  5.04684e-13  1.06648e-16  2.87396e-13 -5.40173e-12 -4.83296e-16 -3.44572e-12   1.3896e-11   1.0911e-07
  4.1712e-18 -3.97915e-16 -2.03151e-13  4.47639e-18  7.13649e-11 -2.24193e-12  9.85914e-09  4.44574e-17  4.29484e-13 -1.08438e-07 -4.43466e-10 -8.05544e-12 -3.16615e-12  7.74157e-10 -1.79109e-13
  3.5256e-15 -5.29929e-18  3.81193e-16 -7.13302e-11 -1.37435e-16  5.04684e-13  4.44574e-17  9.85914e-09  6.29283e-15  4.43465e-10 -1.08438e-07  1.37369e-11 -7.74155e-10 -3.16547e-12    5.379e-12
 2.01784e-13 -3.93545e-16  9.59513e-18  2.22666e-12 -5.04843e-13  1.06648e-16  4.29484e-13  6.29283e-15  9.92068e-09 -1.31636e-12 -1.37939e-11 -1.09116e-07  1.01266e-13 -5.40285e-12  6.93986e-16
 1.13356e-16  4.37839e-15  3.46861e-14  -3.1653e-12 -7.74319e-10  2.87396e-13 -1.08438e-07  4.43465e-10 -1.31636e-12  1.19283e-06  1.17249e-16  5.17429e-11   1.0448e-16 -8.51675e-09   3.4337e-14
-3.87894e-14  7.62068e-17  2.69708e-16  7.73937e-10 -3.16461e-12 -5.40173e-12 -4.43466e-10 -1.08438e-07 -1.37939e-11  1.17249e-16  1.19283e-06  1.68965e-14  8.51672e-09 -1.63129e-19 -5.91716e-11
-1.96415e-14  8.15637e-18 -1.04509e-16 -1.95799e-13  5.38041e-12 -4.83296e-16 -8.05544e-12  1.37369e-11 -1.09116e-07  5.17429e-11  1.68965e-14  1.20028e-06 -1.93231e-14  5.91719e-11 -1.04317e-16
 4.43585e-14 -8.71484e-17  1.79213e-18  1.09114e-07 -4.46229e-10 -3.44572e-12 -3.16615e-12 -7.74155e-10  1.01266e-13   1.0448e-16  8.51672e-09 -1.93231e-14  1.20026e-06  1.18522e-16 -4.22535e-13
 1.29606e-16  5.00702e-15  1.72055e-14  4.46228e-10  1.09114e-07   1.3896e-11  7.74157e-10 -3.16547e-12 -5.40285e-12 -8.51675e-09 -1.63129e-19  5.91719e-11  1.18522e-16  1.20026e-06  1.70323e-14
 1.97351e-18 -3.81932e-20  4.46355e-14   3.3137e-12 -1.39105e-11   1.0911e-07 -1.79109e-13    5.379e-12  6.93986e-16   3.4337e-14 -5.91716e-11 -1.04317e-16 -4.22535e-13  1.70323e-14   1.2002e-06
Matrix: 
 3.99355e-13 -1.82607e-16 -1.17986e-21  8.13752e-13 -6.64815e-15  9.22038e-18 -3.49671e-18  4.13989e-17  3.14098e-13  4.03105e-17 -4.41739e-16 -1.26714e-12  2.87434e-12  7.60121e-15  9.17119e-17
-1.82607e-16  3.49795e-13   -4.254e-19 -2.69361e-15  1.60781e-13  3.45569e-18 -4.76129e-18  -1.8165e-19 -1.51168e-15  5.26334e-17  2.63521e-18  7.68965e-15 -1.72172e-14  5.52272e-13  4.52941e-17
-1.17993e-21 -4.25486e-19  3.99365e-13  3.75091e-16 -9.22478e-14  8.13828e-13   -3.141e-13  2.59415e-15 -3.84943e-18  1.26731e-12 -2.50844e-15     3.84e-17 -2.52705e-15  1.15002e-12  2.87485e-12
 8.13755e-13 -2.69352e-15  3.75091e-16  3.35219e-11 -3.03274e-13 -6.68191e-14 -1.06965e-14  -3.2384e-12  1.18136e-11  -2.2114e-13  2.50765e-11  -8.2121e-11  2.25349e-10  4.98392e-13 -5.32943e-13
-6.64818e-15  1.60791e-13 -9.22478e-14 -3.03274e-13  8.43526e-12 -6.81139e-12   3.1961e-12 -9.73026e-15 -1.42482e-13 -2.46187e-11 -2.26031e-13   1.0387e-12 -2.78797e-12  5.56204e-11 -5.15115e-11
 9.22048e-18  3.45634e-18   8.1383e-13 -6.68191e-14 -6.81139e-12  3.14098e-11 -1.18137e-11  1.45213e-13 -8.07749e-18  8.21286e-11  -1.8564e-13  6.43756e-16 -6.33105e-14 -2.76054e-11   2.1252e-10
-3.49671e-18 -4.76219e-18   -3.141e-13 -1.06965e-14   3.1961e-12 -1.18137e-11  5.59467e-12  5.28251e-16  1.11906e-17 -3.86965e-11 -4.15184e-13 -3.56771e-16 -1.76652e-13  1.26643e-11 -7.94389e-11
 4.13992e-17 -1.81641e-19  2.59415e-15  -3.2384e-12 -9.73026e-15  1.45213e-13  5.28251e-16  5.64083e-12  6.74401e-16  4.10439e-13 -3.91944e-11 -3.97177e-15 -1.31277e-11 -1.72911e-13  9.10299e-13
 3.14098e-13 -1.51168e-15 -3.84943e-18  1.18136e-11 -1.42482e-13 -8.07749e-18  1.11906e-17  6.74401e-16  5.59487e-12  2.76227e-16 -8.73567e-15 -3.87002e-11  7.94404e-11 -5.91743e-14   5.7755e-16
 4.03105e-17  5.26434e-17  1.26731e-12  -2.2114e-13 -2.46187e-11  8.21286e-11 -3.86965e-11  4.10439e-13  2.76227e-16  2.94168e-10 -1.06925e-14   6.3577e-17 -1.06046e-14 -1.40691e-10   6.1113e-10
-4.41743e-16  2.63525e-18 -2.50844e-15  2.50765e-11 -2.26031e-13  -1.8564e-13 -4.15184e-13 -3.91944e-11 -8.73566e-15 -1.06925e-14  2.99583e-10  5.78221e-14  1.45751e-10  1.07343e-14 -7.03246e-13
-1.26714e-12  7.68965e-15     3.84e-17 -8.21209e-11   1.0387e-12  6.43756e-16 -3.56771e-16 -3.97177e-15 -3.87002e-11  6.35772e-17  5.78221e-14  2.94181e-10 -6.11102e-10  6.55842e-13 -1.27878e-16
 2.87437e-12 -1.72177e-14 -2.52705e-15  2.25349e-10 -2.78797e-12 -6.33105e-14 -1.76652e-13 -1.31277e-11  7.94404e-11 -1.06046e-14  1.45751e-10 -6.11102e-10  1.75042e-09 -1.41877e-12 -6.86298e-13
 7.60134e-15   5.5238e-13  1.15002e-12  4.98392e-13  5.56204e-11 -2.76054e-11  1.26643e-11 -1.72911e-13 -5.91743e-14 -1.40691e-10  1.07343e-14  6.55842e-13 -1.41877e-12  4.67125e-10 -3.06694e-10
 9.17129e-17   4.5303e-17  2.87488e-12 -5.32943e-13 -5.15115e-11   2.1252e-10 -7.94389e-11  9.10299e-13   5.7755e-16   6.1113e-10 -7.03246e-13 -1.27878e-16 -6.86298e-13 -3.06694e-10  1.60774e-09
Matrix: 
 3.23571e-13 -6.09105e-16  9.28349e-18  7.21968e-13 -1.12862e-14  4.10308e-16 -1.44942e-16  2.38157e-15  2.78839e-13  1.15455e-15 -1.44348e-14 -8.98728e-13  1.91187e-12 -4.11325e-15  2.44868e-15
-6.09104e-16  2.64041e-13  3.80415e-17 -7.97451e-15  1.44579e-13   1.4845e-15 -6.91971e-16  1.02887e-17 -3.94067e-15  4.18832e-15  8.96785e-18  1.68292e-14  -3.5545e-14  3.65736e-13  8.73217e-15
 9.28345e-18  3.80891e-17  3.23134e-13 -1.21049e-15 -9.11738e-14  7.06586e-13 -2.70766e-13  4.65521e-15  -1.3701e-17  8.50156e-13 -8.91359e-15  3.28025e-16 -7.24814e-15  1.19356e-12  1.81833e-12
 7.21969e-13 -7.97447e-15 -1.21049e-15  1.66257e-11 -2.25361e-13 -5.99175e-14 -2.62322e-15 -1.62909e-12  5.69273e-12 -1.44356e-13  9.96784e-12 -2.96876e-11  8.12483e-11  2.43453e-13 -3.20302e-13
-1.12862e-14  1.44582e-13 -9.11738e-14 -2.25361e-13   4.4914e-12 -3.60395e-12   1.6694e-12 -4.36357e-15 -1.05805e-13 -1.00932e-11 -1.40245e-13  5.46946e-13 -1.43087e-12  2.10079e-11 -2.10869e-11
 4.10312e-16  1.48636e-15  7.06586e-13 -5.99175e-14 -3.60395e-12  1.46653e-11  -5.4023e-12  1.01334e-13  4.90025e-17  2.79434e-11 -1.23707e-13  9.02721e-15 -4.50308e-14 -5.00708e-12   7.2049e-11
 -1.4494e-16 -6.92832e-16 -2.70766e-13 -2.62322e-15   1.6694e-12  -5.4023e-12  2.55125e-12  3.25293e-16  5.40327e-16 -1.30468e-11 -1.87789e-13 -7.72122e-15 -9.87551e-15  2.00342e-12 -2.61299e-11
  2.3818e-15  1.02999e-17  4.65521e-15 -1.62909e-12 -4.36357e-15  1.01334e-13  3.25293e-16  2.57463e-12  2.98153e-14   1.8538e-13 -1.32343e-11  -1.8806e-13 -1.80189e-12 -2.47879e-14  4.06246e-13
 2.78839e-13 -3.94067e-15  -1.3701e-17  5.69273e-12 -1.05805e-13  4.90025e-17  5.40325e-16  2.98152e-14  2.69672e-12  3.01106e-16  -1.8068e-13 -1.39276e-11  2.78701e-11 -3.93349e-14  1.06413e-15
 1.15455e-15  4.19353e-15  8.50156e-13 -1.44356e-13 -1.00932e-11  2.79434e-11 -1.30468e-11   1.8538e-13  3.01105e-16  7.67834e-11 -6.75439e-15  2.43222e-14 -2.17011e-13 -3.52697e-11   1.5766e-10
-1.44362e-14   8.9912e-18 -8.91358e-15  9.96784e-12 -1.40245e-13 -1.23707e-13 -1.87789e-13 -1.32343e-11  -1.8068e-13 -6.75433e-15  7.87009e-11  1.14052e-12  3.55158e-11  -1.3447e-13 -1.21145e-13
-8.98727e-13  1.68291e-14  3.28024e-16 -2.96876e-11  5.46946e-13   9.0272e-15  -7.7212e-15 -1.88059e-13 -1.39276e-11  2.43221e-14  1.14051e-12  8.21015e-11 -1.68137e-10  1.41513e-13  4.79425e-14
 1.91188e-12 -3.55451e-14 -7.24813e-15  8.12483e-11 -1.43087e-12 -4.50307e-14 -9.87558e-15 -1.80189e-12  2.78701e-11  -2.1701e-13  3.55158e-11 -1.68137e-10  5.14417e-10 -2.36411e-13 -3.27815e-13
-4.11317e-15   3.6577e-13  1.19356e-12  2.43453e-13  2.10079e-11 -5.00707e-12  2.00342e-12 -2.47879e-14 -3.93348e-14 -3.52697e-11  -1.3447e-13  1.41513e-13 -2.36411e-13  1.60122e-10   -8.328e-11
  2.4487e-15  8.74305e-15  1.81834e-12 -3.20302e-13 -2.10869e-11   7.2049e-11 -2.61299e-11  4.06246e-13  1.06413e-15   1.5766e-10 -1.21145e-13  4.79425e-14 -3.27815e-13   -8.328e-11  4.22111e-10
Matrix: 
 2.92175e-13 -9.99584e-16 -5.00429e-18  6.77663e-13 -1.27981e-14 -9.30312e-17  1.20484e-16  3.48429e-15  2.60629e-13 -2.09081e-16 -1.76681e-14 -7.18248e-13   1.4573e-12  1.84093e-16 -4.45856e-16
-9.99584e-16  2.23326e-13  1.10218e-16 -9.81523e-15  1.36273e-13  2.83899e-15 -1.29636e-15 -6.22844e-18 -4.78529e-15  6.46533e-15  1.65945e-16  1.64682e-14 -3.37229e-14  2.70998e-13  1.35243e-14
 -5.0042e-18  1.10287e-16  2.90917e-13 -1.64523e-15 -9.05456e-14  6.46213e-13 -2.44706e-13  5.25941e-15 -5.36918e-17     6.38e-13 -7.53137e-15  3.29403e-16 -6.30551e-15  1.21334e-12  1.29986e-12
 6.77663e-13  -9.8152e-15 -1.64523e-15  1.13129e-11 -1.80876e-13  -5.2358e-14 -3.53279e-16  -1.0843e-12   3.7636e-12 -1.09885e-13  5.57652e-12  -1.5974e-11  4.37706e-11  2.31208e-13 -2.26041e-13
-1.27981e-14  1.36275e-13 -9.05456e-14 -1.80876e-13   3.2373e-12 -2.51625e-12  1.14746e-12 -4.28005e-15 -8.44624e-14 -5.78925e-12 -9.79631e-14  3.53434e-13 -9.33634e-13  1.17429e-11 -1.21206e-11
 -9.3025e-17  2.84088e-15  6.46214e-13 -5.23579e-14 -2.51625e-12  9.36369e-12 -3.36245e-12  7.65159e-14 -9.63542e-16   1.3971e-11 -6.85872e-14  6.08284e-15  -1.4355e-14 -3.92371e-14  3.61227e-11
 1.20486e-16 -1.29722e-15 -2.44706e-13 -3.53279e-16  1.14746e-12 -3.36244e-12  1.58107e-12  5.43361e-16  1.26267e-15 -6.45713e-12 -1.14817e-13 -7.40911e-15  2.93969e-14 -2.95751e-13 -1.26208e-11
  3.4845e-15 -6.21665e-18  5.25941e-15  -1.0843e-12 -4.28005e-15  7.65159e-14  5.43362e-16  1.60532e-12  3.67177e-14  1.12299e-13 -6.57663e-12 -2.06803e-13  6.84158e-13  1.34094e-14  2.19778e-13
 2.60629e-13 -4.78529e-15 -5.36919e-17   3.7636e-12 -8.44624e-14 -9.63546e-16  1.26267e-15  3.67176e-14  1.77963e-12 -2.15397e-15 -1.87235e-13 -7.46178e-12  1.46104e-11 -1.55775e-15 -4.58388e-15
-2.09068e-16  6.46967e-15     6.38e-13 -1.09885e-13 -5.78925e-12   1.3971e-11 -6.45713e-12  1.12299e-13 -2.15396e-15  3.13043e-11 -5.93313e-15  1.38441e-14 -1.66556e-13  -1.3219e-11  6.33959e-11
-1.76692e-14  1.65979e-16 -7.53136e-15  5.57652e-12  -9.7963e-14 -6.85873e-14 -1.14817e-13 -6.57663e-12 -1.87235e-13 -5.93309e-15  3.23579e-11   1.0556e-12  1.27161e-11 -1.04727e-13   3.8536e-14
-7.18248e-13  1.64682e-14  3.29402e-16  -1.5974e-11  3.53434e-13  6.08285e-15 -7.40909e-15 -2.06802e-13 -7.46178e-12  1.38442e-14  1.05559e-12   3.6378e-11 -7.33801e-11 -3.16788e-14  2.92316e-14
  1.4573e-12  -3.3723e-14  -6.3055e-15  4.37706e-11 -9.33634e-13  -1.4355e-14  2.93968e-14  6.84155e-13  1.46104e-11 -1.66555e-13  1.27161e-11 -7.33801e-11  2.45207e-10  1.17089e-13 -2.10171e-13
 1.84136e-16  2.71012e-13  1.21334e-12  2.31208e-13  1.17429e-11 -3.92383e-14 -2.95748e-13  1.34094e-14 -1.55773e-15  -1.3219e-11 -1.04727e-13 -3.16788e-14  1.17089e-13  8.82083e-11 -3.53323e-11
-4.45828e-16  1.35334e-14  1.29986e-12 -2.26041e-13 -1.21206e-11  3.61227e-11 -1.26208e-11  2.19778e-13 -4.58386e-15  6.33959e-11  3.85361e-14  2.92316e-14 -2.10171e-13 -3.53323e-11  1.74317e-10
Matrix: 
 2.77322e-13 -1.42212e-15 -1.26831e-17  6.46617e-13 -1.44082e-14 -2.24161e-16  2.15119e-16  4.29659e-15  2.47719e-13 -4.47005e-16 -1.90406e-14 -6.07318e-13  1.18165e-12  2.12178e-15 -9.67247e-16
-1.42212e-15  2.00597e-13  1.85573e-16 -1.14477e-14  1.31148e-13  3.73404e-15 -1.67733e-15  -2.9525e-17 -5.54926e-15  7.23602e-15   3.1221e-16  1.63657e-14 -3.24304e-14  2.13814e-13  1.51621e-14
-1.26829e-17  1.85647e-16   2.7497e-13 -1.81893e-15  -8.8466e-14  6.00204e-13 -2.24657e-13  5.82175e-15 -2.88814e-17  5.06268e-13 -6.84819e-15  9.55921e-17 -5.07804e-15  1.21729e-12  9.82307e-13
 6.46617e-13 -1.14477e-14 -1.81893e-15  8.68642e-12  -1.6301e-13 -4.61628e-14 -4.84385e-16 -7.96127e-13  2.81793e-12 -8.42758e-14  3.57637e-12 -1.02148e-11  2.80507e-11  2.00587e-13 -1.70952e-13
-1.44082e-14  1.31148e-13  -8.8466e-14  -1.6301e-13  2.61765e-12 -1.93313e-12  8.70278e-13 -4.81717e-15 -7.59187e-14 -3.80527e-12  -7.4273e-14  2.72484e-13 -7.22887e-13  7.79891e-12 -7.97298e-12
-2.24154e-16  3.73563e-15  6.00204e-13 -4.61628e-14 -1.93313e-12  6.75697e-12 -2.36388e-12   6.4617e-14  -9.4436e-17  8.25459e-12 -5.11198e-14 -6.68405e-16  4.54522e-15  1.63678e-12  2.14465e-11
  2.1512e-16 -1.67804e-15 -2.24657e-13 -4.84387e-16  8.70278e-13 -2.36388e-12  1.11147e-12  7.37201e-16  1.09544e-15 -3.79455e-12  -8.0179e-14  -5.0617e-15  4.63679e-14 -1.04436e-12 -7.19468e-12
 4.29675e-15 -2.95137e-17  5.82175e-15 -7.96127e-13 -4.81718e-15   6.4617e-14  7.37201e-16  1.14129e-12  3.93391e-14  7.80093e-14 -3.89129e-12 -2.00112e-13  1.53852e-12  3.24994e-14  1.42438e-13
 2.47719e-13 -5.54926e-15 -2.88817e-17  2.81793e-12 -7.59187e-14 -9.44431e-17  1.09544e-15   3.9339e-14  1.33457e-12 -2.55833e-16 -1.75754e-13 -4.77552e-12  9.13346e-12  3.64784e-15  -7.6541e-16
 -4.4699e-16  7.23914e-15  5.06268e-13 -8.42758e-14 -3.80527e-12  8.25459e-12 -3.79455e-12  7.80093e-14 -2.55819e-16  1.57673e-11 -6.13458e-15 -7.80231e-16 -1.22255e-13 -5.69855e-12   3.1231e-11
-1.90413e-14   3.1224e-16 -6.84818e-15  3.57637e-12 -7.42729e-14 -5.11198e-14  -8.0179e-14 -3.89129e-12 -1.75754e-13 -6.13455e-15    1.646e-11   8.9495e-13   4.9919e-12 -8.88751e-14  3.74248e-14
-6.07318e-13  1.63657e-14  9.55922e-17 -1.02148e-11  2.72484e-13 -6.68388e-16 -5.06168e-15 -2.00111e-13 -4.77552e-12 -7.80203e-16  8.94946e-13  2.00742e-11 -3.96637e-11 -3.15217e-14 -6.22651e-16
 1.18165e-12 -3.24304e-14 -5.07803e-15  2.80507e-11 -7.22887e-13  4.54523e-15  4.63678e-14  1.53852e-12  9.13346e-12 -1.22255e-13  4.99191e-12 -3.96637e-11  1.47094e-10  1.12765e-13 -1.63616e-13
  2.1218e-15  2.13821e-13  1.21729e-12  2.00587e-13  7.79891e-12  1.63678e-12 -1.04436e-12  3.24994e-14  3.64786e-15 -5.69856e-12 -8.88751e-14 -3.15217e-14  1.12765e-13  5.99313e-11 -1.83309e-11
-9.67217e-16  1.51687e-14  9.82308e-13 -1.70952e-13 -7.97298e-12  2.14465e-11 -7.19468e-12  1.42438e-13 -7.65382e-16   3.1231e-11  3.74249e-14 -6.22704e-16 -1.63616e-13 -1.83309e-11  8.87153e-11
Matrix: 
 2.69792e-13 -1.87863e-15 -1.39468e-17   6.2157e-13 -1.61324e-14 -1.93424e-16  2.34831e-16  4.75619e-15  2.37218e-13 -3.54302e-16 -1.89309e-14 -5.31469e-13  9.97037e-13  2.83543e-15  -7.7612e-16
-1.87863e-15  1.86763e-13  2.50823e-16 -1.30668e-14  1.27637e-13  4.20666e-15 -1.86341e-15 -5.49602e-17 -6.31526e-15  7.14766e-15  4.30911e-16   1.6592e-14 -3.18705e-14  1.75753e-13  1.49876e-14
-1.39464e-17  2.50893e-16  2.66182e-13 -1.94605e-15 -8.52345e-14  5.61862e-13 -2.08015e-13  6.37558e-15  6.22721e-18  4.17335e-13 -6.55095e-15 -8.12076e-17 -4.21148e-15  1.20911e-12  7.71316e-13
  6.2157e-13 -1.30668e-14 -1.94605e-15  7.10726e-12 -1.54513e-13  -4.2031e-14  -6.2849e-16 -6.14919e-13   2.2564e-12 -6.79277e-14  2.47648e-12 -7.21028e-12  1.98596e-11  1.75943e-13 -1.38236e-13
-1.61324e-14  1.27638e-13 -8.52345e-14 -1.54513e-13  2.24065e-12 -1.55502e-12  6.93156e-13 -5.30743e-15 -7.19109e-14 -2.69455e-12 -5.93995e-14  2.28583e-13 -6.08232e-13  5.70968e-12  -5.6407e-12
-1.93415e-16  4.20793e-15  5.61862e-13  -4.2031e-14 -1.55502e-12  5.21769e-12 -1.77879e-12  5.74508e-14  6.78501e-16  5.38036e-12 -4.27022e-14 -4.10857e-15  1.20584e-14  2.29471e-12  1.40628e-11
 2.34831e-16 -1.86397e-15 -2.08015e-13 -6.28493e-16  6.93155e-13 -1.77879e-12  8.39827e-13  1.02792e-15  9.33532e-16  -2.4725e-12 -6.08234e-14 -3.96151e-15  6.04995e-14 -1.32146e-12 -4.51874e-12
  4.7563e-15 -5.49498e-17  6.37558e-15 -6.14919e-13 -5.30743e-15  5.74508e-14  1.02792e-15  8.76164e-13  3.91007e-14  5.84182e-14 -2.55958e-12 -1.82975e-13  1.88756e-12  4.54296e-14  1.00615e-13
 2.37218e-13 -6.31525e-15  6.22681e-18   2.2564e-12 -7.19109e-14  6.78492e-16  9.33533e-16  3.91006e-14  1.07283e-12  9.96639e-16 -1.57176e-13 -3.38644e-12  6.31912e-12  2.86999e-15  1.88467e-15
-3.54288e-16  7.14984e-15  4.17335e-13 -6.79276e-14 -2.69455e-12  5.38036e-12  -2.4725e-12  5.84182e-14  9.96654e-16  9.05886e-12 -5.21846e-15 -6.14933e-15 -1.05732e-13 -2.46749e-12  1.73775e-11
-1.89313e-14  4.30936e-16 -6.55095e-15  2.47648e-12 -5.93995e-14 -4.27022e-14 -6.08234e-14 -2.55958e-12 -1.57176e-13 -5.21844e-15  9.55666e-12  7.36293e-13  1.71138e-12 -8.18114e-14  2.67072e-14
-5.31469e-13  1.65919e-14 -8.12074e-17 -7.21028e-12  2.28583e-13 -4.10855e-15 -3.96149e-15 -1.82974e-13 -3.38644e-12  -6.1493e-15   7.3629e-13  1.26396e-11 -2.43438e-11 -1.75778e-14 -1.20394e-14
 9.97038e-13 -3.18705e-14 -4.21148e-15  1.98596e-11 -6.08232e-13  1.20584e-14  6.04994e-14  1.88756e-12  6.31912e-12 -1.05732e-13  1.71139e-12 -2.43438e-11  1.01391e-10  8.35525e-14 -1.58917e-13
 2.83545e-15  1.75757e-13  1.20911e-12  1.75943e-13  5.70968e-12  2.29471e-12 -1.32146e-12  4.54295e-14  2.87001e-15  -2.4675e-12 -8.18114e-14 -1.75778e-14  8.35522e-14  4.55889e-11 -1.06516e-11
-7.76091e-16  1.49922e-14  7.71317e-13 -1.38236e-13  -5.6407e-12  1.40628e-11 -4.51874e-12  1.00615e-13  1.88471e-15  1.73775e-11  2.67073e-14 -1.20394e-14 -1.58917e-13 -1.06516e-11  5.12597e-11
Matrix: 
 2.65753e-13 -2.35893e-15 -1.18043e-17  6.00003e-13 -1.78691e-14 -1.18794e-16  2.30166e-16  4.90594e-15  2.28073e-13 -2.15965e-16 -1.78803e-14 -4.75873e-13   8.6547e-13  3.07747e-15 -4.79326e-16
-2.35893e-15  1.77901e-13  2.98389e-16 -1.46566e-14  1.25098e-13  4.32057e-15 -1.89101e-15 -8.03748e-17 -7.07254e-15  6.57032e-15  5.20223e-16  1.69725e-14 -3.16952e-14  1.48842e-13   1.3773e-14
-1.18038e-17  2.98452e-16  2.60813e-13 -2.07197e-15 -8.13746e-14  5.28917e-13 -1.93823e-13  6.90175e-15  3.58483e-17  3.54244e-13 -6.39229e-15 -1.85129e-16 -3.65171e-15  1.19221e-12  6.24612e-13
 6.00003e-13 -1.46565e-14 -2.07197e-15  6.04753e-12 -1.49829e-13 -3.92117e-14 -5.51391e-16 -4.91151e-13  1.88481e-12 -5.72317e-14  1.80656e-12 -5.42895e-12  1.50095e-11  1.58503e-13 -1.17095e-13
-1.78691e-14  1.25099e-13 -8.13746e-14 -1.49829e-13  1.98242e-12 -1.28586e-12   5.6928e-13 -5.64798e-15 -6.97684e-14  -2.0038e-12 -4.93429e-14  2.00597e-13 -5.35474e-13   4.4518e-12 -4.18264e-12
-1.18785e-16  4.32155e-15  5.28917e-13 -3.92116e-14 -1.28586e-12  4.21422e-12 -1.40127e-12  5.24921e-14  1.15311e-15  3.75337e-12 -3.72128e-14 -5.44465e-15  1.39411e-14  2.55565e-12  9.87317e-12
 2.30165e-16 -1.89143e-15 -1.93823e-13 -5.51394e-16   5.6928e-13 -1.40127e-12  6.66832e-13  1.41332e-15  8.53498e-16 -1.73322e-12 -4.90422e-14 -3.56095e-15  7.38801e-14 -1.41797e-12 -3.03449e-12
 4.90601e-15 -8.03655e-17  6.90175e-15 -4.91151e-13 -5.64798e-15  5.24921e-14  1.41333e-15  7.09672e-13  3.71274e-14   4.6023e-14  -1.8161e-12 -1.62342e-13  2.03941e-12  5.54453e-14  7.43353e-14
 2.28073e-13 -7.07254e-15  3.58478e-17  1.88481e-12 -6.97684e-14   1.1531e-15  8.53498e-16  3.71273e-14  9.00933e-13  1.54595e-15 -1.36903e-13 -2.56794e-12  4.67212e-12  1.39439e-15  3.11261e-15
-2.15952e-16  6.57184e-15  3.54244e-13 -5.72317e-14  -2.0038e-12  3.75337e-12 -1.73322e-12   4.6023e-14  1.54596e-15  5.72504e-12 -3.95579e-15 -7.30127e-15 -1.01765e-13 -8.83268e-13  1.05196e-11
-1.78806e-14  5.20242e-16 -6.39229e-15  1.80656e-12 -4.93429e-14 -3.72128e-14 -4.90422e-14  -1.8161e-12 -1.36904e-13 -3.95578e-15  6.10414e-12  5.99265e-13  1.19985e-13 -7.84688e-14  2.02388e-14
-4.75873e-13  1.69724e-14 -1.85129e-16 -5.42895e-12  2.00597e-13 -5.44463e-15 -3.56093e-15 -1.62342e-13 -2.56794e-12 -7.30125e-15  5.99263e-13  8.69892e-12 -1.62628e-11 -7.47614e-15 -1.47994e-14
  8.6547e-13 -3.16952e-14 -3.65171e-15  1.50095e-11 -5.35474e-13  1.39412e-14    7.388e-14   2.0394e-12  4.67212e-12 -1.01765e-13  1.19992e-13 -1.62628e-11  7.66882e-11  6.42081e-14 -1.67531e-13
 3.07749e-15  1.48844e-13  1.19221e-12  1.58503e-13   4.4518e-12  2.55565e-12 -1.41797e-12  5.54452e-14   1.3944e-15 -8.83274e-13 -7.84689e-14 -7.47613e-15  6.42079e-14  3.71175e-11 -6.63767e-12
-4.79298e-16  1.37762e-14  6.24613e-13 -1.17095e-13 -4.18264e-12  9.87317e-12 -3.03449e-12  7.43353e-14  3.11264e-15  1.05196e-11  2.02388e-14 -1.47994e-14 -1.67531e-13 -6.63767e-12  3.23604e-11
Matrix: 
 2.63418e-13 -2.85228e-15 -8.38866e-18  5.80843e-13 -1.95609e-14 -4.57398e-17   2.1974e-16  4.82821e-15  2.19845e-13 -1.04738e-16 -1.63503e-14 -4.33036e-13  7.67342e-13  3.15478e-15 -2.36431e-16
-2.85228e-15  1.72037e-13  3.25022e-16 -1.61955e-14  1.23215e-13  4.15392e-15 -1.79956e-15 -1.04285e-16 -7.80978e-15  5.74085e-15  5.81525e-16  1.74144e-14 -3.17143e-14   1.2904e-13  1.20176e-14
-8.38808e-18  3.25076e-16  2.57149e-13  -2.2028e-15 -7.73069e-14  5.00318e-13   -1.816e-13  7.39328e-15   5.8254e-17    3.079e-13 -6.27578e-15 -2.42437e-16 -3.29294e-15  1.16965e-12  5.19418e-13
 5.80843e-13 -1.61955e-14 -2.20281e-15   5.2858e-12 -1.46994e-13 -3.71702e-14 -3.37412e-16 -4.02887e-13  1.62128e-12 -4.98888e-14  1.37215e-12 -4.27935e-12  1.18845e-11  1.46331e-13 -1.02302e-13
-1.95609e-14  1.23215e-13 -7.73069e-14 -1.46994e-13  1.79247e-12 -1.08435e-12  4.78378e-13 -5.84075e-15 -6.85368e-14 -1.54582e-12 -4.22631e-14  1.81021e-13 -4.84977e-13  3.62907e-12 -3.20969e-12
-4.57307e-17  4.15467e-15  5.00318e-13 -3.71702e-14 -1.08435e-12  3.51876e-12 -1.14277e-12  4.88324e-14  1.40937e-15  2.75799e-12 -3.31221e-14 -5.78636e-15  1.33217e-14  2.64171e-12  7.29984e-12
 2.19739e-16 -1.79989e-15   -1.816e-13 -3.37414e-16  4.78378e-13 -1.14277e-12  5.49897e-13  1.87433e-15  8.16439e-16 -1.28625e-12 -4.15662e-14 -3.39846e-15  8.66626e-14 -1.43659e-12 -2.14544e-12
 4.82826e-15 -1.04277e-16  7.39328e-15 -4.02887e-13 -5.84076e-15  4.88324e-14  1.87433e-15  5.98921e-13   3.4196e-14  3.77407e-14 -1.36777e-12 -1.41445e-13  2.10377e-12  6.37214e-14  5.64706e-14
 2.19845e-13 -7.80978e-15  5.82534e-17  1.62128e-12 -6.85368e-14  1.40936e-15   8.1644e-16  3.41959e-14  7.79667e-13  1.71814e-15 -1.17387e-13 -2.04162e-12  3.62056e-12  1.63696e-16  3.54851e-15
-1.04726e-16  5.74191e-15    3.079e-13 -4.98888e-14 -1.54582e-12  2.75799e-12 -1.28626e-12  3.77407e-14  1.71816e-15  3.90259e-12 -2.72121e-15 -6.99965e-15 -1.02497e-13 -4.05723e-14  6.79006e-12
-1.63505e-14   5.8154e-16 -6.27578e-15  1.37215e-12 -4.22631e-14 -3.31222e-14 -4.15662e-14 -1.36777e-12 -1.17388e-13  -2.7212e-15  4.20468e-12  4.86067e-13 -7.22192e-13 -7.66779e-14  1.70405e-14
-4.33036e-13  1.74144e-14 -2.42437e-16 -4.27935e-12  1.81021e-13 -5.78635e-15 -3.39844e-15 -1.41445e-13 -2.04162e-12 -6.99964e-15  4.86065e-13  6.38471e-12 -1.15449e-11 -1.24163e-15 -1.44641e-14
 7.67342e-13 -3.17143e-14 -3.29293e-15  1.18846e-11 -4.84977e-13  1.33217e-14  8.66625e-14  2.10377e-12  3.62056e-12 -1.02497e-13 -7.22186e-13 -1.15449e-11  6.19349e-11  5.36892e-14 -1.78783e-13
 3.15479e-15  1.29041e-13  1.16965e-12  1.46331e-13  3.62907e-12  2.64171e-12 -1.43659e-12  6.37214e-14  1.63706e-16  -4.0577e-14 -7.66779e-14 -1.24162e-15  5.36889e-14  3.15939e-11 -4.32335e-12
-2.36405e-16  1.20198e-14  5.19418e-13 -1.02302e-13 -3.20969e-12  7.29984e-12 -2.14544e-12  5.64706e-14  3.54853e-15  6.79006e-12  1.70405e-14 -1.44641e-14 -1.78783e-13 -4.32335e-12  2.18517e-11
Matrix: 
 2.61911e-13 -3.35001e-15 -4.88761e-18  5.63557e-13 -2.11835e-14   1.1437e-17   2.0938e-16   4.5995e-15  2.12332e-13 -3.01789e-17 -1.46404e-14 -3.98785e-13  6.91483e-13  3.18741e-15 -7.08498e-17
-3.35001e-15  1.68079e-13  3.30727e-16 -1.76733e-14  1.21808e-13   3.7866e-15 -1.62649e-15 -1.25556e-16 -8.52136e-15  4.81315e-15  6.17403e-16  1.78745e-14 -3.18354e-14  1.14057e-13  1.00499e-14
-4.88697e-18  3.30773e-16   2.5436e-13 -2.33728e-15  -7.3306e-14  4.75423e-13 -1.71035e-13  7.85187e-15  7.49877e-17   2.7293e-13 -6.16811e-15 -2.74182e-16   -3.062e-15  1.14391e-12  4.42181e-13
 5.63557e-13 -1.76733e-14 -2.33729e-15  4.71269e-12 -1.45224e-13 -3.56252e-14 -7.29582e-17 -3.38425e-13  1.42526e-12 -4.46571e-14  1.07849e-12  -3.4914e-12  9.74728e-12  1.37812e-13 -9.13563e-14
-2.11835e-14  1.21808e-13  -7.3306e-14 -1.45224e-13  1.64648e-12 -9.28915e-13  4.09778e-13 -5.90754e-15 -6.78277e-14  -1.2289e-12  -3.7201e-14  1.66563e-13 -4.48062e-13  3.05959e-12 -2.53112e-12
 1.14458e-17  3.78717e-15  4.75423e-13 -3.56252e-14 -9.28914e-13  3.01626e-12 -9.58464e-13  4.60709e-14  1.53095e-15  2.11416e-12 -2.99184e-14 -5.69617e-15  1.16353e-14  2.64641e-12  5.62646e-12
 2.09378e-16 -1.62673e-15 -1.71035e-13 -7.29596e-17  4.09778e-13 -9.58464e-13  4.67576e-13  2.39304e-15  7.89122e-16 -1.00045e-12 -3.67692e-14 -3.27014e-15  9.88884e-14 -1.42003e-12 -1.58273e-12
 4.59953e-15 -1.25549e-16  7.85187e-15 -3.38425e-13 -5.90754e-15  4.60709e-14  2.39304e-15  5.22332e-13  3.08043e-14   3.2046e-14 -1.08222e-12 -1.21736e-13  2.12643e-12  7.08264e-14  4.37958e-14
 2.12332e-13 -8.52135e-15   7.4987e-17  1.42526e-12 -6.78277e-14  1.53094e-15  7.89122e-16  3.08043e-14  6.89764e-13  1.71644e-15  -9.9598e-14 -1.68138e-12  2.90592e-12 -7.37194e-16  3.60281e-15
-3.01678e-17   4.8139e-15   2.7293e-13 -4.46571e-14  -1.2289e-12  2.11416e-12 -1.00045e-12   3.2046e-14  1.71645e-15   2.8341e-12 -1.62621e-15 -6.30447e-15 -1.04782e-13  4.31134e-13  4.61726e-12
-1.46405e-14  6.17414e-16 -6.16811e-15  1.07849e-12  -3.7201e-14 -2.99184e-14 -3.67692e-14 -1.08222e-12 -9.95983e-14 -1.62621e-15  3.08438e-12  3.93988e-13  -1.1956e-12 -7.55608e-14  1.55822e-14
-3.98785e-13  1.78745e-14 -2.74182e-16  -3.4914e-12  1.66563e-13 -5.69615e-15 -3.27013e-15 -1.21736e-13 -1.68138e-12 -6.30445e-15  3.93986e-13  4.92069e-12 -8.58043e-12  2.52548e-15  -1.3214e-14
 6.91483e-13 -3.18354e-14   -3.062e-15  9.74728e-12 -4.48062e-13  1.16353e-14  9.88883e-14  2.12643e-12  2.90592e-12 -1.04782e-13  -1.1956e-12 -8.58043e-12  5.24759e-11  4.85392e-14 -1.89418e-13
 3.18742e-15  1.14058e-13  1.14391e-12  1.37812e-13  3.05959e-12  2.64641e-12 -1.42003e-12  7.08263e-14 -7.37186e-16  4.31131e-13 -7.55608e-14  2.52549e-15   4.8539e-14  2.77434e-11 -2.89143e-12
-7.08267e-17  1.00515e-14  4.42181e-13 -9.13563e-14 -2.53112e-12  5.62646e-12 -1.58273e-12  4.37958e-14  3.60284e-15  4.61726e-12  1.55822e-14  -1.3214e-14 -1.89418e-13 -2.89142e-12  1.55752e-11
Matrix: 
 2.60794e-13 -3.84597e-15 -1.89619e-18  5.47846e-13 -2.27308e-14  5.03301e-17  2.00302e-16  4.27653e-15  2.05432e-13  1.38203e-17 -1.29166e-14  -3.7063e-13  6.31104e-13  3.22143e-15  2.91425e-17
-3.84597e-15  1.65373e-13  3.17609e-16 -1.90876e-14  1.20762e-13  3.29026e-15 -1.40353e-15 -1.43287e-16 -9.20569e-15  3.88311e-15  6.30767e-16  1.83337e-14 -3.20139e-14  1.02489e-13  8.07737e-15
-1.89552e-18  3.17647e-16  2.52042e-13 -2.47425e-15 -6.95298e-14  4.53754e-13 -1.61894e-13  8.28312e-15  8.76901e-17  2.45966e-13    -6.06e-15 -2.92339e-16 -2.91571e-15   1.1169e-12  3.84348e-13
 5.47846e-13 -1.90876e-14 -2.47425e-15  4.26771e-12 -1.44174e-13 -3.44394e-14  1.89889e-16  -2.9071e-13  1.27435e-12 -4.08591e-14  8.74057e-13 -2.92666e-12  8.22012e-12  1.31896e-13 -8.29837e-14
-2.27308e-14  1.20762e-13 -6.95299e-14 -1.44174e-13  1.53121e-12 -8.06646e-13   3.5708e-13 -5.87096e-15 -6.74636e-14 -1.00275e-12 -3.35986e-14  1.55531e-13 -4.20291e-13  2.64928e-12 -2.04228e-12
 5.03384e-17  3.29069e-15  4.53754e-13 -3.44394e-14 -8.06646e-13    2.642e-12 -8.23119e-13  4.39917e-14  1.57174e-15  1.67966e-12 -2.73604e-14  -5.4272e-15  9.51732e-15  2.61341e-12   4.4897e-12
 2.00299e-16 -1.40372e-15 -1.61894e-13  1.89888e-16   3.5708e-13 -8.23119e-13  4.07873e-13  2.95457e-15  7.54361e-16  -8.0972e-13 -3.37457e-14 -3.10652e-15  1.10639e-13 -1.38804e-12 -1.21124e-12
 4.27655e-15 -1.43282e-16  8.28312e-15  -2.9071e-13 -5.87096e-15  4.39917e-14  2.95457e-15  4.67852e-13  2.72581e-14  2.80854e-14 -8.92696e-13 -1.03797e-13  2.12852e-12  7.71014e-14  3.45783e-14
 2.05432e-13 -9.20569e-15  8.76895e-17  1.27435e-12 -6.74636e-14  1.57173e-15  7.54361e-16  2.72581e-14  6.20657e-13  1.64038e-15 -8.38028e-14 -1.42304e-12  2.39706e-12 -1.37398e-15  3.48298e-15
 1.38301e-17  3.88364e-15  2.45966e-13  -4.0859e-14 -1.00275e-12  1.67966e-12  -8.0972e-13  2.80854e-14  1.64039e-15  2.17273e-12  -6.8589e-16 -5.57371e-15 -1.07443e-13  7.03227e-13  3.28205e-12
-1.29167e-14  6.30777e-16    -6.06e-15  8.74057e-13 -3.35986e-14 -2.73604e-14 -3.37457e-14 -8.92696e-13  -8.3803e-14 -6.85885e-16  2.38732e-12   3.1936e-13 -1.47337e-12 -7.47659e-14  1.49723e-14
 -3.7063e-13  1.83337e-14 -2.92339e-16 -2.92666e-12  1.55531e-13 -5.42718e-15  -3.1065e-15 -1.03796e-13 -1.42304e-12  -5.5737e-15  3.19359e-13   3.9408e-12 -6.61146e-12  4.81521e-15 -1.18115e-14
 6.31104e-13 -3.20139e-14  -2.9157e-15  8.22012e-12 -4.20291e-13  9.51735e-15  1.10639e-13  2.12851e-12  2.39706e-12 -1.07443e-13 -1.47337e-12 -6.61146e-12  4.60864e-11  4.64327e-14 -1.98709e-13
 3.22144e-15  1.02489e-13   1.1169e-12  1.31896e-13  2.64928e-12   2.6134e-12 -1.38804e-12  7.71013e-14 -1.37397e-15  7.03224e-13 -7.47659e-14  4.81523e-15  4.64325e-14  2.49318e-11 -1.95684e-12
 2.91629e-17  8.07848e-15  3.84348e-13 -8.29837e-14 -2.04228e-12   4.4897e-12 -1.21124e-12  3.45783e-14  3.48301e-15  3.28205e-12  1.49723e-14 -1.18115e-14 -1.98709e-13 -1.95684e-12   1.1612e-11
Matrix: 
 2.59849e-13 -4.33615e-15  3.08872e-19  5.33518e-13 -2.42054e-14  7.24942e-17  1.92212e-16   3.8969e-15  1.99084e-13  3.52049e-17 -1.12577e-14 -3.46996e-13  5.81894e-13  3.27346e-15  8.02328e-17
-4.33615e-15  1.63509e-13  2.88893e-16 -2.04416e-14  1.19996e-13  2.72363e-15 -1.15555e-15 -1.56766e-16 -9.86367e-15  3.00631e-15  6.24404e-16  1.87846e-14 -3.22291e-14  9.34194e-14  6.22201e-15
 3.09552e-19  2.88924e-16  2.49999e-13 -2.61386e-15 -6.60577e-14  4.34918e-13 -1.53988e-13  8.69391e-15  9.74344e-17   2.2481e-13 -5.95094e-15 -3.02773e-16 -2.82947e-15     1.09e-12  3.40309e-13
 5.33518e-13 -2.04416e-14 -2.61386e-15  3.91446e-12  -1.4368e-13 -3.35463e-14  4.25276e-16 -2.55146e-13  1.15515e-12 -3.81036e-14  7.28692e-13  -2.5078e-12  7.09245e-12  1.27925e-13 -7.64785e-14
-2.42054e-14  1.19996e-13 -6.60577e-14  -1.4368e-13  1.43862e-12 -7.09105e-13  3.16102e-13 -5.75051e-15  -6.7355e-14 -8.37586e-13 -3.11016e-14  1.46949e-13 -3.99141e-13  2.34492e-12 -1.68115e-12
 7.25019e-17  2.72397e-15  4.34918e-13 -3.35463e-14 -7.09104e-13  2.35668e-12 -7.21447e-13  4.24589e-14   1.5625e-15  1.37641e-12 -2.53002e-14 -5.08745e-15  7.24575e-15  2.56442e-12  3.69001e-12
  1.9221e-16 -1.15569e-15 -1.53988e-13  4.25276e-16  3.16101e-13 -7.21447e-13  3.63575e-13  3.54673e-15  7.05656e-16 -6.78066e-13 -3.19494e-14 -2.89431e-15  1.22009e-13  -1.3503e-12 -9.57562e-13
 3.89691e-15 -1.56761e-16  8.69391e-15 -2.55146e-13 -5.75051e-15  4.24589e-14  3.54673e-15   4.2825e-13  2.37387e-14  2.53406e-14 -7.62756e-13 -8.77769e-14  2.12047e-12    8.278e-14   2.7777e-14
 1.99084e-13 -9.86367e-15  9.74337e-17  1.15515e-12  -6.7355e-14  1.56249e-15  7.05656e-16  2.37387e-14  5.66071e-13  1.53442e-15 -6.99536e-14   -1.231e-12  2.02157e-12 -1.81835e-15  3.28543e-15
 3.52134e-17  3.00669e-15   2.2481e-13 -3.81035e-14 -8.37585e-13  1.37641e-12 -6.78066e-13  2.53406e-14  1.53443e-15  1.74513e-12  1.13375e-16 -4.90821e-15 -1.10067e-13  8.62266e-13  2.42548e-12
-1.12578e-14  6.24411e-16 -5.95094e-15  7.28691e-13 -3.11015e-14 -2.53002e-14 -3.19494e-14 -7.62756e-13 -6.99538e-14  1.13378e-16  1.93473e-12  2.58764e-13 -1.64127e-12 -7.41539e-14  1.47578e-14
-3.46996e-13  1.87846e-14 -3.02772e-16  -2.5078e-12  1.46949e-13 -5.08744e-15  -2.8943e-15 -8.77767e-14   -1.231e-12  -4.9082e-15  2.58763e-13   3.2555e-12 -5.24624e-12  6.21234e-15 -1.04897e-14
 5.81894e-13  -3.2229e-14 -2.82946e-15  7.09245e-12 -3.99141e-13  7.24579e-15  1.22009e-13  2.12047e-12  2.02157e-12 -1.10067e-13 -1.64127e-12 -5.24625e-12  4.15975e-11  4.60246e-14 -2.06705e-13
 3.27346e-15  9.34198e-14     1.09e-12  1.27925e-13  2.34493e-12  2.56442e-12  -1.3503e-12    8.278e-14 -1.81835e-15  8.62263e-13 -7.41539e-14  6.21235e-15  4.60244e-14  2.28102e-11 -1.32063e-12
 8.02506e-17  6.22281e-15  3.40309e-13 -7.64785e-14 -1.68115e-12  3.69001e-12 -9.57562e-13   2.7777e-14  3.28545e-15  2.42548e-12  1.47578e-14 -1.04897e-14 -2.06705e-13 -1.32063e-12  8.99455e-12
Matrix: 
 2.58972e-13 -4.81818e-15  1.60835e-18  5.20435e-13 -2.56139e-14  8.03816e-17  1.84448e-16  3.48408e-15  1.93244e-13  4.03573e-17 -9.69392e-15 -3.26844e-13  5.41018e-13  3.34857e-15  9.62603e-17
-4.81818e-15  1.62222e-13  2.48222e-16 -2.17414e-14  1.19449e-13  2.13172e-15  -9.0078e-16 -1.65454e-16 -1.04975e-14  2.21142e-15  6.00809e-16  1.92261e-14 -3.24728e-14   8.6226e-14  4.54772e-15
 1.60902e-18  2.48247e-16   2.4814e-13 -2.75726e-15  -6.2921e-14  4.18577e-13  -1.4716e-13  9.09111e-15  1.04767e-16  2.07975e-13 -5.84313e-15  -3.0799e-16 -2.78902e-15  1.06413e-12  3.06282e-13
 5.20435e-13 -2.17414e-14 -2.75727e-15  3.62955e-12  -1.4366e-13 -3.29122e-14  6.22909e-16 -2.28577e-13  1.05915e-12 -3.61479e-14  6.23722e-13 -2.18875e-12  6.23879e-12  1.25481e-13 -7.14098e-14
-2.56139e-14  1.19448e-13  -6.2921e-14  -1.4366e-13  1.36349e-12 -6.30451e-13  2.83957e-13 -5.56235e-15  -6.7453e-14 -7.14755e-13 -2.94688e-14  1.40207e-13 -3.83066e-13  2.11428e-12 -1.40889e-12
 8.03885e-17  2.13198e-15  4.18577e-13 -3.29122e-14 -6.30451e-13  2.13512e-12 -6.43686e-13   4.1377e-14  1.51998e-15  1.15887e-12 -2.36333e-14 -4.72068e-15  4.94154e-15   2.5106e-12  3.11103e-12
 1.84446e-16 -9.00884e-16  -1.4716e-13  6.22909e-16  2.83957e-13 -6.43686e-13  3.30117e-13  4.15955e-15  6.42125e-16 -5.84664e-13 -3.10311e-14  -2.6404e-15  1.33085e-13 -1.31173e-12 -7.79436e-13
 3.48409e-15 -1.65451e-16  9.09111e-15 -2.28577e-13 -5.56236e-15   4.1377e-14  4.15955e-15  3.98962e-13  2.03496e-14  2.34785e-14 -6.71305e-13 -7.36214e-14  2.10766e-12  8.80329e-14  2.27205e-14
 1.93244e-13 -1.04975e-14  1.04766e-16  1.05915e-12  -6.7453e-14  1.51997e-15  6.42124e-16  2.03495e-14  5.22045e-13  1.41694e-15 -5.78764e-14 -1.08418e-12  1.73671e-12 -2.12396e-15  3.05269e-15
 4.03647e-17   2.2117e-15  2.07975e-13 -3.61479e-14 -7.14755e-13  1.15887e-12 -5.84664e-13  2.34785e-14  1.41695e-15   1.4586e-12  7.90948e-16  -4.3216e-15 -1.12526e-13  9.54927e-13    1.856e-12
-9.69396e-15  6.00815e-16 -5.84313e-15  6.23721e-13 -2.94688e-14 -2.36333e-14 -3.10311e-14 -6.71305e-13 -5.78765e-14   7.9095e-16  1.63051e-12  2.09337e-13 -1.74465e-12 -7.36689e-14  1.47169e-14
-3.26844e-13  1.92261e-14  -3.0799e-16 -2.18875e-12  1.40207e-13 -4.72068e-15 -2.64039e-15 -7.36212e-14 -1.08418e-12 -4.32159e-15  2.09336e-13  2.75917e-12 -4.26702e-12  7.05265e-15 -9.29621e-15
 5.41018e-13 -3.24728e-14 -2.78902e-15  6.23879e-12 -3.83067e-13  4.94157e-15  1.33085e-13  2.10766e-12  1.73671e-12 -1.12526e-13 -1.74465e-12 -4.26702e-12  3.83483e-11  4.65577e-14 -2.13637e-13
 3.34857e-15  8.62263e-14  1.06413e-12  1.25481e-13  2.11428e-12   2.5106e-12 -1.31173e-12  8.80329e-14 -2.12396e-15  9.54925e-13  -7.3669e-14  7.05267e-15  4.65575e-14   2.1171e-11 -8.72448e-13
 9.62756e-17  4.54829e-15  3.06282e-13 -7.14098e-14 -1.40889e-12  3.11103e-12 -7.79436e-13  2.27205e-14  3.05271e-15    1.856e-12  1.47169e-14 -9.29623e-15 -2.13637e-13 -8.72448e-13   7.2003e-12
Matrix: 
 2.58118e-13 -5.29093e-15  1.95683e-18  5.08492e-13 -2.69648e-14  7.62877e-17  1.76369e-16  3.05255e-15  1.87877e-13  3.37567e-17 -8.23084e-15  -3.0946e-13   5.0656e-13  3.44748e-15  8.71604e-17
-5.29093e-15  1.61336e-13   1.9919e-16 -2.29949e-14  1.19075e-13  1.54701e-15  -6.5182e-16 -1.68995e-16 -1.11103e-14  1.50992e-15  5.62189e-16  1.96601e-14 -3.27448e-14  8.04687e-14   3.0806e-15
 1.95748e-18  1.99211e-16  2.46428e-13 -2.90616e-15 -6.01233e-14  4.04429e-13 -1.41273e-13  9.48091e-15  1.09891e-16  1.94431e-13 -5.73914e-15 -3.08855e-16 -2.78545e-15  1.03989e-12  2.79654e-13
 5.08492e-13 -2.29949e-14 -2.90616e-15  3.39718e-12 -1.44071e-13 -3.25164e-14  7.80772e-16  -2.0876e-13  9.80687e-13 -3.48297e-14  5.47101e-13 -1.94058e-12  5.58028e-12  1.24284e-13 -6.74893e-14
-2.69648e-14  1.19075e-13 -6.01233e-14 -1.44071e-13  1.30216e-12 -5.66488e-13   2.5858e-13 -5.31999e-15 -6.77298e-14 -6.22083e-13 -2.85273e-14  1.34903e-13 -3.71066e-13  1.93667e-12  -1.2001e-12
  7.6294e-17   1.5472e-15  4.04429e-13 -3.25164e-14 -5.66488e-13   1.9605e-12 -5.83345e-13  4.06742e-14  1.45325e-15  9.99245e-13 -2.22813e-14 -4.34326e-15  2.65795e-15  2.45767e-12  2.68161e-12
 1.76367e-16 -6.51898e-16 -1.41273e-13  7.80773e-16   2.5858e-13 -5.83345e-13  3.04485e-13    4.785e-15  5.65422e-16  -5.1689e-13 -3.07579e-14 -2.35691e-15  1.43938e-13 -1.27481e-12 -6.51383e-13
 3.05256e-15 -1.68991e-16  9.48091e-15  -2.0876e-13    -5.32e-15  4.06742e-14    4.785e-15  3.76996e-13  1.71465e-14  2.22762e-14 -6.05546e-13 -6.11842e-14  2.09293e-12  9.29878e-14  1.89552e-14
 1.87877e-13 -1.11103e-14  1.09891e-16  9.80687e-13 -6.77298e-14  1.45324e-15  5.65422e-16  1.71464e-14  4.85956e-13  1.29481e-15 -4.73602e-14 -9.69393e-13  1.51589e-12 -2.32749e-15  2.80259e-15
