Matrix: 
  1.0081e-06            0            0        9e-08            0            0            0            0            0            0            0            0            0            0            0
           0   1.0081e-06            0            0        9e-08            0            0            0            0            0            0            0            0            0            0
           0            0   1.0081e-06            0            0        9e-08            0            0            0            0            0            0            0            0            0
       9e-08            0            0   1.7852e-06  4.76854e-12 -2.16334e-08            0 -8.81536e-07 -1.94313e-10            0            0            0  8.99972e-08  7.09098e-10    9.945e-14
           0        9e-08            0  4.76854e-12  1.78581e-06  1.71294e-10  8.81536e-07            0 -2.45405e-08            0            0            0 -7.09098e-10  8.99972e-08 -9.82916e-14
           0            0        9e-08 -2.16334e-08  1.71294e-10   1.0087e-06  1.94313e-10  2.45405e-08            0            0            0            0 -1.00221e-13   9.7505e-14        9e-08
           0            0            0            0  8.81536e-07  1.94313e-10   1.0081e-06 -1.00926e-26 -1.57772e-30 -8.99972e-08 -7.09098e-10   -9.945e-14            0            0            0
           0            0            0 -8.81536e-07            0  2.45405e-08 -1.00926e-26   1.0081e-06  3.15545e-30  7.09098e-10 -8.99972e-08  9.82916e-14            0            0            0
           0            0            0 -1.94313e-10 -2.45405e-08            0 -3.15545e-30  3.15545e-30   1.0081e-06  1.00221e-13  -9.7505e-14       -9e-08            0            0            0
           0            0            0            0            0            0 -8.99972e-08  7.09098e-10  1.00221e-13        1e-06            0            0            0            0            0
           0            0            0            0            0            0 -7.09098e-10 -8.99972e-08  -9.7505e-14            0        1e-06            0            0            0            0
           0            0            0            0            0            0   -9.945e-14  9.82916e-14       -9e-08            0            0        1e-06            0            0            0
           0            0            0  8.99972e-08 -7.09098e-10 -1.00221e-13            0            0            0            0            0            0        1e-06            0            0
           0            0            0  7.09098e-10  8.99972e-08   9.7505e-14            0            0            0            0            0            0            0        1e-06            0
           0            0            0    9.945e-14 -9.82916e-14        9e-08            0            0            0            0            0            0            0            0        1e-06
Matrix: 
 6.54997e-13 -3.14934e-16 -1.10118e-21  5.53831e-13 -1.08617e-14  1.77383e-19  1.66763e-17   3.5255e-15  2.01774e-13  4.53507e-16 -3.87861e-14 -1.96522e-14  4.43549e-14  5.18594e-16  7.75849e-18
-3.14934e-16  6.15006e-13 -2.79287e-20 -3.48744e-15  1.10541e-13 -2.55367e-19 -3.98003e-16 -2.12539e-17 -1.57771e-15  4.37515e-15  3.05436e-16  3.28529e-17 -3.49291e-16  5.00332e-15 -9.42104e-20
-1.10087e-21 -2.79246e-20  6.54971e-13  -1.5157e-15 -1.94319e-13  5.53938e-13 -2.03141e-13  1.52818e-15    3.845e-17   3.4685e-14  1.07997e-15 -4.18799e-16  7.57859e-18  1.72049e-14   4.4633e-14
 5.53814e-13 -3.48744e-15  -1.5157e-15  9.92661e-09 -1.20365e-13 -6.64925e-14    1.774e-17 -7.13296e-11  2.19593e-12 -1.26609e-11  7.73834e-10  1.34714e-13    1.091e-07  1.78488e-09  1.32524e-11
-1.08617e-14  1.10536e-13 -1.94319e-13 -1.20365e-13   9.9217e-09 -2.15401e-12  7.13643e-11  -5.5035e-16 -2.02253e-12 -7.74218e-10 -1.26581e-11  2.15555e-11 -1.78488e-09    1.091e-07 -1.38981e-11
 1.77388e-19 -2.55352e-19  5.53948e-13 -6.64925e-14 -2.15401e-12  9.92516e-09  -2.2112e-12  2.02189e-12  4.27248e-16  2.88876e-13 -2.16435e-11 -1.97938e-15 -1.37791e-11  1.36785e-11   1.0911e-07
 1.66763e-17 -3.98002e-16 -2.03141e-13    1.774e-17  7.13643e-11  -2.2112e-12  9.85914e-09 -5.56427e-16  1.72062e-12 -1.08425e-07 -1.77382e-09 -3.22491e-11 -1.26643e-11  7.74054e-10  1.51455e-13
  3.5255e-15 -2.12539e-17  1.52818e-15 -7.13296e-11  -5.5035e-16  2.02189e-12 -5.56427e-16   9.8591e-09 -1.99784e-14  1.77383e-09 -1.08424e-07  1.40158e-11 -7.74054e-10 -1.26616e-11  2.15498e-11
 2.01774e-13 -1.57771e-15    3.845e-17  2.19593e-12 -2.02253e-12  4.27248e-16  1.72062e-12 -1.99784e-14  9.92063e-09 -5.30139e-12 -1.35778e-11 -1.09116e-07  1.02804e-13 -2.16479e-11  2.73706e-15
 4.53507e-16  4.37515e-15   3.4685e-14 -1.26609e-11 -7.74218e-10  2.88876e-13 -1.08425e-07  1.77383e-09 -5.30139e-12  1.19283e-06  4.70212e-16  2.07323e-10  4.18124e-16 -8.51671e-09  3.43358e-14
-3.87861e-14  3.05436e-16  1.07997e-15  7.73834e-10 -1.26581e-11 -2.16435e-11 -1.77382e-09 -1.08424e-07 -1.35778e-11  4.70212e-16  1.19282e-06   1.6896e-14  8.51668e-09 -1.59979e-19 -2.37089e-10
-1.96522e-14  3.28529e-17 -4.18799e-16  1.34714e-13  2.15555e-11 -1.97938e-15 -3.22491e-11  1.40158e-11 -1.09116e-07  2.07323e-10   1.6896e-14  1.20027e-06 -1.93334e-14   2.3709e-10 -4.17964e-16
 4.43549e-14 -3.49291e-16  7.57859e-18    1.091e-07 -1.78488e-09 -1.37791e-11 -1.26643e-11 -7.74054e-10  1.02804e-13  4.18124e-16  8.51668e-09 -1.93334e-14  1.20026e-06  4.74315e-16 -1.69301e-12
 5.18594e-16  5.00332e-15  1.72049e-14  1.78488e-09    1.091e-07  1.36785e-11  7.74054e-10 -1.26616e-11 -2.16479e-11 -8.51671e-09 -1.59979e-19   2.3709e-10  4.74315e-16  1.20026e-06  1.70317e-14
 7.75849e-18 -9.42054e-20   4.4633e-14  1.32524e-11 -1.38981e-11   1.0911e-07  1.51455e-13  2.15498e-11  2.73706e-15  3.43358e-14 -2.37089e-10 -4.17964e-16 -1.69301e-12  1.70317e-14   1.2002e-06
Matrix: 
 3.99336e-13 -7.31295e-16 -3.39651e-21   8.1281e-13 -2.65891e-14  3.68885e-17 -1.39575e-17  4.24385e-17  3.14011e-13  1.61216e-16  -4.4404e-16 -1.26666e-12  2.87302e-12  3.03905e-14   3.6682e-16
-7.31295e-16  3.49806e-13 -3.42681e-19  -1.0774e-14  1.61243e-13  4.69916e-18 -5.30381e-18 -7.14943e-19  -6.0538e-15  5.40151e-17  1.05705e-17  3.07899e-14 -6.89211e-14  5.52047e-13  4.81903e-17
-3.39704e-21 -3.42705e-19   3.9934e-13  1.49673e-15 -9.23009e-14  8.13403e-13 -3.13831e-13  1.03789e-14 -1.53731e-17  1.26707e-12   -1.007e-14  1.53502e-16 -1.00881e-14  1.15002e-12  2.87424e-12
 8.12818e-13 -1.07739e-14  1.49673e-15  3.34484e-11 -1.21142e-12  -2.6736e-13 -4.27751e-14  -3.2376e-12  1.17967e-11 -8.84242e-13  2.50571e-11 -8.19977e-11  2.25018e-10  1.98859e-12 -2.13229e-12
-2.65894e-14  1.61246e-13 -9.23009e-14 -1.21142e-12  8.48998e-12 -6.80373e-12  3.19546e-12 -3.89138e-14 -5.69977e-13 -2.45998e-11 -9.03813e-13  4.15507e-12 -1.11507e-11  5.55911e-11 -5.14543e-11
 3.68897e-17  4.69933e-18  8.13398e-13  -2.6736e-13 -6.80373e-12  3.13947e-11 -1.17949e-11  5.80779e-13 -3.18115e-17  8.21044e-11 -7.45168e-13  2.57743e-15 -2.54351e-13 -2.76037e-11  2.12462e-10
-1.39575e-17 -5.30413e-18 -3.13831e-13 -4.27751e-14  3.19546e-12 -1.17949e-11  5.59328e-12  2.11103e-15  4.47458e-17 -3.86582e-11 -1.66009e-12 -1.42593e-15 -7.06303e-13  1.26467e-11 -7.93403e-11
 4.24393e-17 -7.14933e-19  1.03789e-14  -3.2376e-12 -3.89138e-14   5.8078e-13  2.11103e-15  5.63925e-12  6.78737e-16  1.64109e-12 -3.91558e-11 -3.90326e-15 -1.31099e-11 -6.91323e-13  3.64153e-12
 3.14011e-13  -6.0538e-15 -1.53731e-17  1.17967e-11 -5.69977e-13 -3.18122e-17  4.47458e-17  6.78737e-16  5.59487e-12   1.1072e-15 -8.79351e-15 -3.87003e-11  7.94338e-11 -2.38988e-13   2.3162e-15
 1.61216e-16  5.40187e-17  1.26707e-12 -8.84242e-13 -2.45998e-11  8.21044e-11 -3.86582e-11  1.64109e-12   1.1072e-15  2.94168e-10 -4.26703e-14  2.56057e-16 -4.23273e-14 -1.40691e-10  6.11083e-10
-4.44049e-16  1.05706e-17   -1.007e-14  2.50571e-11 -9.03813e-13 -7.45168e-13 -1.66009e-12 -3.91558e-11 -8.79351e-15 -4.26703e-14  2.99583e-10  5.78225e-14  1.45751e-10  4.28469e-14 -2.83236e-12
-1.26666e-12  3.07899e-14  1.53502e-16 -8.19976e-11  4.15507e-12  2.57744e-15 -1.42593e-15 -3.90326e-15 -3.87003e-11  2.56056e-16  5.78226e-14  2.94181e-10 -6.11054e-10  2.64252e-12 -5.12705e-16
 2.87311e-12 -6.89216e-14 -1.00881e-14  2.25018e-10 -1.11507e-11 -2.54351e-13 -7.06303e-13 -1.31099e-11  7.94338e-11 -4.23272e-14  1.45751e-10 -6.11055e-10  1.75022e-09 -5.71532e-12 -2.75741e-12
 3.03921e-14  5.52079e-13  1.15002e-12   1.9886e-12  5.55911e-11 -2.76037e-11  1.26467e-11 -6.91323e-13 -2.38988e-13 -1.40691e-10  4.28469e-14  2.64251e-12  -5.7153e-12  4.67171e-10 -3.06676e-10
 3.66833e-16  4.81927e-17  2.87418e-12 -2.13229e-12 -5.14542e-11  2.12462e-10 -7.93403e-11  3.64153e-12  2.31621e-15  6.11083e-10 -2.83236e-12 -5.12787e-16 -2.75741e-12 -3.06676e-10  1.60759e-09
Matrix: 
 3.23432e-13 -2.43191e-15  3.69767e-17  7.19268e-13 -4.50248e-14  1.63484e-15 -5.76236e-16  2.41247e-15  2.78371e-13  4.60011e-15 -1.43182e-14 -8.96721e-13  1.90811e-12 -1.63178e-14  9.75576e-15
-2.43191e-15  2.64147e-13  3.70203e-17 -3.17791e-14  1.46889e-13  1.44579e-15 -6.74436e-16  4.00447e-17 -1.57513e-14  4.08158e-15  3.26163e-17  6.72594e-14 -1.42064e-13  3.66701e-13   8.5082e-15
 3.69759e-17  3.70345e-17  3.23103e-13 -4.83635e-15 -9.09782e-14  7.06201e-13 -2.70071e-13  1.86006e-14 -5.60882e-17  8.50092e-13 -3.56389e-14  1.31667e-15   -2.898e-14  1.19328e-12  1.81816e-12
 7.19271e-13  -3.1779e-14 -4.83636e-15  1.65576e-11 -8.98186e-13  -2.3958e-13 -1.04693e-14   -1.629e-12  5.67681e-12 -5.77247e-13  9.95243e-12 -2.96055e-11  8.10412e-11  9.73713e-13 -1.28096e-12
-4.50249e-14   1.4689e-13 -9.09783e-14 -8.98186e-13  4.55363e-12 -3.59521e-12  1.66881e-12 -1.74409e-14  -4.2287e-13 -1.00763e-11 -5.60707e-13  2.18611e-12  -5.7192e-12  2.09944e-11  -2.1044e-11
 1.63487e-15  1.44634e-15  7.06199e-13 -2.39579e-13 -3.59521e-12   1.4659e-11 -5.38631e-12  4.04947e-13  1.58125e-16  2.79351e-11 -4.95275e-13  3.62421e-14 -1.80731e-13 -5.01034e-12  7.20273e-11
-5.76199e-16 -6.74693e-16 -2.70071e-13 -1.04693e-14  1.66881e-12 -5.38631e-12  2.55109e-12  1.30299e-15  2.17847e-15  -1.3028e-11 -7.50891e-13 -3.09757e-14 -3.94027e-14  2.00271e-12   -2.608e-11
  2.4132e-15  4.00589e-17  1.86006e-14   -1.629e-12  -1.7441e-14  4.04947e-13  1.30299e-15  2.57434e-12  2.97484e-14    7.412e-13 -1.32153e-11 -1.87428e-13 -1.80218e-12 -9.91995e-14  1.62406e-12
 2.78371e-13 -1.57513e-14 -5.60877e-17  5.67681e-12  -4.2287e-13  1.58111e-16  2.17845e-15  2.97481e-14  2.69672e-12  1.09694e-15 -1.80104e-13 -1.39275e-11  2.78679e-11 -1.57478e-13  4.03705e-15
 4.60019e-15  4.08313e-15  8.50093e-13 -5.77246e-13 -1.00763e-11  2.79351e-11  -1.3028e-11    7.412e-13  1.09697e-15   7.6803e-11 -2.67323e-14  9.77463e-14 -8.68584e-13 -3.52814e-11  1.57663e-10
-1.43227e-14  3.26396e-17  -3.5639e-14  9.95243e-12 -5.60707e-13 -4.95275e-13 -7.50891e-13 -1.32153e-11 -1.80106e-13 -2.67325e-14  7.87174e-11  1.14255e-12  3.55139e-11 -5.38218e-13 -4.87306e-13
 -8.9672e-13  6.72594e-14  1.31667e-15 -2.96055e-11  2.18611e-12  3.62422e-14 -3.09755e-14 -1.87425e-13 -1.39275e-11  9.77466e-14  1.14253e-12   8.2099e-11  -1.6811e-10  5.68824e-13  1.92636e-13
 1.90814e-12 -1.42064e-13 -2.89802e-14  8.10412e-11  -5.7192e-12 -1.80731e-13  -3.9403e-14 -1.80219e-12   2.7868e-11 -8.68586e-13  3.55139e-11  -1.6811e-10  5.14328e-10 -9.52684e-13 -1.31757e-12
 -1.6317e-14  3.66711e-13  1.19328e-12  9.73713e-13  2.09944e-11 -5.01035e-12  2.00271e-12 -9.91996e-14 -1.57478e-13 -3.52814e-11 -5.38218e-13   5.6882e-13 -9.52678e-13  1.60168e-10 -8.32798e-11
 9.75597e-15  8.51144e-15  1.81814e-12 -1.28096e-12  -2.1044e-11  7.20273e-11   -2.608e-11  1.62406e-12  4.03712e-15  1.57663e-10 -4.87309e-13  1.92635e-13 -1.31757e-12 -8.32797e-11  4.22047e-10
Matrix: 
 2.91926e-13 -3.98788e-15 -1.98029e-17  6.74221e-13 -5.10148e-14 -3.70524e-16  4.78909e-16  3.44161e-15  2.60021e-13 -8.36999e-16 -1.75234e-14 -7.16129e-13  1.45398e-12  8.27261e-16 -1.78365e-15
-3.98788e-15  2.23562e-13  1.15146e-16 -3.90754e-14  1.39684e-13  2.91779e-15 -1.33985e-15 -2.10494e-17 -1.91274e-14  6.62172e-15  6.56189e-16  6.58209e-14 -1.34829e-13  2.71183e-13  1.38483e-14
-1.98025e-17  1.15166e-16  2.90907e-13 -6.57314e-15 -9.02644e-14  6.46148e-13 -2.43845e-13  2.10128e-14 -2.15867e-16  6.38268e-13 -3.01214e-14  1.32159e-15 -2.52182e-14  1.21319e-12    1.301e-12
 6.74222e-13 -3.90753e-14 -6.57315e-15  1.12508e-11 -7.19935e-13 -2.09245e-13 -1.45421e-15 -1.08487e-12  3.74917e-12 -4.39166e-13  5.56326e-12 -1.59131e-11  4.36179e-11  9.23838e-13 -9.03639e-13
-5.10148e-14  1.39684e-13 -9.02645e-14 -7.19935e-13  3.29761e-12 -2.50715e-12  1.14629e-12 -1.70471e-14 -3.37474e-13 -5.77223e-12 -3.91584e-13  1.41219e-12 -3.73092e-12   1.1711e-11 -1.20851e-11
-3.70466e-16  2.91835e-15  6.46147e-13 -2.09245e-13 -2.50715e-12  9.36157e-12 -3.34871e-12   3.0567e-13 -3.87799e-15  1.39677e-11 -2.74656e-13  2.44089e-14 -5.78136e-14  -3.8584e-14   3.6117e-11
 4.78944e-16  -1.3401e-15 -2.43845e-13 -1.45416e-15  1.14629e-12 -3.34871e-12  1.58109e-12  2.15878e-15  5.04574e-15  -6.4434e-12 -4.58974e-13 -2.96347e-14  1.17435e-13 -2.92064e-13 -1.25943e-11
 3.44229e-15 -2.10327e-17  2.10128e-14 -1.08486e-12 -1.70472e-14   3.0567e-13  2.15878e-15   1.6049e-12  3.63645e-14  4.48921e-13 -6.56202e-12 -2.05342e-13    6.777e-13  5.35142e-14  8.78708e-13
 2.60021e-13 -1.91274e-14 -2.15867e-16  3.74917e-12 -3.37474e-13 -3.87803e-15  5.04572e-15  3.63641e-14  1.77962e-12 -8.67899e-15 -1.86577e-13 -7.46163e-12   1.4611e-11 -6.32182e-15 -1.84571e-14
-8.36879e-16  6.62302e-15  6.38268e-13 -4.39166e-13 -5.77223e-12  1.39677e-11  -6.4434e-12  4.48921e-13 -8.67893e-15  3.13172e-11 -2.35586e-14  5.56259e-14 -6.66536e-13 -1.32251e-11  6.34111e-11
-1.75269e-14  6.56216e-16 -3.01214e-14  5.56326e-12 -3.91584e-13 -2.74656e-13 -4.58974e-13 -6.56202e-12 -1.86579e-13 -2.35587e-14  3.23655e-11  1.05531e-12  1.27144e-11 -4.19256e-13  1.52712e-13
-7.16128e-13  6.58209e-14  1.32159e-15 -1.59131e-11  1.41219e-12  2.44092e-14 -2.96345e-14 -2.05338e-13 -7.46163e-12  5.56265e-14  1.05529e-12  3.63761e-11 -7.33699e-11  -1.2518e-13  1.17402e-13
 1.45399e-12 -1.34829e-13 -2.52183e-14  4.36179e-11 -3.73092e-12 -5.78143e-14  1.17434e-13   6.7769e-13   1.4611e-11 -6.66538e-13  1.27145e-11 -7.33699e-11  2.45176e-10  4.63976e-13 -8.44875e-13
 8.27644e-16  2.71188e-13  1.21319e-12  9.23838e-13   1.1711e-11 -3.85953e-14 -2.92064e-13  5.35141e-14 -6.32159e-15 -1.32251e-11 -4.19256e-13 -1.25182e-13  4.63978e-13  8.82403e-11 -3.53183e-11
 -1.7834e-15   1.3851e-14  1.30099e-12 -9.03638e-13 -1.20851e-11   3.6117e-11 -1.25943e-11  8.78708e-13 -1.84569e-14  6.34111e-11  1.52711e-13    1.174e-13 -8.44872e-13 -3.53182e-11  1.74321e-10
Matrix: 
   2.769e-13 -5.66599e-15 -5.05287e-17  6.41924e-13 -5.73351e-14 -8.95747e-16  8.55498e-16   4.2168e-15  2.46864e-13 -1.78995e-15 -1.89222e-14 -6.04717e-13  1.17739e-12  8.55931e-15 -3.87124e-15
-5.66599e-15  2.01018e-13  1.91613e-16  -4.5481e-14  1.35881e-13  3.81579e-15  -1.7347e-15 -1.11989e-16 -2.21729e-14  7.38102e-15  1.24048e-15  6.53853e-14 -1.29617e-13  2.13557e-13  1.54696e-14
-5.05275e-17  1.91635e-16  2.74972e-13 -7.26965e-15 -8.81762e-14  6.00211e-13 -2.23532e-13  2.32479e-14 -1.16948e-16  5.06563e-13 -2.73879e-14  3.88058e-16 -2.03172e-14  1.21716e-12  9.83563e-13
 6.41925e-13  -4.5481e-14 -7.26967e-15  8.61959e-12 -6.47307e-13 -1.84454e-13  -1.9881e-15 -7.96999e-13  2.80232e-12 -3.36774e-13  3.56478e-12 -1.01582e-11  2.79073e-11  8.01075e-13 -6.83291e-13
-5.73352e-14  1.35881e-13 -8.81762e-14 -6.47307e-13  2.68303e-12 -1.92434e-12  8.69191e-13 -1.91801e-14 -3.03137e-13 -3.79083e-12 -2.96815e-13  1.08801e-12 -2.88692e-12    7.762e-12 -7.94355e-12
-8.95687e-16  3.81626e-15  6.00211e-13 -1.84454e-13 -1.92434e-12   6.7552e-12 -2.35008e-12  2.57959e-13 -4.07188e-16  8.25192e-12 -2.04637e-13 -2.56145e-15  1.77368e-14  1.63778e-12  2.14417e-11
 8.55526e-16 -1.73491e-15 -2.23532e-13 -1.98805e-15  8.69191e-13 -2.35008e-12  1.11159e-12  2.92727e-15  4.37954e-15 -3.78346e-12 -3.20447e-13 -2.02536e-14  1.85121e-13 -1.03632e-12 -7.17626e-12
 4.21731e-15 -1.11971e-16  2.32479e-14 -7.96998e-13 -1.91802e-14  2.57959e-13  2.92727e-15   1.1408e-12  3.90363e-14  3.11783e-13 -3.87938e-12 -1.99002e-13   1.5278e-12  1.29664e-13  5.69429e-13
 2.46864e-13 -2.21729e-14 -1.16949e-16  2.80232e-12 -3.03137e-13 -4.07231e-16  4.37952e-15  3.90359e-14  1.33455e-12 -1.08878e-15 -1.75353e-13 -4.77535e-12  9.13367e-12  1.45823e-14 -3.18873e-15
-1.78985e-15  7.38196e-15  5.06564e-13 -3.36774e-13 -3.79083e-12  8.25192e-12 -3.78346e-12  3.11783e-13 -1.08871e-15  1.57778e-11 -2.43752e-14 -2.85919e-15 -4.89382e-13 -5.70432e-12  3.12458e-11
-1.89245e-14   1.2405e-15 -2.73879e-14  3.56478e-12 -2.96814e-13 -2.04637e-13 -3.20447e-13 -3.87938e-12 -1.75355e-13 -2.43753e-14  1.64657e-11  8.94045e-13  4.99213e-12 -3.55734e-13  1.49077e-13
-6.04717e-13  6.53853e-14  3.88062e-16 -1.01582e-11  1.08801e-12 -2.56111e-15 -2.02534e-14 -1.98998e-13 -4.77535e-12  -2.8586e-15  8.94031e-13   2.0073e-11 -3.96566e-11 -1.25334e-13 -1.98201e-15
  1.1774e-12 -1.29617e-13 -2.03172e-14  2.79073e-11 -2.88692e-12  1.77361e-14  1.85121e-13  1.52779e-12  9.13367e-12 -4.89384e-13  4.99217e-12 -3.96566e-11  1.47069e-10  4.48563e-13 -6.57992e-13
 8.55949e-15  2.13559e-13  1.21716e-12  8.01075e-13    7.762e-12  1.63777e-12 -1.03632e-12  1.29663e-13  1.45824e-14 -5.70432e-12 -3.55733e-13 -1.25335e-13  4.48564e-13  5.99553e-11 -1.83189e-11
-3.87102e-15  1.54716e-14   9.8356e-13  -6.8329e-13 -7.94354e-12  2.14417e-11 -7.17626e-12  5.69429e-13 -3.18857e-15  3.12457e-11  1.49076e-13 -1.98321e-15  -6.5799e-13 -1.83189e-11  8.87263e-11
Matrix: 
 2.69125e-13 -7.47116e-15 -5.57813e-17  6.15253e-13 -6.40487e-14 -7.75563e-16  9.33189e-16  4.65545e-15  2.36036e-13 -1.42219e-15 -1.88102e-14 -5.28234e-13  9.91522e-13  1.13959e-14 -3.11273e-15
-7.47116e-15  1.87434e-13  2.55241e-16 -5.17714e-14  1.33975e-13  4.25136e-15 -1.92235e-15 -2.12393e-16 -2.52202e-14  7.22468e-15  1.71362e-15   6.6251e-14 -1.27305e-13  1.75267e-13  1.51582e-14
-5.57797e-17  2.55262e-16  2.66188e-13 -7.77943e-15 -8.49239e-14  5.61846e-13 -2.06549e-13  2.54411e-14  2.32856e-17  4.17573e-13 -2.61993e-14 -3.18097e-16 -1.68571e-14    1.209e-12  7.72397e-13
 6.15253e-13 -5.17714e-14 -7.77944e-15   7.0325e-12  -6.1172e-13   -1.679e-13 -2.57939e-15 -6.16007e-13  2.23889e-12 -2.71379e-13  2.46589e-12 -7.15424e-12  1.97164e-11  7.02229e-13 -5.52357e-13
-6.40486e-14  1.33975e-13  -8.4924e-14  -6.1172e-13   2.3139e-12 -1.54618e-12  6.92036e-13 -2.11233e-14 -2.86903e-13 -2.68162e-12 -2.37306e-13   9.1197e-13 -2.42718e-12  5.67058e-12 -5.61412e-12
-7.75509e-16  4.25174e-15  5.61846e-13 -1.67899e-13 -1.54618e-12  5.21573e-12 -1.76427e-12  2.29147e-13  2.68122e-15  5.37777e-12 -1.70886e-13 -1.63048e-14  4.77731e-14  2.29542e-12  1.40579e-11
 9.33211e-16 -1.92251e-15 -2.06549e-13 -2.57933e-15  6.92036e-13 -1.76427e-12  8.40086e-13   4.0737e-15  3.73306e-15 -2.46308e-12 -2.43028e-13 -1.58492e-14  2.41354e-13 -1.30911e-12 -4.50475e-12
 4.65581e-15 -2.12375e-16  2.54411e-14 -6.16007e-13 -2.11234e-14  2.29147e-13   4.0737e-15  8.75479e-13  3.88465e-14  2.33437e-13 -2.54919e-12 -1.82032e-13  1.87199e-12  1.81124e-13  4.02216e-13
 2.36036e-13 -2.52202e-14  2.32843e-17  2.23889e-12 -2.86903e-13  2.68117e-15  3.73304e-15  3.88461e-14   1.0728e-12  3.92611e-15 -1.56805e-13 -3.38628e-12  6.31921e-12  1.15005e-14  7.41981e-15
-1.42211e-15  7.22533e-15  4.17573e-13 -2.71379e-13 -2.68162e-12  5.37777e-12 -2.46308e-12  2.33437e-13  3.92619e-15  9.06808e-12 -2.07224e-14 -2.43596e-14 -4.23255e-13 -2.47303e-12   1.7392e-11
-1.88116e-14  1.71363e-15 -2.61993e-14  2.46589e-12 -2.37305e-13 -1.70886e-13 -2.43028e-13 -2.54919e-12 -1.56806e-13 -2.07224e-14  9.56135e-12  7.34823e-13  1.71264e-12  -3.2744e-13   1.0655e-13
-5.28234e-13   6.6251e-14 -3.18089e-16 -7.15424e-12   9.1197e-13 -1.63044e-14 -1.58491e-14 -1.82029e-13 -3.38628e-12  -2.4359e-14  7.34812e-13  1.26389e-11 -2.43396e-11 -6.99028e-14 -4.76918e-14
 9.91524e-13 -1.27305e-13 -1.68571e-14  1.97164e-11 -2.42718e-12  4.77724e-14  2.41354e-13  1.87198e-12  6.31921e-12 -4.23257e-13  1.71267e-12 -2.43396e-11  1.01375e-10  3.32594e-13 -6.38655e-13
  1.1396e-14  1.75268e-13    1.209e-12  7.02229e-13  5.67058e-12  2.29542e-12 -1.30911e-12  1.81124e-13  1.15006e-14 -2.47303e-12  -3.2744e-13 -6.99034e-14  3.32595e-13  4.56088e-11 -1.06435e-11
-3.11255e-15  1.51595e-14  7.72395e-13 -5.52356e-13 -5.61412e-12  1.40579e-11 -4.50475e-12  4.02216e-13  7.41997e-15   1.7392e-11  1.06549e-13 -4.76928e-14 -6.38653e-13 -1.06434e-11   5.1275e-11
Matrix: 
 2.64766e-13 -9.35992e-15 -4.75245e-17  5.91791e-13 -7.07443e-14 -4.81122e-16  9.13232e-16  4.78875e-15  2.26505e-13 -8.72729e-16 -1.77308e-14 -4.71934e-13  8.58668e-13  1.23496e-14 -1.93354e-15
-9.35992e-15  1.78892e-13  3.00058e-16 -5.78771e-14  1.33297e-13  4.31799e-15 -1.95158e-15 -3.12599e-16 -2.82262e-14  6.57994e-15  2.06727e-15   6.7723e-14 -1.26516e-13  1.48236e-13  1.38038e-14
-4.75226e-17  3.00077e-16  2.60818e-13 -8.28299e-15 -8.10185e-14  5.28857e-13 -1.91965e-13   2.7516e-14  1.41561e-16  3.54418e-13 -2.55654e-14 -7.32927e-16 -1.46221e-14  1.19213e-12  6.25507e-13
 5.91791e-13 -5.78771e-14 -8.28299e-15  5.96381e-12 -5.91053e-13 -1.56577e-13 -2.29762e-15 -4.92467e-13  1.86513e-12 -2.28562e-13  1.79659e-12 -5.37212e-12  1.48639e-11  6.32199e-13 -4.67677e-13
-7.07443e-14  1.33297e-13 -8.10185e-14 -5.91053e-13  2.06472e-12 -1.27666e-12  5.67986e-13 -2.24549e-14 -2.78098e-13 -1.99156e-12 -1.97063e-13   7.9957e-13 -2.13503e-12  4.41104e-12  -4.1572e-12
-4.81075e-16  4.31828e-15  5.28857e-13 -1.56577e-13 -1.27666e-12  4.21215e-12 -1.38589e-12  2.09149e-13   4.5762e-15  3.75095e-12 -1.48878e-13 -2.16388e-14  5.53081e-14  2.55587e-12  9.86865e-12
 9.13248e-16 -1.95171e-15 -1.91965e-13 -2.29756e-15  5.67986e-13 -1.38589e-12  6.67325e-13   5.5837e-15  3.41213e-15 -1.72506e-12   -1.959e-13 -1.42364e-14  2.94464e-13   -1.401e-12 -3.02392e-12
 4.78899e-15 -3.12582e-16   2.7516e-14 -4.92466e-13  -2.2455e-14  2.09149e-13   5.5837e-15  7.08683e-13  3.68912e-14  1.83885e-13 -1.80662e-12 -1.61418e-13  2.01798e-12  2.20854e-13  2.97219e-13
 2.26505e-13 -2.82262e-14  1.41559e-16  1.86513e-12 -2.78098e-13  4.57614e-15  3.41211e-15  3.68909e-14  9.00893e-13   6.1274e-15 -1.36489e-13 -2.56777e-12  4.67236e-12  5.61505e-15  1.23378e-14
-8.72664e-16  6.58039e-15  3.54418e-13 -2.28562e-13 -1.99156e-12  3.75095e-12 -1.72506e-12  1.83885e-13  6.12747e-15  5.73372e-12 -1.56826e-14 -2.89916e-14 -4.07356e-13 -8.88881e-13  1.05345e-11
-1.77317e-14  2.06727e-15 -2.55654e-14  1.79659e-12 -1.97063e-13 -1.48878e-13   -1.959e-13 -1.80662e-12 -1.36491e-13 -1.56826e-14   6.1084e-12  5.97501e-13  1.21769e-13 -3.14072e-13  8.08464e-14
-4.71934e-13   6.7723e-14 -7.32917e-16 -5.37212e-12   7.9957e-13 -2.16384e-14 -1.42362e-14 -1.61415e-13 -2.56777e-12 -2.89911e-14  5.97493e-13  8.69837e-12 -1.62609e-11 -2.96884e-14 -5.87753e-14
 8.58669e-13 -1.26516e-13 -1.46221e-14  1.48639e-11 -2.13503e-12  5.53074e-14  2.94463e-13  2.01797e-12  4.67236e-12 -4.07357e-13  1.21792e-13 -1.62609e-11  7.66816e-11  2.55728e-13  -6.7273e-13
 1.23496e-14  1.48236e-13  1.19213e-12  6.32199e-13  4.41104e-12  2.55586e-12   -1.401e-12  2.20854e-13  5.61512e-15 -8.88881e-13 -3.14072e-13 -2.96888e-14  2.55728e-13  3.71361e-11 -6.63336e-12
 -1.9334e-15  1.38048e-14  6.25506e-13 -4.67676e-13 -4.15719e-12  9.86865e-12 -3.02392e-12  2.97219e-13   1.2338e-14  1.05345e-11  8.08458e-14 -5.87762e-14 -6.72728e-13 -6.63334e-12  3.23804e-11
Matrix: 
 2.62038e-13 -1.12865e-14 -3.42692e-17  5.70515e-13 -7.71864e-14  -1.9406e-16  8.69814e-16  4.69512e-15  2.17839e-13 -4.32343e-16 -1.61599e-14 -4.28351e-13   7.5927e-13  1.26489e-14 -9.71567e-16
-1.12865e-14  1.73421e-13  3.23551e-16 -6.37063e-14    1.335e-13  4.10438e-15 -1.86485e-15 -4.06319e-16 -3.11449e-14  5.69547e-15  2.30738e-15  6.94296e-14 -1.26492e-13  1.28363e-13  1.19316e-14
-3.42674e-17  3.23567e-16  2.57151e-13 -8.80445e-15 -7.68829e-14  5.00217e-13 -1.79315e-13  2.94446e-14   2.3091e-16  3.08024e-13 -2.50998e-14 -9.61338e-16 -1.31901e-14  1.16959e-12  5.20172e-13
 5.70515e-13 -6.37063e-14 -8.80446e-15  5.19264e-12 -5.77463e-13  -1.4835e-13 -1.47948e-15 -4.04453e-13   1.5993e-12 -1.99135e-13  1.36254e-12 -4.22111e-12  1.17352e-11   5.8323e-13 -4.08368e-13
-7.71864e-14    1.335e-13 -7.68829e-14 -5.77463e-13  1.88441e-12 -1.07463e-12  4.76826e-13 -2.31829e-14 -2.72899e-13 -1.53376e-12 -1.68722e-13  7.20771e-13 -1.93189e-12  3.58656e-12 -3.18452e-12
-1.94021e-16  4.10461e-15  5.00217e-13  -1.4835e-13 -1.07463e-12   3.5167e-12 -1.12649e-12  1.94335e-13   5.5975e-15  2.75581e-12 -1.32481e-13 -2.29993e-14  5.28405e-14  2.64143e-12    7.296e-12
 8.69825e-16 -1.86495e-15 -1.79315e-13 -1.47941e-15  4.76826e-13 -1.12649e-12  5.50745e-13  7.37614e-15  3.26235e-15  -1.2791e-12 -1.65987e-13 -1.35744e-14  3.45046e-13 -1.41464e-12 -2.13786e-12
 4.69529e-15 -4.06304e-16  2.94446e-14 -4.04453e-13  -2.3183e-14  1.94335e-13  7.37614e-15  5.97528e-13  3.39613e-14  1.50796e-13  -1.3588e-12 -1.40485e-13  2.07554e-12  2.53537e-13  2.25932e-13
 2.17839e-13 -3.11449e-14  2.30907e-16   1.5993e-12 -2.72899e-13  5.59744e-15  3.26233e-15  3.39611e-14  7.79617e-13  6.81842e-15 -1.16934e-13 -2.04145e-12    3.621e-12  7.06689e-16  1.40842e-14
-4.32294e-16  5.69579e-15  3.08024e-13 -1.99135e-13 -1.53376e-12  2.75581e-12  -1.2791e-12  1.50796e-13   6.8185e-15  3.91109e-12 -1.07539e-14 -2.78049e-14 -4.10267e-13 -4.64295e-14   6.8056e-12
-1.61605e-14  2.30737e-15 -2.50998e-14  1.36253e-12 -1.68721e-13 -1.32481e-13 -1.65987e-13  -1.3588e-12 -1.16935e-13 -1.07539e-14  4.20884e-12  4.84234e-13 -7.20258e-13 -3.06926e-13  6.81488e-14
-4.28351e-13  6.94296e-14 -9.61326e-16 -4.22111e-12  7.20771e-13  -2.2999e-14 -1.35742e-14 -1.40483e-13 -2.04145e-12 -2.78045e-14  4.84227e-13  6.38425e-12 -1.15447e-11 -4.87471e-15 -5.74695e-14
  7.5927e-13 -1.26492e-13 -1.31901e-14  1.17352e-11 -1.93189e-12  5.28398e-14  3.45045e-13  2.07553e-12    3.621e-12 -4.10268e-13  -7.2024e-13 -1.15447e-11  6.19362e-11  2.13988e-13 -7.17481e-13
 1.26489e-14  1.28363e-13  1.16958e-12   5.8323e-13  3.58656e-12  2.64142e-12 -1.41464e-12  2.53537e-13  7.06739e-16 -4.64293e-14 -3.06926e-13 -4.87487e-15  2.13988e-13  3.16125e-11 -4.32235e-12
-9.71462e-16  1.19323e-14  5.20171e-13 -4.08368e-13 -3.18452e-12    7.296e-12 -2.13786e-12  2.25933e-13  1.40843e-14   6.8056e-12  6.81483e-14 -5.74703e-14 -7.17479e-13 -4.32233e-12  2.18758e-11
Matrix: 
 2.60067e-13 -1.32135e-14  -2.0756e-17  5.50923e-13  -8.3272e-14  2.87093e-17   8.2619e-16  4.45034e-15  2.09842e-13 -1.38918e-16 -1.44078e-14 -3.93321e-13   6.8215e-13  1.27732e-14 -3.19696e-16
-1.32135e-14  1.69926e-13  3.26051e-16 -6.92107e-14  1.34378e-13  3.69447e-15 -1.69949e-15 -4.88959e-16 -3.39527e-14    4.726e-15  2.44497e-15  7.11971e-14 -1.26862e-13  1.13328e-13  9.87312e-15
-2.07542e-17  3.26064e-16  2.54359e-13 -9.33866e-15 -7.27957e-14   4.7529e-13 -1.68294e-13  3.12335e-14  2.97514e-16   2.7302e-13 -2.46695e-14 -1.08755e-15 -1.22691e-14  1.14386e-12  4.42838e-13
 5.50923e-13 -6.92107e-14 -9.33866e-15  4.60978e-12 -5.67816e-13 -1.42091e-13 -4.68599e-16  -3.4025e-13  1.40088e-12 -1.78133e-13  1.06898e-12 -3.43135e-12  9.59326e-12  5.48844e-13 -3.64422e-13
 -8.3272e-14  1.34378e-13 -7.27958e-14 -5.67816e-13  1.74841e-12 -9.18548e-13  4.07936e-13  -2.3397e-14 -2.69752e-13  -1.2167e-12 -1.48437e-13  6.62402e-13   -1.783e-12  3.01506e-12 -2.50574e-12
 2.87419e-17  3.69464e-15   4.7529e-13 -1.42091e-13 -9.18548e-13   3.0143e-12 -9.41263e-13  1.83102e-13  6.08013e-15  2.11225e-12 -1.19642e-13 -2.26353e-14  4.61063e-14  2.64569e-12  5.62337e-12
 8.26198e-16 -1.69956e-15 -1.68294e-13 -4.68533e-16  4.07936e-13 -9.41263e-13  4.68905e-13  9.37438e-15  3.15152e-15 -9.94094e-13 -1.46781e-13 -1.30501e-14  3.93252e-13 -1.39279e-12 -1.57786e-12
 4.45045e-15 -4.88946e-16  3.12335e-14 -3.40249e-13 -2.33971e-14  1.83102e-13  9.37438e-15  5.20437e-13   3.0567e-14  1.28068e-13 -1.07343e-12 -1.20739e-13   2.0905e-12  2.81438e-13  1.75451e-13
 2.09842e-13 -3.39527e-14  2.97511e-16  1.40088e-12 -2.69752e-13  6.08008e-15  3.15149e-15  3.05667e-14  6.89703e-13  6.81287e-15 -9.91255e-14 -1.68119e-12  2.90653e-12 -2.88361e-15  1.43025e-14
 -1.3888e-16  4.72622e-15   2.7302e-13 -1.78133e-13  -1.2167e-12  2.11225e-12 -9.94094e-13  1.28068e-13  6.81293e-15  2.84263e-12 -6.38176e-15 -2.50406e-14   -4.194e-13  4.24978e-13  4.63353e-12
-1.44082e-14  2.44497e-15 -2.46695e-14  1.06898e-12 -1.48437e-13 -1.19642e-13 -1.46781e-13 -1.07343e-12 -9.91263e-14 -6.38175e-15  3.08861e-12   3.9221e-13 -1.19377e-12  -3.0248e-13  6.23745e-14
-3.93321e-13  7.11971e-14 -1.08754e-15 -3.43135e-12  6.62402e-13  -2.2635e-14   -1.305e-14 -1.20738e-13 -1.68119e-12 -2.50403e-14  3.92206e-13  4.92024e-12  -8.5813e-12  1.01082e-14 -5.24987e-14
  6.8215e-13 -1.26862e-13 -1.22691e-14  9.59327e-12   -1.783e-12  4.61056e-14  3.93251e-13   2.0905e-12  2.90653e-12 -4.19401e-13 -1.19375e-12  -8.5813e-12  5.24831e-11  1.93617e-13  -7.5984e-13
 1.27732e-14  1.13328e-13  1.14386e-12  5.48845e-13  3.01506e-12  2.64568e-12 -1.39279e-12  2.81438e-13 -2.88358e-15  4.24978e-13  -3.0248e-13  1.01081e-14  1.93617e-13  2.77626e-11 -2.89307e-12
-3.19615e-16  9.87358e-15  4.42838e-13 -3.64421e-13 -2.50574e-12  5.62337e-12 -1.57786e-12  1.75451e-13  1.43026e-14  4.63353e-12  6.23741e-14 -5.24994e-14 -7.59839e-13 -2.89305e-12  1.56027e-11
Matrix: 
 2.58418e-13 -1.51137e-14 -9.35631e-18  5.32734e-13 -8.89702e-14  1.77895e-16   7.8728e-16  4.11161e-15  2.02414e-13  3.23014e-17 -1.26466e-14 -3.64353e-13  6.20511e-13  1.29054e-14  6.97229e-17
-1.51137e-14  1.67752e-13  3.09826e-16 -7.43757e-14  1.35794e-13  3.16168e-15 -1.48618e-15 -5.57008e-16 -3.66425e-14  3.76587e-15  2.49228e-15  7.29481e-14 -1.27446e-13  1.01709e-13  7.83346e-15
-9.35455e-18  3.09837e-16  2.52037e-13  -9.8808e-15 -6.89171e-14  4.53599e-13 -1.58674e-13   3.2905e-14  3.47961e-16  2.46035e-13 -2.42372e-14 -1.15949e-15 -1.16864e-14  1.11686e-12  3.84943e-13
 5.32734e-13 -7.43757e-14 -9.88081e-15  4.15478e-12 -5.60723e-13 -1.37252e-13  5.28941e-16 -2.92788e-13  1.24748e-12 -1.62846e-13  8.64429e-13 -2.86449e-12  8.06056e-12  5.24826e-13 -3.30742e-13
-8.89702e-14  1.35794e-13 -6.89171e-14 -5.60723e-13  1.64339e-12  -7.9553e-13  3.54948e-13 -2.31906e-14 -2.67943e-13 -9.90193e-13 -1.33973e-13  6.17689e-13 -1.67057e-12  2.60237e-12 -2.01639e-12
 1.77922e-16  3.16181e-15  4.53599e-13 -1.37251e-13  -7.9553e-13  2.64018e-12 -8.04954e-13  1.74586e-13  6.23998e-15  1.67805e-12 -1.09393e-13 -2.15583e-14  3.76456e-14  2.61232e-12  4.48735e-12
 7.87285e-16 -1.48623e-15 -1.58674e-13  5.29008e-16  3.54948e-13 -8.04954e-13  4.09806e-13   1.1514e-14  3.01136e-15 -8.03985e-13 -1.34657e-13 -1.23869e-14  4.39388e-13  -1.3552e-12 -1.20883e-12
 4.11169e-15 -5.56998e-16   3.2905e-14 -2.92788e-13 -2.31907e-14  1.74586e-13   1.1514e-14  4.65352e-13  2.70212e-14  1.12284e-13 -8.83788e-13 -1.02782e-13  2.08407e-12  3.05915e-13  1.38838e-13
 2.02414e-13 -3.66425e-14  3.47958e-16  1.24748e-12 -2.67943e-13  6.23992e-15  3.01134e-15   2.7021e-14  6.20584e-13  6.50949e-15 -8.33286e-14 -1.42283e-12  2.39782e-12 -5.41866e-15  1.38237e-14
 3.23313e-17  3.76603e-15  2.46035e-13 -1.62846e-13 -9.90193e-13  1.67805e-12 -8.03985e-13  1.12284e-13  6.50955e-15   2.1814e-12 -2.62643e-15 -2.21314e-14 -4.30042e-13   6.9677e-13  3.29903e-12
-1.26469e-14  2.49228e-15 -2.42372e-14  8.64427e-13 -1.33973e-13 -1.09393e-13 -1.34657e-13 -8.83788e-13 -8.33293e-14 -2.62642e-15  2.39168e-12  3.17694e-13 -1.47177e-12 -2.99323e-13  5.99735e-14
-3.64353e-13  7.29481e-14 -1.15947e-15 -2.86449e-12  6.17689e-13 -2.15581e-14 -1.23868e-14 -1.02781e-13 -1.42283e-12 -2.21312e-14   3.1769e-13  3.94033e-12 -6.61301e-12   1.9206e-14 -4.69141e-14
 6.20511e-13 -1.27446e-13 -1.16865e-14  8.06056e-12 -1.67057e-12  3.76451e-14  4.39388e-13  2.08406e-12  2.39782e-12 -4.30043e-13 -1.47176e-12 -6.61301e-12  4.60978e-11  1.85347e-13 -7.96875e-13
 1.29054e-14  1.01709e-13  1.11686e-12  5.24826e-13  2.60237e-12  2.61232e-12  -1.3552e-12  3.05915e-13 -5.41865e-15   6.9677e-13 -2.99323e-13  1.92059e-14  1.85347e-13  2.49518e-11 -1.96057e-12
 6.97872e-17  7.83378e-15  3.84943e-13 -3.30742e-13 -2.01639e-12  4.48735e-12 -1.20883e-12  1.38839e-13  1.38239e-14  3.29903e-12  5.99732e-14 -4.69146e-14 -7.96874e-13 -1.96055e-12  1.16422e-11
Matrix: 
 2.56874e-13 -1.69685e-14 -1.16498e-18  5.15771e-13 -9.42858e-14  2.60046e-16  7.52058e-16   3.7174e-15  1.95497e-13  1.13357e-16 -1.09588e-14 -3.39876e-13   5.7003e-13  1.31109e-14  2.64046e-16
-1.69685e-14  1.66487e-13  2.78224e-16 -7.92079e-14  1.37649e-13  2.56576e-15 -1.24845e-15 -6.07782e-16 -3.92171e-14  2.86911e-15  2.46093e-15  7.46529e-14  -1.2816e-13  9.25811e-14  5.93187e-15
-1.16331e-18  2.78233e-16  2.49991e-13 -1.04312e-14 -6.53272e-14   4.3475e-13 -1.50266e-13  3.44862e-14  3.86563e-16  2.24868e-13 -2.38009e-14 -1.20062e-15 -1.13439e-14  1.08996e-12   3.4087e-13
 5.15771e-13 -7.92079e-14 -1.04312e-14  3.79122e-12 -5.55512e-13 -1.33562e-13  1.41192e-15 -2.57459e-13  1.12569e-12 -1.51708e-13  7.18725e-13 -2.44327e-12  6.92655e-12  5.08532e-13 -3.04501e-13
-9.42857e-14  1.37649e-13 -6.53272e-14 -5.55512e-13  1.56132e-12  -6.9714e-13  3.13702e-13 -2.26444e-14 -2.67112e-13  -8.2448e-13 -1.23908e-13  5.82723e-13 -1.58449e-12  2.29525e-12  -1.6545e-12
 2.60069e-16  2.56586e-15   4.3475e-13 -1.33562e-13  -6.9714e-13  2.35504e-12 -7.02254e-13  1.68239e-13  6.20013e-15  1.37508e-12 -1.01141e-13 -2.01996e-14   2.8571e-14  2.56305e-12  3.68837e-12
 7.52061e-16 -1.24849e-15 -1.50266e-13  1.41198e-15  3.13702e-13 -7.02254e-13  3.66235e-13  1.37415e-14  2.81617e-15 -6.72776e-13 -1.27424e-13 -1.15321e-14  4.83817e-13  -1.3116e-12 -9.57364e-13
 3.71746e-15 -6.07775e-16  3.44862e-14 -2.57458e-13 -2.26445e-14  1.68239e-13  1.37415e-14  4.25042e-13   2.3509e-14  1.01367e-13  -7.5346e-13  -8.6773e-14  2.06669e-12  3.27897e-13  1.11925e-13
 1.95497e-13 -3.92171e-14  3.86559e-16  1.12569e-12 -2.67112e-13  6.20008e-15  2.81615e-15  2.35088e-14  5.65985e-13  6.08632e-15 -6.94902e-14 -1.23076e-12  2.02244e-12  -7.1852e-15   1.3034e-14
 1.13381e-16  2.86923e-15  2.24868e-13 -1.51707e-13  -8.2448e-13  1.37508e-12 -6.72776e-13  1.01367e-13  6.08638e-15  1.75399e-12   5.6631e-16 -1.94813e-14 -4.40532e-13  8.55527e-13  2.44312e-12
-1.09589e-14  2.46093e-15 -2.38009e-14  7.18723e-13 -1.23908e-13 -1.01141e-13 -1.27424e-13  -7.5346e-13 -6.94908e-14  5.66325e-16  1.93925e-12  2.57229e-13 -1.63996e-12 -2.96896e-13  5.91423e-14
-3.39876e-13  7.46529e-14 -1.20061e-15 -2.44327e-12  5.82723e-13 -2.01994e-14  -1.1532e-14 -8.67721e-14 -1.23076e-12  -1.9481e-14  2.57226e-13  3.25499e-12 -5.24824e-12  2.47489e-14 -4.16486e-14
  5.7003e-13  -1.2816e-13 -1.13439e-14  6.92655e-12 -1.58449e-12  2.85705e-14  4.83817e-13  2.06669e-12  2.02244e-12 -4.40532e-13 -1.63995e-12 -5.24825e-12  4.16119e-11  1.83821e-13 -8.28759e-13
 1.31109e-14  9.25812e-14  1.08996e-12  5.08532e-13  2.29525e-12  2.56305e-12  -1.3116e-12  3.27896e-13 -7.18519e-15  8.55527e-13 -2.96896e-13   2.4749e-14   1.8382e-13  2.28309e-11 -1.32601e-12
 2.64097e-16   5.9321e-15   3.4087e-13 -3.04501e-13  -1.6545e-12  3.68837e-12 -9.57364e-13  1.11925e-13  1.30342e-14  2.44312e-12   5.9142e-14 -4.16491e-14 -8.28758e-13   -1.326e-12  9.02701e-12
Matrix: 
 2.55337e-13 -1.87662e-14  3.35953e-18  4.99908e-13 -9.92403e-14  2.85316e-16  7.18062e-16  3.29218e-15  1.89048e-13  1.30017e-16 -9.37616e-15 -3.18853e-13  5.27868e-13  1.34087e-14  3.19159e-16
-1.87662e-14  1.65861e-13  2.35014e-16 -8.37265e-14  1.39869e-13  1.95252e-15 -1.00325e-15 -6.39336e-16 -4.16847e-14  2.06335e-15   2.3613e-15  7.63059e-14  -1.2897e-13  8.53142e-14  4.23027e-15
 3.36111e-18  2.35021e-16   2.4813e-13 -1.09943e-14 -6.20571e-14  4.18403e-13 -1.42912e-13  3.60041e-14  4.15519e-16  2.08031e-13 -2.33696e-14 -1.22097e-15 -1.11843e-14  1.06409e-12  3.06828e-13
 4.99908e-13 -8.37265e-14 -1.09943e-14  3.49572e-12 -5.51836e-13 -1.30885e-13  2.14111e-15 -2.31097e-13  1.02701e-12 -1.43743e-13  6.13194e-13 -2.12165e-12  6.06575e-12  4.98271e-13  -2.8397e-13
-9.92403e-14  1.39869e-13 -6.20571e-14 -5.51836e-13  1.49697e-12 -6.17529e-13  2.81324e-13 -2.18252e-14 -2.67062e-13 -7.00921e-13 -1.17275e-13  5.55062e-13 -1.51857e-12  2.06141e-12 -1.38123e-12
 2.85336e-16  1.95259e-15  4.18403e-13 -1.30885e-13 -6.17529e-13  2.13369e-12  -6.2338e-13  1.63677e-13  6.02766e-15  1.15783e-12 -9.44658e-14 -1.87337e-14  1.93671e-14    2.509e-12  3.11007e-12
 7.18065e-16 -1.00329e-15 -1.42912e-13  2.14117e-15  2.81324e-13  -6.2338e-13  3.33616e-13  1.60127e-14  2.56263e-15 -5.79648e-13 -1.23681e-13 -1.05136e-14  5.26866e-13 -1.26688e-12 -7.81221e-13
 3.29222e-15 -6.39331e-16  3.60041e-14 -2.31097e-13 -2.18253e-14  1.63677e-13  1.60127e-14  3.94946e-13  2.01353e-14  9.39827e-14 -6.61367e-13 -7.26559e-14  2.04375e-12  3.48059e-13    9.202e-14
 1.89048e-13 -4.16847e-14  4.15515e-16  1.02701e-12 -2.67062e-13   6.0276e-15  2.56261e-15  2.01351e-14  5.21946e-13  5.61705e-15 -5.74317e-14 -1.08391e-12  1.73767e-12  -8.3976e-15  1.21037e-14
 1.30037e-16  2.06343e-15  2.08031e-13 -1.43743e-13 -7.00921e-13  1.15783e-12 -5.79648e-13  9.39827e-14   5.6171e-15  1.46769e-12  3.27349e-15 -1.71448e-14 -4.50361e-13  9.47928e-13  1.87426e-12
-9.37629e-15  2.36131e-15 -2.33696e-14  6.13193e-13 -1.17274e-13 -9.44657e-14 -1.23681e-13 -6.61367e-13 -5.74322e-14   3.2735e-15  1.63519e-12  2.07936e-13 -1.74365e-12 -2.94974e-13  5.89977e-14
-3.18853e-13  7.63059e-14 -1.22095e-15 -2.12165e-12  5.55062e-13 -1.87335e-14 -1.05135e-14 -7.26552e-14 -1.08391e-12 -1.71446e-14  2.07933e-13  2.75863e-12 -4.26933e-12  2.80748e-14 -3.68936e-14
 5.27868e-13  -1.2897e-13 -1.11844e-14  6.06575e-12 -1.51857e-12  1.93666e-14  5.26866e-13  2.04375e-12  1.73767e-12 -4.50362e-13 -1.74364e-12 -4.26933e-12  3.83647e-11  1.86022e-13 -8.56404e-13
 1.34087e-14  8.53143e-14  1.06409e-12  4.98271e-13  2.06141e-12    2.509e-12 -1.26688e-12  3.48059e-13  -8.3976e-15  9.47928e-13 -2.94974e-13  2.80749e-14  1.86021e-13  2.11924e-11 -8.79164e-13
 3.19201e-16  4.23043e-15  3.06828e-13 -2.83969e-13 -1.38123e-12  3.11007e-12 -7.81221e-13    9.202e-14  1.21038e-14  1.87426e-12  5.89975e-14 -3.68941e-14 -8.56403e-13 -8.79156e-13  7.23465e-12
Matrix: 
 2.53763e-13 -2.04998e-14  4.06313e-18  4.85049e-13 -1.03863e-13  2.63264e-16  6.82953e-16  2.85136e-15  1.83034e-13   1.0045e-16 -7.90579e-15 -3.00568e-13  4.92102e-13  1.38008e-14   2.7534e-16
-2.04998e-14  1.65695e-13  1.83941e-16 -8.79578e-14  1.42398e-13  1.35528e-15 -7.62094e-16 -6.50465e-16 -4.40566e-14  1.35961e-15  2.20263e-15  7.79146e-14 -1.29876e-13  7.94637e-14  2.75375e-15
 4.06462e-18  1.83947e-16  2.46416e-13 -1.15761e-14 -5.91091e-14  4.04256e-13 -1.36474e-13   3.7483e-14   4.3565e-16  1.94491e-13 -2.29534e-14 -1.22397e-15 -1.11719e-14  1.03984e-12    2.802e-13
 4.85049e-13 -8.79578e-14 -1.15761e-14  3.25242e-12 -5.49509e-13 -1.29132e-13  2.71008e-15 -2.11457e-13  9.45768e-13 -1.38299e-13  5.35788e-13 -1.87069e-12  5.39927e-12  4.92917e-13 -2.67987e-13
-1.03863e-13  1.42398e-13 -5.91091e-14 -5.49509e-13  1.44673e-12 -5.52482e-13  2.55757e-13 -2.07889e-14  -2.6768e-13 -6.07336e-13 -1.13375e-13  5.33095e-13 -1.46877e-12  1.88014e-12 -1.17121e-12
 2.63281e-16  1.35534e-15  4.04256e-13 -1.29132e-13 -5.52482e-13  1.95928e-12 -5.61824e-13  1.60608e-13  5.75877e-15  9.98485e-13  -8.9053e-14 -1.72257e-14  1.02482e-14  2.45589e-12  2.68128e-12
 6.82956e-16 -7.62116e-16 -1.36474e-13  2.71014e-15  2.55757e-13 -5.61824e-13  3.08931e-13  1.82917e-14  2.25748e-15 -5.11982e-13 -1.22492e-13 -9.38002e-15  5.68798e-13 -1.22354e-12 -6.54928e-13
  2.8514e-15 -6.50462e-16   3.7483e-14 -2.11457e-13  -2.0789e-14  1.60608e-13  1.82917e-14  3.72075e-13  1.69562e-14  8.92349e-14 -5.94724e-13 -6.02827e-14   2.0181e-12  3.66906e-13  7.73048e-14
 1.83034e-13 -4.40566e-14  4.35646e-16  9.45769e-13  -2.6768e-13  5.75872e-15  2.25746e-15  1.69561e-14  4.85845e-13  5.12914e-15 -4.69396e-14 -9.69102e-13  1.51693e-12 -9.20237e-15  1.11041e-14
