0.999999999999 -9.999995e-07 1.0000005e-06 9.98727789704e-07 1.0000005e-06 0.999999999999 -9.999995e-07 9.99819357029e-07 -9.999995e-07 1.0000005e-06 0.999999999999 1.00028908918e-06
1 6.35359516107e-08 -1.3486302496e-08 -3.14498974552e-10 -6.35359513789e-08 1 1.71824069831e-08 8.99893080886e-08 1.34863035877e-08 -1.71824061263e-08 1 4.30790435977e-13
0.999819616348 0.0189930188736 4.42023321799e-07 0.00196410014937 -0.0189930188735 0.999819616348 -3.34307878124e-07 0.25514397181 -4.48293103857e-07 3.25852217155e-07 1 2.28942446164e-08
0.999399628313 0.0346464598964 7.57964705658e-05 0.00760568118162 -0.0346464711896 0.999399619064 0.000153132535168 0.473225284657 -7.04454635713e-05 -0.000155666678963 0.999999985403 1.14591538794e-05
0.998756551831 0.0498531997944 9.29775035929e-05 0.0159289490997 -0.0498532196881 0.998756529694 0.000225566464932 0.682081239634 -8.16166787849e-05 -0.000229921212637 0.999999970237 -1.3755666114e-06
0.99787652923 0.0651339023365 8.47302590745e-05 0.027200300733 -0.0651339235413 0.99787649279 0.000277743560583 0.887078074646 -6.64598118088e-05 -0.000282672594467 0.99999995784 -1.38753147694e-05
0.996754566605 0.080500495406 6.47414354981e-05 0.041525998789 -0.080500512429 0.996754513207 0.000328480279488 1.08999435324 -3.80884927944e-05 -0.000332625937353 0.999999943955 -2.53456708398e-05
0.995388429281 0.0959263944154 4.13326960319e-05 0.0589482595438 -0.0959264031832 0.995388358486 0.000375449852788 1.29157541603 -5.12653379324e-06 -0.000377683336105 0.999999928665 -3.6859964552e-05
0.993776921769 0.111388641131 1.9638028488e-05 0.0794834434492 -0.111388639698 0.993776836082 0.000413537025223 1.4921756014 2.65475094793e-05 -0.000413151005244 0.999999914301 -4.85003449394e-05
0.991919475188 0.126869045623 2.25561059647e-06 0.103136226287 -0.126869034354 0.991919379267 0.000439495053151 1.69197380354 5.35209340868e-05 -0.000436229869608 0.99999990342 -5.97354626477e-05
0.989816000813 0.14235267625 -9.97692432508e-06 0.12990533985 -0.142352657229 0.989815900258 0.000452300774098 1.89106023692 7.42615439953e-05 -0.000446274301694 0.999999897662 -6.98974480937e-05
0.987466784107 0.157826962168 -1.72735627883e-05 0.159786143933 -0.157826938312 0.987466684376 0.000452536806532 2.0894761064 8.84795772183e-05 -0.000444138831508 0.999999897456 -7.84273208536e-05
0.984872389668 0.173281203984 -2.03804465207e-05 0.192771891907 -0.173281178247 0.984872295341 0.000441740142175 2.28723357606 9.66174008292e-05 -0.00043152612165 0.999999902225 -8.49630799745e-05
0.982033580863 0.188706241677 -2.02422028918e-05 0.228854397871 -0.188706216533 0.98203349527 0.000421913045812 2.48432661716 9.94961464473e-05 -0.000410512949669 0.99999991079 -8.93438611991e-05
0.978951257325 0.204094182828 -1.78073958285e-05 0.268024402899 -0.204094160033 0.97895118247 0.000395197575943 2.68073728757 9.80900975206e-05 -0.000383244778367 0.999999921751 -9.15812974225e-05
0.975626409886 0.219438164729 -1.39266727429e-05 0.310271777345 -0.219438145298 0.975626346575 0.000363670435459 2.87643956949 9.33904017716e-05 -0.000351750438092 0.999999933775 -9.18173578943e-05
0.972060090336 0.234732146687 -9.30791195811e-06 0.355585629156 -0.234732130998 0.972060038419 0.000329221722595 3.07140182474 8.63267709365e-05 -0.000317838431398 0.999999945763 -9.02824294443e-05
0.968253392554 0.249970733861 -4.50451414336e-06 0.403954359595 -0.249970721818 0.968253351194 0.000293490086159 3.26558843045 7.77254431329e-05 -0.000283046774953 0.999999956922 -8.72596606066e-05
0.964207442154 0.265149030727 7.78736678948e-08 0.455365687291 -0.265149021933 0.964207410099 0.000257834069239 3.45896090567 6.82893671796e-05 -0.000248626176528 0.999999966761 -8.30542851962e-05
0.95992339203 0.280262522317 4.16527687141e-06 0.509806654542 -0.280262516224 0.95992336784 0.000223328128069 3.65147870834 5.85921578745e-05 -0.000215545265208 0.999999975054 -7.79693498051e-05
0.955402421608 0.295306980494 7.59546975618e-06 0.567263625296 -0.295306976513 0.955402403821 0.000190776429948 3.84309981202 4.90808814142e-05 -0.000184511258367 0.999999981773 -7.22903282983e-05
0.950645738454 0.310278390891 1.02965185238e-05 0.627722278746 -0.310278388472 0.95064572571 0.000160736293576 4.03378113105 4.00846572041e-05 -0.000155998059677 0.999999987029 -6.62726512907e-05
0.945654580893 0.325172897835 1.22661372364e-05 0.691167603325 -0.325172896509 0.945654571998 0.00013354967497 4.22347883794 3.18272060564e-05 -0.000130280477286 0.999999991007 -6.01366471068e-05
0.94043022159 0.339986761707 1.35522140947e-05 0.757583889202 -0.339986761099 0.940430215547 0.000109376839701 4.4121486044 2.44417659136e-05 -0.000107468858973 0.999999993927 -5.40634536337e-05
0.934973970605 0.35471632904 1.42357006203e-05 0.826954725522 -0.35471632887 0.934973966615 8.82319357495e-05 4.5997457841 1.79872988766e-05 -8.75441987648e-05 0.999999996006 -4.81958173376e-05
0.929287179553 0.369358007507 1.44162682424e-05 0.899262993386 -0.369358007578 0.929287176999 7.00173536237e-05 4.78622555573 1.24646170076e-05 -7.03909931835e-05 0.999999997445 -4.26411497148e-05
0.923371244393 0.383908250533 1.42004216968e-05 0.974490866448 -0.383908250716 0.923371242814 5.45548139658e-05 4.9715430342 7.83178215705e-06 -5.58260055122e-05 0.999999998411 -3.74747627783e-05
0.917227608609 0.398363544789 1.36923775219e-05 1.05261980903 -0.398363545004 0.917227607674 4.16124990893e-05 5.15565335769 4.01787596692e-06 -4.36226770771e-05 0.99999999904 -3.27432747633e-05
0.910857766196 0.41272040123 1.29880485709e-05 1.13363057563 -0.412720401433 0.910857765672 3.09288357319e-05 5.33851175937 9.34696591088e-07 -3.35322028458e-05 0.999999999437 -2.84709032864e-05
0.904263263282 0.426975351199 1.21709051593e-05 1.21750321522 -0.42697535137 0.90426326301 2.2230822244e-05 5.52007362328 -1.51368927808e-06 -2.52991923747e-05 0.999999999679 -2.466349187e-05
0.897445700816 0.441124941438 1.13097635379e-05 1.30421707 -0.441124941569 0.897445700693 1.52476513945e-05 5.70029453181 -3.42377933452e-06 -1.86729579713e-05 0.99999999982 -2.13113323451e-05
0.890406735598 0.455165733654 1.04587232941e-05 1.39375078034 -0.455165733748 0.890406735558 9.72185711126e-06 5.87913030455 -4.88746144192e-06 -1.34168595166e-05 0.999999999898 -1.83951435141e-05
0.883148081457 0.469094304086 9.65754551001e-06 1.48608228781 -0.469094304147 0.88314808146 5.41548279326e-06 6.05653703152 -5.98867065659e-06 -9.31297282981e-06 0.999999999939 -1.58878537248e-05
0.875671509395 0.482907245291 8.93308569322e-06 1.58118884087 -0.482907245325 0.875671509419 2.11422133984e-06 6.23247109992 -6.8014758296e-06 -6.16521519622e-06 0.999999999958 -1.37575444356e-05
0.867978847924 0.496601167425 8.3012616016e-06 1.67904699991 -0.49660116744 0.867978847955 -3.70580790471e-07 6.40688922004 -7.38935033471e-06 -3.800759915e-06 0.999999999965 -1.1970343353e-05
0.860071982743 0.510172700603 7.76892049323e-06 1.77963264251 -0.510172700602 0.860071982775 -2.20208626831e-06 6.57974844481 -7.8052751511e-06 -2.06953844584e-06 0.999999999967 -1.04913734169e-05
0.851952856816 0.52361849634 7.33600095832e-06 1.88292096691 -0.523618496329 0.851952856847 -3.51884996291e-06 6.75100618855 -8.0924619007e-06 -8.43371512262e-07 0.999999999967 -9.28638528088e-06
0.843623468582 0.536935231857 6.99699727458e-06 1.98888650315 -0.536935231839 0.843623468611 -4.43715066492e-06 6.92062024447 -8.28529363169e-06 -1.36499192415e-08 0.999999999966 -8.32139370203e-06
0.835085871726 0.550119611355 6.74339121573e-06 2.09750311624 -0.550119611332 0.835085871753 -5.05201315065e-06 7.08854879837 -8.41052224296e-06 5.09193051229e-07 0.999999999965 -7.56643179165e-06
0.826342173864 0.563168368829 6.56421712087e-06 2.20874401473 -0.563168368804 0.82634217389 -5.44098897396e-06 7.25475044334 -8.48848233083e-06 7.99359208278e-07 0.999999999964 -6.9925893533e-06
0.81739453552 0.576078270082 6.44758239859e-06 2.32258175734 -0.576078270055 0.817394535545 -5.66597275982e-06 7.41918419202 -8.53426240589e-06 9.17023058063e-07 0.999999999963 -6.57382385522e-06
0.808245169438 0.588846114056 6.38140137367e-06 2.43898825879 -0.588846114029 0.808245169463 -5.7758261405e-06 7.58180948888 -8.55880961297e-06 9.10620176627e-07 0.999999999963 -6.28631863663e-06
0.798896338751 0.601468735589 6.35438840521e-06 2.55793480005 -0.601468735561 0.798896338775 -5.80798571057e-06 7.74258622149 -8.56981945374e-06 8.18012560341e-07 0.999999999963 -6.11007786367e-06
0.789350356443 0.613943006103 6.35593836735e-06 2.67939203363 -0.613943006076 0.789350356468 -5.79122008132e-06 7.90147473074 -8.57254128169e-06 6.69117727746e-07 0.999999999963 -6.02659957975e-06
0.77960958454 0.626265834652 6.37696903694e-06 2.80332999107 -0.626265834626 0.779609584566 -5.74660699361e-06 8.05843582207 -8.57044980695e-06 4.86432054498e-07 0.999999999963 -6.02080138596e-06
0.7696764327 0.638434169594 6.40941997208e-06 2.92971809223 -0.638434169568 0.769676432727 -5.68979099655e-06 8.21343077523 -8.56573649e-06 2.87305319749e-07 0.999999999963 -6.07867659707e-06
0.7595533575 0.650444999265 6.44678178777e-06 3.05852515259 -0.650444999241 0.759553357527 -5.63156797818e-06 8.36642135396 -8.55969998157e-06 8.41993907583e-08 0.999999999963 -6.18892088154e-06
0.749242862159 0.662295352137 6.48384403338e-06 3.18971938919 -0.662295352113 0.749242862187 -5.57924789762e-06 8.51736981561 -8.55308381256e-06 -1.14008103629e-07 0.999999999963 -6.34180741619e-06
0.738747495204 0.6739822982 6.51658186567e-06 3.3232684313 -0.673982298177 0.738747495233 -5.5374759918e-06 8.66623892122 -8.54626932593e-06 -3.01264303387e-07 0.999999999963 -6.52914243295e-06
0.728069850013 0.685502949271 6.5420679919e-06 3.45913932691 -0.685502949249 0.728069850042 -5.50886579429e-06 8.81299194371 -8.53942621095e-06 -4.7376781004e-07 0.999999999963 -6.7441479154e-06
0.71721256448 0.696854459201 6.55843010141e-06 3.59729855082 -0.69685445918 0.71721256451 -5.49447276809e-06 8.95759267834 -8.5326363216e-06 -6.29566356912e-07 0.999999999963 -6.98161938263e-06
0.706178319578 0.708034025252 6.56432999629e-06 3.73771201453 -0.708034025231 0.706178319609 -5.49454845436e-06 9.10000545009 -8.52591478521e-06 -7.67637995875e-07 0.999999999963 -7.23666753636e-06
0.694969839928 0.719038887368 6.55933999153e-06 3.8803450718 -0.719038887348 0.694969839958 -5.50839867991e-06 9.24019512396 -8.51929632213e-06 -8.88249580405e-07 0.999999999963 -7.50606753888e-06
0.994143270815 -0.100760990859 0.0390689110861 2.74207101465 0.101486706539 0.994690699631 -0.0170546317033 10.7122464438 -0.0371430409129 0.0209197224583 0.999090966691 0.0010053674166
0.963094449305 0.262395854376 0.0599791407348 3.23848268263 -0.26117920443 0.964900342422 -0.0274363329787 10.4983178868 -0.0650730734661 0.0107584757415 0.997822504411 -0.00464857056215
0.897135860248 0.440725803395 0.0301332785909 3.63740306645 -0.439447906591 0.897334277779 -0.0409479097839 10.396949028 -0.0450864242183 0.0234938320738 0.998706790908 0.00649671806685
0.81528540982 0.579055469411 0.0021127895114 3.98212955745 -0.578601522808 0.814780484373 -0.0367836932592 10.3462223623 -0.0230212584284 0.0287667452048 0.999321017507 0.00958378555614
0.725426836935 0.68808659484 -0.0171097123144 4.28252708337 -0.688299146273 0.725218251362 -0.0174003773265 10.3298930108 0.000435309262452 0.0243993010644 0.999702197964 0.00660655575204
0.638564828255 0.76908587404 -0.0272374460466 4.54622387859 -0.769312444566 0.638864906505 0.00316130863538 10.3407598861 0.019832366237 0.0189354056961 0.99962399314 0.00355112318434
0.564058593274 0.82518990833 -0.0299919746466 4.78059020043 -0.825221162282 0.564616662913 0.014766762762 10.3743785107 0.029119352249 0.0164206927463 0.999441055878 0.00310331858906
0.506533872187 0.861763036697 -0.0280696439112 4.99294555426 -0.861758964038 0.50705918317 0.0162010080744 10.4267604697 0.0281944006293 0.0159829079046 0.99947467323 0.00462590610561
0.466218793698 0.884359471394 -0.0234171253498 5.18988830874 -0.884424931761 0.466548924433 0.0111642819017 10.49404803 0.0207984730863 0.0155056914488 0.999663441889 0.00650781719492
0.440767527718 0.897458991079 -0.0170688558833 5.37674162151 -0.897554095312 0.440887515133 0.00385291940512 10.5726968041 0.0109832826186 0.0136219797396 0.999846892865 0.00760766011283
0.426831211829 0.904277139475 -0.00989806201059 5.55744941842 -0.904329786456 0.426825010946 -0.00283678680039 10.659617296 0.00165949897285 0.0101619414521 0.999946989099 0.00757114180621
0.421011903017 0.907050319846 -0.0029486922802 5.73473934875 -0.907037806345 0.420981564188 -0.00754589129951 10.7522155757 -0.00560315802831 0.00585148543338 0.999967181831 0.00662756791775
0.420347267169 0.907358992154 0.00279898907418 5.91037346828 -0.907304280129 0.420353107425 -0.0101098139567 10.8483829902 -0.0103497943576 0.00171009790124 0.999944977147 0.00524651156662
0.422487983888 0.906343237922 0.00677041679243 6.0854126252 -0.906277636973 0.422539614927 -0.0110053868056 10.9464559536 -0.0128354272164 -0.00148623364856 0.999916517974 0.00385356837746
0.425686129307 0.904827103154 0.00890127592051 6.26046058844 -0.904768701168 0.425765294882 -0.0108402519084 11.0451469172 -0.0135984080988 -0.00343905097775 0.999901623274 0.0026968957382
0.428696203694 0.903398785157 0.00949736364716 6.4358616911 -0.903352718493 0.428780206303 -0.0100697901738 11.1434630885 -0.0131693177537 -0.00426258844968 0.999904195116 0.00184976897594
0.4306635205 0.902467503272 0.0090187387428 6.61183653039 -0.902433284778 0.430736638966 -0.00895066350718 11.2406376307 -0.0119623841617 -0.00428408577141 0.999919270729 0.00127635021561
0.431033603738 0.902301141905 0.00791718159836 6.78855706066 -0.902277265635 0.431089018564 -0.00761537858145 11.3360830005 -0.0102843748351 -0.00386100889032 0.999939660302 0.000898845845899
0.429485084623 0.90305015496 0.00655589145952 6.96617599638 -0.903035119958 0.42952262118 -0.00615548673398 11.4293594151 -0.00837461693284 -0.00327651048974 0.999959564318 0.000640921388265
0.425877483652 0.904765968588 0.00518758162445 7.14483004963 -0.904757995112 0.425900474212 -0.00466436986978 11.5201482055 -0.00642955659695 -0.00270705584706 0.999975666029 0.000447096842018
0.420206976909 0.907419635532 0.00396252543382 7.32463320731 -0.907416596416 0.420219722976 -0.00324113737207 11.6082254704 -0.00460620303296 -0.0022337128055 0.999986896625 0.000286010271711
0.412567851451 0.910922098707 0.00294924353604 7.50566975928 -0.910921878457 0.412574148364 -0.00197571522877 11.6934369596 -0.00301650430283 -0.00187141387486 0.999993699236 0.000145339065056
0.403119981062 0.915144589203 0.00215910183878 7.68799100549 -0.915145511985 0.403122588664 -0.000932953265747 11.7756768842 -0.00172416985557 -0.00159980025486 0.999997233935 2.40302310993e-05
0.392062850203 0.919937094175 0.00156979354302 7.8716161003 -0.919938129017 0.392063538042 -0.000144634163382 11.854872335 -0.000748513142453 -0.00138740725258 0.999998757414 -7.47197910432e-05
0.379615776787 0.92514353071 0.00114437729633 8.05653599034 -0.925144235522 0.379615584259 0.000389446357293 11.9309732022 -7.41296779503e-05 -0.0012065540404 0.999999269366 -0.000148143890867
0.366003232972 0.930613196105 0.000844209027709 8.24271911849 -0.930613517969 0.366002729775 0.0006942412223 12.0039462419 0.000337087234111 -0.001039726865 0.99999940267 -0.000196046617355
0.351444031133 0.936208677947 0.000635860454618 8.4301176908 -0.936208741166 0.351443504812 0.000809870187472 12.0737715968 0.00053473847078 -0.000879922159154 0.999999469896 -0.000221019678146
0.336143415029 0.941810682192 0.000493398031265 8.61867360352 -0.941810638201 0.336142989326 0.000782623012845 12.140440381 0.00057123042447 -0.000727761086931 0.99999957203 -0.000227593534823
0.320287472471 0.947320313661 0.000397872924477 8.80832343421 -0.947320267379 0.320287180433 0.000658074756736 12.2039525046 0.000495973987812 -0.000587686185731 0.999999704317 -0.000221070951475
0.304039543162 0.95265935335 0.000335662484473 8.99900218826 -0.952659347432 0.304039373319 0.000476677564526 12.2643144336 0.000352056728952 -0.000464700832369 0.999999830055 -0.000206519349232
0.287538385535 0.95776906861 0.000296746182525 9.19064577649 -0.957769098643 0.287538310428 0.000271514981261 12.3215369149 0.000174722754767 -0.000362285303123 0.999999919111 -0.000188124086573
0.270897860804 0.96260805848 0.000273425807159 9.38319237074 -0.962608097271 0.270897852505 6.76524504361e-05 12.3756328332 -8.94767001317e-06 -0.000281528800076 0.999999960331 -0.000168915443501
0.254207851217 0.967149575296 0.00025958541929 9.57658291188 -0.967149593455 0.254207887522 -0.000117477826871 12.4266153729 -0.000179607291434 -0.000221194146798 0.999999959407 -0.000150786510259
0.237536106165 0.971378677748 0.000250367345012 9.77076105207 -0.971378655724 0.237536171172 -0.000273108901135 12.4744965978 -0.000324763463786 -0.0001783282701 0.999999931364 -0.000134686328921
0.220930711549 0.97528947605 0.000242076447048 9.96567279001 -0.975289407893 0.220930793882 -0.000393910914129 12.5192864814 -0.000437659310677 -0.000149067576161 0.999999893117 -0.000120882283829
0.204422908469 0.978882638827 0.000232154843909 10.1612659892 -0.978882530322 0.204422999344 -0.000478716185605 12.5609923606 -0.000516064752518 -0.00012939176604 0.999999858467 -0.00010922230373
0.188030030578 0.982163255058 0.000219124917877 10.3574899007 -0.982163119231 0.18803012267 -0.000529330273879 12.5996187461 -0.000561090829982 -0.00011568642526 0.999999835897 -9.93472244092e-05
0.171758381294 0.985139085339 0.000202465857033 10.5542947509 -0.98513893769 0.171758468485 -0.000549500659131 12.635167407 -0.000576109802254 -0.000105075655584 0.999999828528 -9.08467345554e-05
0.155605920268 0.987819196159 0.000182423247013 10.751631419 -0.987819050945 0.155605997869 -0.0005440747064 12.6676376496 -0.000565833590513 -9.55399133509e-05 0.999999835352 -8.33507704592e-05
0.139564670818 0.990212945345 0.000159782272456 10.9494511953 -0.990212813399 0.139564735862 -0.000518348052851 12.6970267141 -0.000535574922779 -8.58753781742e-05 0.999999852892 -7.65755816064e-05
0.123622798146 0.992329272662 0.000135634048464 11.1477056103 -0.992329160611 0.123622849465 -0.000477588181035 12.7233302275 -0.000490692199874 -7.55528341615e-05 0.999999876756 -7.03310736449e-05
0.107766340848 0.994176243642 0.000111168087439 11.3463463141 -0.994176154164 0.107766378863 -0.000426707440341 12.7465426727 -0.0004362025824 -6.45359621774e-05 0.999999902781 -6.451272151e-05
0.0919805967677 0.995760795654 8.75053359429e-05 11.5453249875 -0.995760728306 0.0919806230666 -0.000370058076121 12.7666578333 -0.000376538119638 -5.30962143689e-05 0.9999999277 -5.90782766674e-05
0.0762511850388 0.997088638226 6.55848996044e-05 11.7445932836 -0.997088590494 0.0762512018661 -0.000311321649299 12.7836691991 -0.000315416206769 -4.1655310417e-05 0.999999949389 -5.40278988065e-05
0.060564817472 0.998164265419 4.60995435613e-05 11.9441027844 -0.998164233707 0.0605648272542 -0.000253469740046 12.7975703181 -0.000255796447771 -3.06635670326e-05 0.999999966814 -4.93822006381e-05
0.821250820046 0.570264760644 0.0185793794929 12.0362168231 -0.569347692581 0.821188715248 -0.0386302847725 14.6560588232 -0.0372866668753 0.0211470262042 0.999080831443 0.00100323528015
0.560840162454 0.827339492446 0.0311074977654 12.2743555709 -0.82532162483 0.561659237246 -0.0581645665734 14.1705338045 -0.0655936564547 0.00694733436599 0.997822232052 -0.00648298998807
0.394553432307 0.918870845107 0.00198974022983 12.5115853668 -0.917788850746 0.394192145982 -0.0477093019592 13.8342594026 -0.0446230265819 0.0169977074422 0.9988592811 0.00337689060508
0.242641380031 0.969968508023 -0.0169190466604 12.7405602686 -0.969905504761 0.242188484867 -0.0250609184168 13.5719382897 -0.0202107033703 0.0224906923208 0.999542743572 0.00646660756858
0.103810787753 0.994394706062 -0.0200621260796 12.9582223415 -0.994585529566 0.103885608774 0.0027211517205 13.3645862964 0.00479006504633 0.0196710153874 0.999795032209 0.00407604611457
-0.0144359012031 0.999777353875 -0.0153898484488 13.165676469 -0.999594047058 -0.014051734054 0.0247848715324 13.2016815399 0.0245630992192 0.0157413928513 0.999574340761 0.00163686349562
-0.107253018348 0.994176040567 -0.0105257027577 13.3656284281 -0.993657238404 -0.106825182113 0.0351236819614 13.0750739243 0.0337947129486 0.0142260616404 0.999327542174 0.00158247059994
-0.174669798886 0.984591465999 -0.00837295875506 13.5610462545 -0.984079390408 -0.174282742579 0.0348321548611 12.9770357607 0.0328361802033 0.014323781632 0.999358101258 0.00330827379772
-0.219980002225 0.975470174919 -0.00816923895487 13.754431063 -0.97517423244 -0.219679984353 0.0278553560337 12.9003788366 0.0253774507369 0.0140940526097 0.999578582541 0.00529994441025
-0.247777126834 0.968782882137 -0.00813773287709 13.9475241061 -0.968696261741 -0.247604853212 0.0178714620246 12.8389352912 0.0152986243337 0.0123111309299 0.999807175484 0.00647591095261
-0.262706024655 0.96484918341 -0.00718316664385 14.1413209122 -0.964860555143 -0.262652545014 0.00759932405272 12.7877613307 0.00544552460646 0.00892714236763 0.999945324701 0.00651510655752
-0.268852861907 0.96316686766 -0.00526532862665 14.336215503 -0.9631778883 -0.268862367113 -0.00117602706921 12.7430919305 -0.00254835902673 0.00475526986459 0.999985446531 0.00566790707005
-0.269520881227 0.962989899663 -0.00299127574791 14.5321807149 -0.962960500675 -0.269536171672 -0.00757141340101 12.7021780304 -0.00809745164485 0.000839826379898 0.999966862435 0.00441055711425
-0.267228094696 0.96363275534 -0.00102870809297 14.7289428403 -0.963566690906 -0.267222021644 -0.0114727209401 12.6630754428 -0.0113303831471 -0.00207460450476 0.999933657016 0.00316010918689
-0.263820857382 0.964571660834 0.000257540123178 14.9261231667 -0.964488006537 -0.263794441137 -0.0132430385921 12.6244234285 -0.0127059220764 -0.00374218415573 0.999912273953 0.00214859326641
-0.260617404648 0.965441784952 0.000853383269819 15.1233364081 -0.965358261987 -0.26058300122 -0.0134136306903 12.5852505564 -0.0127277023827 -0.00431964620758 0.999909669045 0.00143473330623
-0.258530040469 0.966002743325 0.000958156324452 15.3202500691 -0.965930898599 -0.258498421628 -0.0124926037482 12.5448349011 -0.0118202075945 -0.00415522615207 0.999921505313 0.000974197249622
-0.258153686087 0.966103512669 0.000822901870314 15.5166116819 -0.966048751971 -0.258129768235 -0.0109009892441 12.502621077 -0.0103190685312 -0.00360909388016 0.999940243848 0.000686633037083
-0.259829772086 0.965654219166 0.00064694989566 15.7122506882 -0.965617045728 -0.259813757571 -0.00897398331678 12.4581776055 -0.00849767836923 -0.00295641388688 0.99995952372 0.000497048633698
-0.263697736836 0.964605209518 0.000541624854791 15.90706342 -0.964582891252 -0.263687719891 -0.00697368493035 12.411174521 -0.00658403299036 -0.00236138700195 0.999975536881 0.000353191233041
-0.269741333555 0.962932668058 0.000538291975851 16.1009907221 -0.962921051683 -0.269735231678 -0.00509441046178 12.3613677251 -0.00476037794733 -0.00189250574714 0.999986878526 0.00022743791957
-0.277831302735 0.960629683157 0.000615677311258 16.293996233 -0.960624695061 -0.277827640131 -0.00346375784568 12.3085846451 -0.00315633642736 -0.00155377518401 0.999993811642 0.000110969531876
-0.287763109064 0.957701342376 0.000729296657579 16.486050052 -0.957699840539 -0.287761022934 -0.00214688429718 12.2527105946 -0.00184621082113 -0.00131624139283 0.999997429504 5.68001569284e-06
-0.299288312931 0.954162360393 0.000834117190955 16.677119197 -0.954162342486 -0.299287295851 -0.00115703222767 12.1936766844 -0.000854355922903 -0.00114216943626 0.999998982762 -8.29061230924e-05
-0.312139218888 0.950035947903 0.000897621743307 16.8671640154 -0.950036357313 -0.312138908893 -0.000470465391986 12.1314497993 -0.000166776363077 -0.000999623991225 0.999999486469 -0.000150255823796
-0.326047417851 0.945352983699 0.000904170327623 17.0561386451 -0.945353381671 -0.32604751494 -4.19995663184e-05 12.0660244801 0.000255098073071 -0.000868454326974 0.999999590356 -0.000194869228625
-0.340757218897 0.940150939777 0.000853350024153 17.2439935337 -0.940151213581 -0.340757483362 0.00018203189309 11.9974162263 0.000461922862016 -0.000740249379177 0.999999619329 -0.000218399520831
-0.356034909422 0.934472349926 0.000755312917113 17.4306784105 -0.934472517629 -0.356035179264 0.000254797472624 11.925655778 0.000507019162843 -0.000615102368166 0.99999968229 -0.000224715589271
-0.371674575596 0.9283628701 0.000625520267196 17.6161447004 -0.928362976425 -0.371674768984 0.000223839423155 11.8507841729 0.000440294310127 -0.000497514434465 0.99999977931 -0.000218672450193
-0.38750106837 0.921869129146 0.000480353298087 17.8003469512 -0.921869203865 -0.387501166917 0.000128851394165 11.7728485521 0.00030492158607 -0.000392892859581 0.999999876329 -0.000205043480508
-0.403370643866 0.915036617838 0.00033418900314 17.9832432512 -0.915036668764 -0.403370666776 1.26305970785e-06 11.6918987766 0.000135957786909 -0.000305285710964 0.999999944158 -0.000187826810026
0.466625913322 0.884453744718 0.00135294884096 18.9117474366 -0.883643152316 0.466262682908 -0.0421175722582 13.3012616141 -0.0378818740586 0.0184576266431 0.99911174532 0.00114246208323
0.119387430239 0.992841744119 0.0034514687101 18.9020724092 -0.990939291531 0.119372663933 -0.0615588142056 12.7592044728 -0.0615301714761 0.00392915267822 0.998097490107 -0.00622898713526
-0.0726809737951 0.997231263071 -0.0157252663741 18.9589089747 -0.996627243861 -0.0732212088383 -0.0370511993231 12.3490080205 -0.0381000373125 0.0129793116383 0.999189633967 0.00238023409347
-0.232525098566 0.972345260952 -0.0218351102959 19.0422048107 -0.972506410468 -0.232741449618 -0.00791828440918 12.008580247 -0.012781241543 0.0193935848733 0.999730227977 0.00518850185342
-0.367823019395 0.92981268106 -0.0124340074986 19.1402781132 -0.929821293434 -0.367591380783 0.0175766621259 11.7222694579 0.0117723693503 0.018026505869 0.999768201338 0.00298685118559
-0.475952637201 0.879470291703 0.00104553954025 19.2491974804 -0.878939529439 -0.475706046608 0.034191531262 11.4800763651 0.030567805454 0.0153545834426 0.999414751761 0.000853363355698
-0.556610854898 0.83072024664 0.00939297782056 19.3676958517 -0.829859692318 -0.556493285369 0.0405969753198 11.2735549215 0.0389518584373 0.0148018634549 0.999131451593 0.00112075954929
-0.612990532677 0.790018946508 0.0106146600026 19.4949962545 -0.789205227399 -0.612884341131 0.0390882775494 11.0945833386 0.0373860387524 0.0155835989154 0.999179381068 0.00315611847763
-0.64986859174 0.760012625739 0.00718485820692 19.6301550283 -0.759476997003 -0.649718463846 0.0325669888129 10.9356896434 0.0294194577172 0.0157075286221 0.999443729808 0.00539306283145
-0.672102412758 0.740454495416 0.00234243108191 19.7719950926 -0.740218857481 -0.671962230588 0.0232981478368 10.7905834817 0.0188252435154 0.0139248297147 0.999725817074 0.00670247279631
-0.683952501697 0.729524500135 -0.00172601405724 19.9191996986 -0.729477962193 -0.683877739113 0.0131582909245 10.6543619039 0.0084189130182 0.0102587352131 0.99991193625 0.00675718728486
-0.688878542095 0.724864545341 -0.00421249914787 20.0704205011 -0.724876768843 -0.68886814186 0.00378855151085 10.5234456237 -0.00015566979217 0.00566339461251 0.999983950735 0.00584282375998
-0.689539980628 0.724228264407 -0.00529491728886 20.2243751517 -0.724220349393 -0.689559033001 -0.00363669238921 10.3953763929 -0.00628495346275 0.00132704204934 0.999979368947 0.00448667410016
-0.687896911156 0.72578731217 -0.00553327344292 20.3799192953 -0.725738650909 -0.687916503437 -0.0086194475763 10.2685505494 -0.0100623158082 -0.00191358096003 0.999947542628 0.00314647138794
-0.685359282626 0.728184994977 -0.00540988065147 20.5360787527 -0.728107631644 -0.685370187209 -0.0112686834851 10.1419454742 -0.0119134571419 -0.00378412144086 0.99992187193 0.00207395465656
-0.682929909541 0.73046568953 -0.00515897987085 20.6920509063 -0.730380016597 -0.682934859398 -0.0120419755231 10.0148899298 -0.0123194971465 -0.00445580945101 0.999914184194 0.00133036767784
-0.681308513741 0.731980544142 -0.00481581787775 20.847194744 -0.731902928203 -0.681311911862 -0.0114970623526 9.88690624447 -0.0116967000424 -0.00430833525742 0.99992230971 0.000865071652158
-0.680957283472 0.732310288143 -0.00433819859327 21.0010183634 -0.732249489697 -0.680960865786 -0.010148108526 9.7576226113 -0.0103857077488 -0.00373378470814 0.999939096109 0.000588899360767
-0.682143918755 0.731208580071 -0.00369953188218 21.1531621809 -0.731166486199 -0.682147208012 -0.00841166215822 9.62673522744 -0.00867430488714 -0.00303299046097 0.99995777781 0.000418708970649
-0.684976417931 0.728559368663 -0.00292458756075 21.3033757683 -0.728533415002 -0.684978498412 -0.00659696433298 9.49399681651 -0.00680955976536 -0.00238810523492 0.999973963086 0.000295966635439
-0.689436523681 0.724343112947 -0.00208195603208 21.4514905951 -0.724328894668 -0.689437108441 -0.00491180751594 9.35921441148 -0.00499321169295 -0.00187835858731 0.999985769702 0.000188940000699
-0.695412758719 0.71860942988 -0.00125789438082 21.5973935135 -0.718602620546 -0.695412251624 -0.00347477118215 9.22224761681 -0.00337175850184 -0.00151247401526 0.99999317181 8.67331100912e-05
-0.702731228714 0.711455226148 -0.000530449122218 21.7410051779 -0.711452521392 -0.702730296204 -0.0023325099485 9.08300463374 -0.00203223906168 -0.00126173821663 0.999997139006 -9.210991748e-06
-0.711182217438 0.703007717882 4.68970148725e-05 21.8822652773 -0.703006997589 -0.711181390007 -0.00148048961794 8.94143624348 -0.00100744334343 -0.001085866819 0.999998902975 -9.27442004361e-05
-0.720541598385 0.693411567588 0.000450479410259 22.0211242028 -0.693411654014 -0.720541114048 -0.000883767219828 8.79752870016 -0.00028822547716 -0.000949158718143 0.999999508012 -0.000158186368013
-0.730587081502 0.68281919237 0.000683281374131 22.1575394404 -0.682819515104 -0.730586932158 -0.000494320461854 8.6512963412 0.000161664944392 -0.000827702000117 0.999999644387 -0.000202811157306
-0.741109852035 0.671383346859 0.000767318743969 22.2914746388 -0.671383670843 -0.741109909096 -0.000262991302355 8.5027744454 0.000392099543821 -0.000710070720208 0.999999671029 -0.000227237321453
-0.751922295005 0.659251334465 0.000735036940633 22.4228996535 -0.659251586238 -0.751922419346 -0.000146036084805 8.35201270863 0.000456416270922 -0.000594382057096 0.999999719197 -0.0002346129191
-0.762862459225 0.646560501061 0.000621911046295 22.5517905059 -0.646560673386 -0.76286255909 -0.000107558767717 8.19906963027 0.000404889401554 -0.00048415577093 0.999999800829 -0.00022938386524
-0.773795863332 0.633434881577 0.000461185805718 22.6781288066 -0.633434987058 -0.773795905194 -0.000119482898288 8.04400801332 0.000281179052471 -0.000384586597311 0.999999886516 -0.000216164163028
-0.784615225374 0.619982958841 0.00028081557645 22.8019006257 -0.619983010659 -0.784615218275 -0.000160455756628 7.88689164832 0.000120852340054 -0.000299996916176 0.999999947698 -0.000198959534377
-0.795238675057 0.606296494505 0.000102201253937 22.9230950311 -0.606296501154 -0.795238647611 -0.000214556079555 7.72778312453 -4.88102119442e-05 -0.000232587555106 0.99999997176 -0.000180779657079
-0.805606978844 0.592450328771 -5.98183717477e-05 23.0417025577 -0.592450295183 -0.805606960453 -0.000270200094197 7.56674258466 -0.000208270231284 -0.00018223566957 0.999999961707 -0.000163568342488
-0.815680232951 0.578502998323 -0.000196226135189 23.1577138332 -0.578502928855 -0.815680243317 -0.000319326315279 7.40382720067 -0.000344789012529 -0.000146950769309 0.999999929763 -0.000148339948251
-0.825434390305 0.564497985518 -0.00030273235587 23.2711185056 -0.564497886298 -0.825434436563 -0.0003567913459 7.23909113219 -0.000451293707608 -0.000123616072066 0.999999890527 -0.000135412745423
-0.834857892178 0.55046539994 -0.000378599108514 23.3819045157 -0.550465279603 -0.834857970941 -0.000379878289176 7.07258576851 -0.000525186337915 -0.00010873872366 0.999999856178 -0.000124658889707
-0.843948578649 0.536423913994 -0.000425549831858 23.4900577102 -0.536423782929 -0.843948680126 -0.000387844000617 6.90436011191 -0.000567191015754 -9.90453424283e-05 0.999999834242 -0.000115719902931
-0.852710980936 0.522382793856 -0.000446848958047 23.5955617444 -0.522382662646 -0.85271109307 -0.000381472677229 6.7344612016 -0.000580307826365 -9.18597922954e-05 0.999999827402 -0.000108167249895
-0.861154039619 0.508343899948 -0.000446580040205 23.6983982007 -0.508343777754 -0.861154151192 -0.000362635194287 6.56293453113 -0.000568917644385 -8.52685777607e-05 0.999999834531 -0.000101603650921
-0.869289252414 0.494303562093 -0.000429114686721 23.7985468584 -0.494303455511 -0.869289354818 -0.000333872259645 6.38982442587 -0.000538059076389 -7.81186945318e-05 0.999999852195 -9.57143565388e-05
-0.877129228056 0.48025426421 -0.000398745102729 23.8959860442 -0.480254176828 -0.877129315905 -0.000298025105119 6.21517437718 -0.000492878846753 -6.99075293188e-05 0.999999876092 -9.02837382165e-05
-0.884686604518 0.466186102949 -0.000359447841993 23.9906930237 -0.466186035537 -0.884686675463 -0.000257930605035 6.03902733369 -0.000438242379927 -6.06181867286e-05 0.999999902135 -8.51861052601e-05
-0.891973285674 0.452087998713 -0.000314744659433 24.0826443842 -0.452087949845 -0.891973339773 -0.000216192966068 5.86142594796 -0.000378482090415 -5.05460824756e-05 0.999999927098 -8.03670894906e-05
-0.898999942698 0.437948662975 -0.000267633352912 24.1718163927 -0.437948629838 -0.898999981639 -0.000175032024874 5.68241278341 -0.000317257420625 -4.01441201252e-05 0.999999948868 -7.58210628706e-05
-0.905775729144 0.423757336035 -0.000220567043143 24.258185314 -0.423757315201 -0.905775755506 -0.000136201884411 5.50203048612 -0.000257500827844 -2.99014631394e-05 0.9999999664 -7.15697861942e-05
-0.91230816439 0.409504313041 -0.000175465894096 24.3417276745 -0.409504301095 -0.912308181039 -0.00010096869622 5.32032192137 -0.000201426087261 -2.02605275815e-05 0.999999979509 -6.76455127349e-05
-0.918603140033 0.395181291602 -0.000133750520825 24.4224204832 -0.395181285548 -0.918603149697 -7.01337745697e-05 5.13733027888 -0.000150579205323 -1.15694027796e-05 0.999999988596 -6.40798608637e-05
-0.924665014897 0.380781565906 -9.63897577617e-05 24.5002414033 -0.380781563375 -0.924665019913 -4.40869745975e-05 4.95309914716 -0.000105915744503 -4.06224036911e-06 0.999999994383 -6.08963191606e-05
-0.930496767374 0.366300098029 -6.395707717e-05 24.5751688809 -0.366300097321 -0.930496769569 -2.28777726968e-05 4.76767256231 -6.78919840793e-05 2.13979005262e-06 0.999999997693 -5.81065627112e-05
-0.936100180247 0.351733494561 -3.66915097165e-05 24.6471822377 -0.351733494574 -0.936100180939 -6.29332577785e-06 4.58109503292 -3.65605023528e-05 7.01444953879e-06 0.999999999307 -5.57099994978e-05
-0.941476037959 0.337079915951 -1.45599949745e-05 24.7162617368 -0.337079916063 -0.941476038012 6.06498245952e-06 4.39341154699 -1.16635026044e-05 1.06179175402e-05 0.999999999876 -5.36949467324e-05
-0.946624324384 0.322338934164 2.6817088704e-06 24.7823886163 -0.322338934092 -0.946624324297 1.47126297901e-05 4.20466756106 7.28102425269e-06 1.30629140561e-05 0.999999999888 -5.2039576375e-05
-0.951544407831 0.307511365135 1.54321817901e-05 24.8455451077 -0.307511364812 -0.951544407846 2.02222559841e-05 4.01490898028 2.0902979827e-05 1.44968033111e-05 0.999999999676 -5.07161461114e-05
-0.956235208519 0.292599086471 2.4192333408e-05 24.9057144393 -0.292599085942 -0.956235208706 2.31774787228e-05 3.82418213003 2.99152700865e-05 1.50844665575e-05 0.999999999439 -4.96913753292e-05
-0.960695344288 0.277604853328 2.95205777324e-05 24.9628808259 -0.277604852684 -0.960695344625 2.41370847658e-05 3.63253372126 3.50608534743e-05 1.49933293266e-05 0.999999999273 -4.89303199889e-05
-0.96492325346 0.262532119767 3.19950046705e-05 25.017029449 -0.262532119099 -0.964923253883 2.36114842423e-05 3.44001081535 3.70714970236e-05 1.43835538174e-05 0.999999999209 -4.83968278235e-05
-0.96891729317 0.247384878196 3.21831773558e-05 25.0681464388 -0.247384877577 -0.968917293612 2.2047785974e-05 3.24666078812 3.66371259511e-05 1.34008497161e-05 0.999999999239 -4.80557107986e-05
-0.972675817435 0.232167511163 3.06192121963e-05 25.1162188455 -0.232167510636 -0.972675817841 1.98232289366e-05 3.05253129528 3.43848769901e-05 1.21727891369e-05 0.999999999335 -4.78730291507e-05
-0.976197234487 0.216884666603 2.77877882348e-05 25.1612346153 -0.216884666187 -0.976197234823 1.72437502086e-05 2.85767024 3.08662670517e-05 1.08065560904e-05 0.999999999465 -4.78180244712e-05
-0.979480047708 0.201541151036 2.41139726431e-05 25.2031825627 -0.20154115073 -0.97948004796 1.45478818982e-05 2.66212574339 2.65511519438e-05 9.3894022605e-06 0.999999999603 -4.7862393977e-05
-0.982522881506 0.186141846235 1.9958256133e-05 25.2420523509 -0.186141846025 -0.982522881676 1.19126734182e-05 2.46594611824 2.18268903527e-05 7.98940757329e-06 0.99999999973 -4.79812436529e-05
-0.985324496764 0.170691639613 1.56158352198e-05 25.2778344649 -0.170691639481 -0.985324496865 9.46160790265e-06 2.26917984516 1.70016823474e-05 6.65726152973e-06 0.999999999833 -4.81530938224e-05
-0.987883795973 0.155195378555 1.13188714777e-05 25.3105202002 -0.15519537848 -0.987883796023 7.27340047174e-06 2.07187555303 1.23105278616e-05 5.42863792472e-06 0.999999999909 -4.83593441743e-05
-0.9901998231 0.139657832864 7.24137559651e-06 25.3401016423 -0.139657832827 -0.990199823117 5.39014469436e-06 1.874082 7.92318476163e-06 4.32600550035e-06 0.999999999959 -4.85851858399e-05
-0.992271758074 0.124083673851 3.50537787979e-06 25.3665716558 -0.124083673837 -0.992271758075 3.82624651498e-06 1.67584805732 3.95306219613e-06 3.36171619073e-06 0.999999999987 -4.88176132427e-05
-0.994098908546 0.108477463227 1.88203110377e-07 25.3899238758 -0.108477463226 -0.994098908542 2.57479948613e-06 1.47722269606 4.66400223184e-07 2.5391895629e-06 0.999999999997 -4.90472296541e-05
-0.995680700213 0.0928436493097 -2.67015456149e-06 25.4101527006 -0.0928436493142 -0.995680700214 1.6146683127e-06 1.27825497273 -2.50870966489e-06 1.85560096992e-06 0.999999999995 -4.92664364384e-05
-0.997016666534 0.0771865702532 -5.05964466127e-06 25.4272532874 -0.0771865702588 -0.997016666546 9.1554587407e-07 1.07899401838 -4.97388220816e-06 1.30335111356e-06 0.999999999987 -4.94696313748e-05
-0.998106438767 0.061510461256 -6.99322182129e-06 25.4412215499 -0.0615104612606 -0.998106438791 4.41933681156e-07 0.87948902652 -6.95279618315e-06 8.71253152596e-07 0.999999999975 -4.96536350806e-05
-0.998949736776 0.0458194644538 -8.50062143613e-06 25.4520541567 -0.0458194644568 -0.998949736812 1.57167732783e-07 0.679789241984 -8.48449220502e-06 5.46496587046e-07 0.999999999964 -4.98158376834e-05
-0.999546360929 0.0301176403478 -9.62280549971e-06 25.4597485306 -0.0301176403494 -0.999546360976 2.54583552151e-08 0.479943950044 -9.61767347403e-06 3.15263001503e-07 0.999999999954 -4.99547888718e-05
