1 0 0 -1.27221029604e-09 0 1 0 -1.80642970525e-10 0 0 1 2.89089183159e-10
0.999978874284 0.00650007586996 7.96029710837e-19 0.000427849523927 -0.00650007586996 0.999978874284 -2.58715408533e-21 0.199999213533 -7.96029710837e-19 -2.58715408533e-21 1 -2.24398222226e-09
0.999819552752 0.0189963663603 2.32638392586e-18 0.00279777119608 -0.0189963663603 0.999819552752 -2.20984144743e-20 0.399983905845 -2.32638392586e-18 -2.20984144743e-20 1 -1.274364686e-08
0.999436042856 0.0335796998159 4.11232718958e-18 0.00789053704376 -0.0335796998159 0.999436042856 -6.90648310878e-20 0.599917306108 -4.11232718958e-18 -6.90648310878e-20 1 -2.71886651526e-08
0.998804455004 0.0488841555502 5.98658246235e-18 0.0159773789476 -0.0488841555502 0.998804455004 -1.4641203524e-19 0.799751812812 -5.98658246235e-18 -1.4641203524e-19 1 -5.04869682727e-08
0.997922174317 0.0644308467005 7.89050301781e-18 0.0271513201442 -0.0644308467005 0.997922174317 -2.54460257194e-19 0.99943742454 -7.89050301781e-18 -2.54460257194e-19 1 -7.81986946863e-08
0.996790827301 0.0800502755074 9.8033313671e-18 0.0414427214764 -0.0800502755074 0.996790827301 -3.93010307388e-19 1.19892413228 -9.8033313671e-18 -3.93010307388e-19 1 -1.13945883395e-07
0.995412063939 0.095680839063 1.17175233298e-17 0.0588596021199 -0.095680839063 0.995412063939 -5.61860121124e-19 1.39816227962 -1.17175233298e-17 -5.61860121124e-19 1 -1.53549320925e-07
0.99378701527 0.111298554709 1.36301418774e-17 0.0794016858371 -0.111298554709 0.99378701527 -7.60871186249e-19 1.59710249562 -1.36301418774e-17 -7.60871186249e-19 1 -2.01559465007e-07
0.991916467786 0.126892556655 1.55398563343e-17 0.103065305898 -0.126892556655 0.991916467786 -9.89947185136e-19 1.79569559498 -1.55398563343e-17 -9.89947185136e-19 1 -2.54653266918e-07
0.989801055785 0.142456554666 1.7445896369e-17 0.129845111865 -0.142456554666 0.989801055785 -1.24901043879e-18 1.99389253794 -1.7445896369e-17 -1.24901043879e-18 1 -3.14847072191e-07
0.987441374817 0.157985857912 1.93476875202e-17 0.159734664929 -0.157985857912 0.987441374817 -1.53798801324e-18 2.19164440314 -1.93476875202e-17 -1.53798801324e-18 1 -3.80316345305e-07
0.984838037417 0.173476338605 2.12447242801e-17 0.192726649575 -0.173476338605 0.984838037417 -1.85680489456e-18 2.3889023932 -2.12447242801e-17 -1.85680489456e-18 1 -4.52527801897e-07
0.981991698114 0.188924071615 2.31365259586e-17 0.228812945876 -0.188924071615 0.981991698114 -2.20538092631e-18 2.58561783507 -2.31365259586e-17 -2.20538092631e-18 1 -5.29877824063e-07
0.978903064013 0.204325209572 2.50226213888e-17 0.267984657668 -0.204325209572 0.978903064013 -2.58362951288e-18 2.78174218968 -2.50226213888e-17 -2.58362951288e-18 1 -6.14229125562e-07
0.975572899063 0.219675939996 2.69025436765e-17 0.310232123195 -0.219675939996 0.975572899063 -2.99145709744e-18 2.97722706761 -2.69025436765e-17 -2.99145709744e-18 1 -7.05270756685e-07
0.972002025657 0.234972470981 2.87758284475e-17 0.355544917835 -0.234972470981 0.972002025657 -3.4287629662e-18 3.17202423503 -2.87758284475e-17 -3.4287629662e-18 1 -8.0127298463e-07
0.968191325128 0.25021102683 3.06420133119e-17 0.403911861897 -0.25021102683 0.968191325128 -3.89543918674e-18 3.36608562817 -3.06420133119e-17 -3.89543918674e-18 1 -9.03770255745e-07
0.964141737814 0.265387847131 3.25006377522e-17 0.455321022483 -0.265387847131 0.964141737814 -4.3913706009e-18 3.55936336611 -3.25006377522e-17 -4.3913706009e-18 1 -1.01338780456e-06
0.95985426293 0.280499187049 3.43512431583e-17 0.509759714945 -0.280499187049 0.95985426293 -4.91643484022e-18 3.75180976047 -3.43512431583e-17 -4.91643484022e-18 1 -1.12783981576e-06
0.95532995836 0.295541318024 3.61933729133e-17 0.567214507388 -0.295541318024 0.95532995836 -5.47050235117e-18 3.94337732757 -3.61933729133e-17 -5.47050235117e-18 1 -1.24903789622e-06
0.950569940415 0.310510528612 3.80265724966e-17 0.627671222349 -0.310510528612 0.950569940415 -6.05343642521e-18 4.13401880113 -3.80265724966e-17 -6.05343642521e-18 1 -1.3752862984e-06
0.94557538356 0.325403125378 3.98503895926e-17 0.691114944181 -0.325403125378 0.94557538356 -6.66509323182e-18 4.32368714246 -3.98503895926e-17 -6.66509323182e-18 1 -1.50887672623e-06
0.940347520127 0.340215433793 4.16643742015e-17 0.757530017039 -0.340215433793 0.940347520127 -7.30532185375e-18 4.51233555574 -4.16643742015e-17 -7.30532185375e-18 1 -1.64794536683e-06
0.934887640014 0.354943799141 4.34680787495e-17 0.826900058658 -0.354943799141 0.934887640014 -7.97396432414e-18 4.69991749296 -4.34680787495e-17 -7.97396432414e-18 1 -1.79175436488e-06
0.929197090365 0.369584587418 4.52610581995e-17 0.899207948037 -0.369584587418 0.929197090365 -8.67085566544e-18 4.8863866716 -4.52610581995e-17 -8.67085566544e-18 1 -1.94180750457e-06
0.923277275238 0.384134186228 4.70428701607e-17 0.974435846882 -0.384134186228 0.923277275238 -9.39582393015e-18 5.07169708477 -4.70428701607e-17 -9.39582393015e-18 1 -2.09869161072e-06
0.917129655259 0.398589005675 4.88130749976e-17 1.05256519343 -0.398589005675 0.917129655259 -1.01486902432e-17 5.2558030075 -4.88130749976e-17 -1.01486902432e-17 1 -2.25982075497e-06
0.91075574726 0.41294547925 5.05712359386e-17 1.13357670767 -0.41294547925 0.91075574726 -1.09292688461e-17 5.43865901698 -5.05712359386e-17 -1.09292688461e-17 1 -2.42729981048e-06
0.904157123908 0.427200064707 5.23169191839e-17 1.21745040697 -0.427200064707 0.904157123908 -1.17373671427e-17 5.62021999502 -5.23169191839e-17 -1.17373671427e-17 1 -2.60211412462e-06
0.897335413316 0.44134924494 5.40496940122e-17 1.30416559267 -0.44134924494 0.897335413316 -1.25727857468e-17 5.80044114403 -5.40496940122e-17 -1.25727857468e-17 1 -2.78073935478e-06
0.890292298637 0.455389528851 5.57691328873e-17 1.39370086967 -0.455389528851 0.890292298637 -1.34353185316e-17 5.97927799705 -5.57691328873e-17 -1.34353185316e-17 1 -2.96593022364e-06
0.883029517656 0.46931745221 5.74748115633e-17 1.48603414472 -0.46931745221 0.883029517656 -1.43247526798e-17 6.15668643002 -5.74748115633e-17 -1.43247526798e-17 1 -3.15647606008e-06
0.875548862354 0.48312957851 5.91663091896e-17 1.58114263716 -0.48312957851 0.875548862354 -1.52408687369e-17 6.3326226673 -5.91663091896e-17 -1.52408687369e-17 1 -3.3516080169e-06
0.867852178471 0.496822499816 6.08432084144e-17 1.67900288266 -0.496822499816 0.867852178471 -1.6183440665e-17 6.50704330309 -6.08432084144e-17 -1.6183440665e-17 1 -3.55282689979e-06
0.859941365049 0.510392837604 6.2505095488e-17 1.77959073672 -0.510392837604 0.859941365049 -1.71522358986e-17 6.67990530045 -6.2505095488e-17 -1.71522358986e-17 1 -3.75962292942e-06
0.851818373963 0.523837243597 6.41515603645e-17 1.88288137324 -0.523837243597 0.851818373963 -1.81470154019e-17 6.85116600631 -6.41515603645e-17 -1.81470154019e-17 1 -3.97247368156e-06
0.843485209439 0.537152400588 6.57821968034e-17 1.98884931394 -0.537152400588 0.843485209439 -1.9167533728e-17 7.02078316809 -6.57821968034e-17 -1.9167533728e-17 1 -4.18776789335e-06
0.834943927561 0.550335023262 6.73966024696e-17 2.09746840944 -0.550335023262 0.834943927561 -2.02135390792e-17 7.18871493277 -6.73966024696e-17 -2.02135390792e-17 1 -4.41128065498e-06
0.826196635763 0.563381859003 6.89943790326e-17 2.20871186149 -0.563381859003 0.826196635763 -2.12847733694e-17 7.35491986701 -6.89943790326e-17 -2.12847733694e-17 1 -4.63936888817e-06
0.817245492307 0.576289688702 7.0575132265e-17 2.32255222294 -0.576289688702 0.817245492307 -2.23809722876e-17 7.51935696177 -7.0575132265e-17 -2.23809722876e-17 1 -4.87255235404e-06
0.808092705755 0.589055327542 7.21384721395e-17 2.43896140117 -0.589055327542 0.808092705755 -2.3501865363e-17 7.68198564483 -7.21384721395e-17 -2.3501865363e-17 1 -5.10917549157e-06
0.798740534419 0.601675625795 7.36840129255e-17 2.55791067883 -0.601675625795 0.798740534419 -2.46471760322e-17 7.84276579133 -7.36840129255e-17 -2.46471760322e-17 1 -5.35260711532e-06
0.789191285809 0.61414746959 7.52113732838e-17 2.67937070507 -0.61414746959 0.789191285809 -2.58166217067e-17 8.00165772927 -7.52113732838e-17 -2.58166217067e-17 1 -5.59981801462e-06
0.779447316057 0.626467781687 7.67201763612e-17 2.80331150919 -0.626467781687 0.779447316057 -2.70099138434e-17 8.15862225547 -7.67201763612e-17 -2.70099138434e-17 1 -5.85379206353e-06
0.769511029343 0.638633522232 7.8210049883e-17 2.92970251318 -0.638633522232 0.769511029343 -2.82267580153e-17 8.31362064167 -7.8210049883e-17 -2.82267580153e-17 1 -6.11123615002e-06
0.759384877298 0.650641689512 7.96806262453e-17 3.05851253383 -0.650641689512 0.759384877298 -2.94668539844e-17 8.46661464434 -7.96806262453e-17 -2.94668539844e-17 1 -6.37397566239e-06
0.749071358396 0.662489320691 8.11315426054e-17 3.18970978429 -0.662489320691 0.749071358396 -3.07298957754e-17 8.61756651317 -8.11315426054e-17 -3.07298957754e-17 1 -6.64136093542e-06
0.738573017346 0.674173492543 8.25624409713e-17 3.32326189764 -0.674173492543 0.738573017346 -3.20155717518e-17 8.76643900543 -8.25624409713e-17 -3.20155717518e-17 1 -6.91312362644e-06
0.727892444455 0.685691322174 8.39729682904e-17 3.45913592061 -0.685691322174 0.727892444455 -3.33235646922e-17 8.91319538699 -8.39729682904e-17 -3.33235646922e-17 1 -7.18920063747e-06
0.717032274995 0.697039967731 8.5362776536e-17 3.59729832721 -0.697039967731 0.717032274995 -3.46535518689e-17 9.05779945049 -8.5362776536e-17 -3.46535518689e-17 1 -7.47070125051e-06
0.705995188551 0.708216629106 8.67315227938e-17 3.73771503134 -0.708216629106 0.705995188551 -3.60052051275e-17 9.20021551475 -8.67315227938e-17 -3.60052051275e-17 1 -7.75544340037e-06
0.694783908358 0.719218548626 8.80788693462e-17 3.88035138196 -0.719218548626 0.694783908358 -3.73781909678e-17 9.34040844218 -8.80788693462e-17 -3.73781909678e-17 1 -8.04561978995e-06
0.683401200631 0.73004301173 8.94044837555e-17 4.0251721911 -0.73004301173 0.683401200631 -3.87721706261e-17 9.47834364182 -8.94044837555e-17 -3.87721706261e-17 1 -8.33948416812e-06
0.671849873885 0.740687347645 9.07080389462e-17 4.17214172161 -0.740687347645 0.671849873885 -4.01868001587e-17 9.61398708012 -9.07080389462e-17 -4.01868001587e-17 1 -8.63803695772e-06
0.660132778235 0.75114893004 9.19892132856e-17 4.32122371508 -0.75114893004 0.660132778235 -4.1621730527e-17 9.74730528907 -9.19892132856e-17 -4.1621730527e-17 1 -8.93870742491e-06
0.6482528047 0.761425177676 9.32476906631e-17 4.47238138724 -0.761425177676 0.6482528047 -4.30766076834e-17 9.87826537621 -9.32476906631e-17 -4.30766076834e-17 1 -9.24613586051e-06
0.636212884485 0.771513555043 9.44831605683e-17 4.6255774385 -0.771513555043 0.636212884485 -4.45510726587e-17 10.0068350267 -9.44831605683e-17 -4.45510726587e-17 1 -9.55612493581e-06
0.624015988261 0.781411572985 9.56953181673e-17 4.78077407527 -0.781411572985 0.624015988261 -4.60447616507e-17 10.1329825197 -9.56953181673e-17 -4.60447616507e-17 1 -9.870278876e-06
0.611665125429 0.791116789314 9.68838643785e-17 4.93793300247 -0.791116789314 0.611665125429 -4.75573061141e-17 10.2566767308 -9.68838643785e-17 -4.75573061141e-17 1 -1.01879724541e-05
0.59916334338 0.800626809412 9.80485059459e-17 5.09701544106 -0.800626809412 0.59916334338 -4.90883328511e-17 10.3778871377 -9.80485059459e-17 -4.90883328511e-17 1 -1.05099965673e-05
0.586513726741 0.809939286826 9.91889555115e-17 5.25798214469 -0.809939286826 0.586513726741 -5.06374641038e-17 10.496583837 -9.91889555115e-17 -5.06374641038e-17 1 -1.08359361013e-05
0.573719396617 0.81905192384 1.00304931687e-16 5.42079339541 -0.81905192384 0.573719396617 -5.22043176472e-17 10.6127375396 -1.00304931687e-16 -5.22043176472e-17 1 -1.11645927738e-05
0.560783509816 0.827962472047 1.01396159121e-16 5.58540901983 -0.827962472047 0.560783509816 -5.37885068837e-17 10.7263195867 -1.01396159121e-16 -5.37885068837e-17 1 -1.14983860007e-05
0.547709258075 0.836668732904 1.0246236857e-16 5.75178840467 -0.836668732904 0.547709258075 -5.53896409382e-17 10.8373019555 -1.0246236857e-16 -5.53896409382e-17 1 -1.18333120422e-05
0.534499867271 0.84516855827 1.03503296962e-16 5.91989049744 -0.84516855827 0.534499867271 -5.7007324755e-17 10.9456572606 -1.03503296962e-16 -5.7007324755e-17 1 -1.21724824877e-05
0.521158596622 0.85345985094 1.04518687465e-16 6.08967382235 -0.85345985094 0.521158596622 -5.86411591946e-17 11.0513587684 -1.04518687465e-16 -5.86411591946e-17 1 -1.25165424176e-05
0.507688737888 0.861540565163 1.05508289546e-16 6.26109648307 -0.861540565163 0.507688737888 -6.0290741133e-17 11.154380398 -1.05508289546e-16 -6.0290741133e-17 1 -1.28613011912e-05
0.494093614554 0.869408707144 1.06471859035e-16 6.43411619075 -0.869408707144 0.494093614554 -6.19556635605e-17 11.2546967302 -1.06471859035e-16 -6.19556635605e-17 1 -1.32097196817e-05
0.480376581014 0.877062335535 1.07409158187e-16 6.60869025176 -0.877062335535 0.480376581014 -6.36355156823e-17 11.3522830164 -1.07409158187e-16 -6.36355156823e-17 1 -1.35621593333e-05
0.466541021741 0.884499561918 1.08319955735e-16 6.7847755943 -0.884499561918 0.466541021741 -6.53298830201e-17 11.4471151752 -1.08319955735e-16 -6.53298830201e-17 1 -1.39178128116e-05
0.452590350452 0.891718551269 1.09204026955e-16 6.96232876769 -0.891718551269 0.452590350452 -6.70383475142e-17 11.5391698089 -1.09204026955e-16 -6.70383475142e-17 1 -1.42743103515e-05
0.438528009266 0.898717522412 1.10061153716e-16 7.1413059683 -0.898717522412 0.438528009266 -6.87604876264e-17 11.6284242063 -1.10061153716e-16 -6.87604876264e-17 1 -1.46355604889e-05
0.424357467855 0.905494748453 1.10891124534e-16 7.32166303385 -0.905494748453 0.424357467855 -7.04958784444e-17 11.7148563432 -1.10891124534e-16 -7.04958784444e-17 1 -1.49980778366e-05
0.410082222589 0.912048557214 1.11693734626e-16 7.50335546745 -0.912048557214 0.410082222589 -7.22440917866e-17 11.7984448949 -1.11693734626e-16 -7.22440917866e-17 1 -1.53645924525e-05
0.395705795671 0.918377331641 1.1246878596e-16 7.68633843253 -0.918377331641 0.395705795671 -7.40046963074e-17 11.8791692382 -1.1246878596e-16 -7.40046963074e-17 1 -1.57323309562e-05
0.381231734269 0.924479510204 1.13216087305e-16 7.87056678919 -0.924479510204 0.381231734269 -7.57772576041e-17 11.957009453 -1.13216087305e-16 -7.57772576041e-17 1 -1.61029369874e-05
0.366663609641 0.93035358728 1.13935454274e-16 8.0559950748 -0.93035358728 0.366663609641 -7.75613383236e-17 12.0319463363 -1.13935454274e-16 -7.75613383236e-17 1 -1.6476556711e-05
0.352005016254 0.93599811353 1.14626709374e-16 8.24257754134 -0.93599811353 0.352005016254 -7.93564982708e-17 12.1039613966 -1.14626709374e-16 -7.93564982708e-17 1 -1.68515203427e-05
0.337259570896 0.941411696251 1.15289682049e-16 8.43026815303 -0.941411696251 0.337259570896 -8.11622945167e-17 12.1730368658 -1.15289682049e-16 -8.11622945167e-17 1 -1.72276994528e-05
0.322430911786 0.946592999723 1.15924208721e-16 8.6190205964 -0.946592999723 0.322430911786 -8.29782815083e-17 12.2391557014 -1.15924208721e-16 -8.29782815083e-17 1 -1.76067044153e-05
0.307522697673 0.951540745536 1.16530132828e-16 8.80878830522 -0.951540745536 0.307522697673 -8.48040111777e-17 12.3023015893 -1.16530132828e-16 -8.48040111777e-17 1 -1.79872655757e-05
0.292538606935 0.956253712909 1.17107304869e-16 8.99952445122 -0.956253712909 0.292538606935 -8.66390330537e-17 12.3624589475 -1.17107304869e-16 -8.66390330537e-17 1 -1.83695278713e-05
0.277482336674 0.960730738987 1.17655582434e-16 9.19118197816 -0.960730738987 0.277482336674 -8.8482894372e-17 12.4196129351 -1.17655582434e-16 -8.8482894372e-17 1 -1.87548887265e-05
0.262357601798 0.96497071913 1.18174830245e-16 9.38371359363 -0.96497071913 0.262357601798 -9.03351401873e-17 12.4737494505 -1.18174830245e-16 -9.03351401873e-17 1 -1.91418166438e-05
0.24716813411 0.968972607188 1.18664920185e-16 9.5770717965 -0.968972607188 0.24716813411 -9.21953134858e-17 12.5248551362 -1.18664920185e-16 -9.21953134858e-17 1 -1.95291651517e-05
0.231917681383 0.972735415754 1.19125731332e-16 9.77120887839 -0.972735415754 0.231917681383 -9.40629552976e-17 12.5729173818 -1.19125731332e-16 -9.40629552976e-17 1 -1.99183659317e-05
0.216610006439 0.976258216411 1.19557149987e-16 9.96607693809 -0.976258216411 0.216610006439 -9.59376048099e-17 12.617924328 -1.19557149987e-16 -9.59376048099e-17 1 -2.03077173202e-05
0.201248886216 0.979540139962 1.19959069704e-16 10.1616278942 -0.979540139962 0.201248886216 -9.78187994811e-17 12.6598648715 -1.19959069704e-16 -9.78187994811e-17 1 -2.07007613158e-05
0.185838110843 0.98258037664 1.20331391316e-16 10.3578134997 -0.98258037664 0.185838110843 -9.97060751544e-17 12.6987286646 -1.20331391316e-16 -9.97060751544e-17 1 -2.10930763078e-05
0.170381482696 0.985378176313 1.20674022957e-16 10.5545853461 -0.985378176313 0.170381482696 -1.01598966173e-16 12.7345061162 -1.20674022957e-16 -1.01598966173e-16 1 -2.1487423111e-05
0.154882815468 0.987932848666 1.20986880089e-16 10.7518948855 -0.987932848666 0.154882815468 -1.03497005494e-16 12.7671884003 -1.20986880089e-16 -1.03497005494e-16 1 -2.18814125779e-05
0.139345933222 0.990243763371 1.21269885519e-16 10.9496934319 -0.990243763371 0.139345933222 -1.05399724805e-16 12.7967674536 -1.21269885519e-16 -1.05399724805e-16 1 -2.22781104524e-05
0.123774669453 0.992310350244 1.21522969419e-16 11.1479321833 -0.992310350244 0.123774669453 -1.07306654639e-16 12.8232359757 -1.21522969419e-16 -1.07306654639e-16 1 -2.2673485736e-05
0.108172866136 0.994132099387 1.21746069344e-16 11.3465622317 -0.994132099387 0.108172866136 -1.09217324488e-16 12.846587438 -1.21746069344e-16 -1.09217324488e-16 1 -2.30716559724e-05
0.0925443727831 0.99570856131 1.21939130249e-16 11.5455345608 -0.99570856131 0.0925443727831 -1.11131262924e-16 12.8668160786 -1.21939130249e-16 -1.11131262924e-16 1 -2.34685209604e-05
0.0768930454909 0.997039347045 1.22102104498e-16 11.7448000794 -0.997039347045 0.0768930454909 -1.13047997711e-16 12.8839169054 -1.22102104498e-16 -1.13047997711e-16 1 -2.38672821098e-05
0.0612227459903 0.998124128239 1.2223495188e-16 11.9443096239 -0.998124128239 0.0612227459903 -1.14967055924e-16 12.8978857007 -1.2223495188e-16 -1.14967055924e-16 1 -2.42652146474e-05
0.0455373406933 0.998962637241 1.22337639616e-16 12.1440139699 -0.998962637241 0.0455373406933 -1.16887964063e-16 12.9087190162 -1.22337639616e-16 -1.16887964063e-16 1 -2.46640957524e-05
0.0298406997387 0.999554667159 1.22410142371e-16 12.3438638376 -0.999554667159 0.0298406997387 -1.18810248173e-16 12.9164141788 -1.22410142371e-16 -1.18810248173e-16 1 -2.5062751762e-05
0.0141366960381 0.99990007192 1.22452442254e-16 12.5438099235 -0.99990007192 0.0141366960381 -1.20733433959e-16 12.9209692928 -1.22452442254e-16 -1.20733433959e-16 1 -2.54620852616e-05
-0.00157079568076 0.9999987663 1.2246452883e-16 12.7438028889 -0.9999987663 -0.00157079568076 -1.22657046905e-16 12.9223832301 -1.2246452883e-16 -1.22657046905e-16 1 -2.58613726141e-05
-0.0172778998293 0.999850725947 1.22446399116e-16 12.9437933897 -0.999850725947 -0.0172778998293 -1.24580612387e-16 12.9206556441 -1.22446399116e-16 -1.24580612387e-16 1 -2.62596253773e-05
-0.0329807409146 0.99945598739 1.22398057585e-16 13.1437320877 -0.99945598739 -0.0329807409146 -1.26503655794e-16 12.9157869617 -1.22398057585e-16 -1.26503655794e-16 1 -2.66580291779e-05
-0.0486754444955 0.998814648022 1.22319516164e-16 13.3435696402 -0.998814648022 -0.0486754444955 -1.28425702645e-16 12.9077783835 -1.22319516164e-16 -1.28425702645e-16 1 -2.70563971716e-05
-0.0643581381389 0.997926866086 1.22210794233e-16 13.5432567509 -0.997926866086 -0.0643581381389 -1.30346278702e-16 12.8966318845 -1.22210794233e-16 -1.30346278702e-16 1 -2.74544030505e-05
-0.0800249523747 0.996792860627 1.22071918618e-16 13.742744141 -0.996792860627 -0.0800249523747 -1.32264910092e-16 12.8823502163 -1.22071918618e-16 -1.32264910092e-16 1 -2.78512362692e-05
-0.095672021651 0.995412911446 1.21902923583e-16 13.9419825964 -0.995412911446 -0.095672021651 -1.34181123423e-16 12.8649369024 -1.21902923583e-16 -1.34181123423e-16 1 -2.82486821792e-05
-0.111295485287 0.993787359023 1.21703850826e-16 14.1409229596 -0.993787359023 -0.111295485287 -1.36094445896e-16 12.844396238 -1.21703850826e-16 -1.36094445896e-16 1 -2.86450651172e-05
-0.126891488428 0.99191660444 1.21474749465e-16 14.3395161368 -0.99191660444 -0.126891488428 -1.38004405429e-16 12.8207332931 -1.21474749465e-16 -1.38004405429e-16 1 -2.90399728806e-05
-0.142456182993 0.989801109278 1.21215676027e-16 14.5377131358 -0.989801109278 -0.142456182993 -1.39910530767e-16 12.793953904 -1.21215676027e-16 -1.39910530767e-16 1 -2.94341424807e-05
-0.157985728626 0.987441395502 1.20926694435e-16 14.7354650516 -0.987441395502 -0.157985728626 -1.41812351602e-16 12.7640646801 -1.20926694435e-16 -1.41812351602e-16 1 -2.98273808435e-05
-0.173476293645 0.984838045337 1.2060787599e-16 14.9327230902 -0.984838045337 -0.173476293645 -1.43709398689e-16 12.7310729956 -1.2060787599e-16 -1.43709398689e-16 1 -3.02201220297e-05
-0.188924055984 0.981991701121 1.20259299357e-16 15.1294385878 -0.981991701121 -0.188924055984 -1.45601203959e-16 12.6949869889 -1.20259299357e-16 -1.45601203959e-16 1 -3.06095275109e-05
-0.204325204139 0.978903065147 1.19881050541e-16 15.3255630001 -0.978903065147 -0.204325204139 -1.47487300638e-16 12.6558155663 -1.19881050541e-16 -1.47487300638e-16 1 -3.09998237249e-05
-0.219675938108 0.975572899489 1.19473222869e-16 15.5210479404 -0.975572899489 -0.219675938108 -1.4936722336e-16 12.6135683926 -1.19473222869e-16 -1.4936722336e-16 1 -3.13883955982e-05
-0.234972470325 0.972002025815 1.19035916968e-16 15.7158451757 -0.972002025815 -0.234972470325 -1.51240508282e-16 12.5682558889 -1.19035916968e-16 -1.51240508282e-16 1 -3.17749389804e-05
-0.250211026602 0.968191325187 1.18569240735e-16 15.9099066416 -0.968191325187 -0.250211026602 -1.53106693199e-16 12.5198892372 -1.18569240735e-16 -1.53106693199e-16 1 -3.21598177457e-05
-0.265387847052 0.964141737836 1.18073309317e-16 16.1031844576 -0.964141737836 -0.265387847052 -1.54965317657e-16 12.4684803715 -1.18073309317e-16 -1.54965317657e-16 1 -3.25429064123e-05
-0.280499187022 0.959854262938 1.17548245075e-16 16.2956309351 -0.959854262938 -0.280499187022 -1.5681592307e-16 12.4140419749 -1.17548245075e-16 -1.5681592307e-16 1 -3.29241609212e-05
-0.295541318014 0.955329958363 1.16994177564e-16 16.487198593 -0.955329958363 -0.295541318014 -1.58658052827e-16 12.3565874801 -1.16994177564e-16 -1.58658052827e-16 1 -3.33047324617e-05
-0.310510528609 0.950569940416 1.1641124349e-16 16.6778401589 -0.950569940416 -0.310510528609 -1.60491252411e-16 12.2961310636 -1.1641124349e-16 -1.60491252411e-16 1 -3.36827644913e-05
-0.325403125376 0.94557538356 1.15799586683e-16 16.8675086022 -0.94557538356 -0.325403125376 -1.62315069507e-16 12.2326876417 -1.15799586683e-16 -1.62315069507e-16 1 -3.40598083604e-05
-0.340215433792 0.940347520127 1.15159358061e-16 17.0561571207 -0.940347520127 -0.340215433792 -1.64129054116e-16 12.1662728665 -1.15159358061e-16 -1.64129054116e-16 1 -3.44318541696e-05
-0.35494379914 0.934887640014 1.14490715591e-16 17.2437391672 -0.934887640014 -0.35494379914 -1.65932758664e-16 12.0969031269 -1.14490715591e-16 -1.65932758664e-16 1 -3.48050827164e-05
-0.369584587417 0.929197090365 1.13793824249e-16 17.4302084654 -0.929197090365 -0.369584587417 -1.67725738114e-16 12.0245955372 -1.13793824249e-16 -1.67725738114e-16 1 -3.5172186311e-05
-0.384134186228 0.923277275238 1.13068855985e-16 17.6155190005 -0.923277275238 -0.384134186228 -1.69507550075e-16 11.94936794 -1.13068855985e-16 -1.69507550075e-16 1 -3.5539093358e-05
-0.398589005675 0.917129655259 1.12315989672e-16 17.7996250522 -0.917129655259 -0.398589005675 -1.71277754912e-16 11.8712388944 -1.12315989672e-16 -1.71277754912e-16 1 -3.59041233455e-05
-0.41294547925 0.91075574726 1.11535411069e-16 17.9824811929 -0.91075574726 -0.41294547925 -1.73035915853e-16 11.7902276783 -1.11535411069e-16 -1.73035915853e-16 1 -3.62650030583e-05
-0.427200064707 0.904157123908 1.10727312772e-16 18.1640423093 -0.904157123908 -0.427200064707 -1.74781599099e-16 11.7063542816 -1.10727312772e-16 -1.74781599099e-16 1 -3.66251905692e-05
-0.44134924494 0.897335413316 1.09891894168e-16 18.344263603 -0.897335413316 -0.44134924494 -1.76514373927e-16 11.6196393954 -1.09891894168e-16 -1.76514373927e-16 1 -3.69810975975e-05
-0.455389528851 0.890292298637 1.09029361383e-16 18.523100606 -0.890292298637 -0.455389528851 -1.78233812802e-16 11.5301044178 -1.09029361383e-16 -1.78233812802e-16 1 -3.73342318554e-05
-0.46931745221 0.883029517656 1.08139927235e-16 18.700509194 -0.883029517656 -0.46931745221 -1.79939491478e-16 11.4377714408 -1.08139927235e-16 -1.79939491478e-16 1 -3.76846663519e-05
-0.48312957851 0.875548862354 1.07223811178e-16 18.8764455928 -0.875548862354 -0.48312957851 -1.81630989104e-16 11.3426632434 -1.07223811178e-16 -1.81630989104e-16 1 -3.80313278585e-05
-0.496822499816 0.867852178471 1.0628123925e-16 19.0508663941 -0.867852178471 -0.496822499816 -1.83307888329e-16 11.2448032937 -1.0628123925e-16 -1.83307888329e-16 1 -3.83750287547e-05
-0.510392837604 0.859941365049 1.05312444016e-16 19.2237285638 -0.859941365049 -0.510392837604 -1.84969775403e-16 11.1442157369 -1.05312444016e-16 -1.84969775403e-16 1 -3.87166044789e-05
-0.523837243597 0.851818373963 1.04317664513e-16 19.394989445 -0.851818373963 -0.523837243597 -1.86616240279e-16 11.0409253914 -1.04317664513e-16 -1.86616240279e-16 1 -3.90543676225e-05
-0.537152400588 0.843485209439 1.03297146187e-16 19.5646067904 -0.843485209439 -0.537152400588 -1.88246876718e-16 10.934957742 -1.03297146187e-16 -1.88246876718e-16 1 -3.93887183439e-05
-0.550335023262 0.834943927561 1.02251140836e-16 19.7325387411 -0.834943927561 -0.550335023262 -1.89861282384e-16 10.8263389346 -1.02251140836e-16 -1.89861282384e-16 1 -3.97196905055e-05
-0.563381859003 0.826196635763 1.01179906545e-16 19.8987438666 -0.826196635763 -0.563381859003 -1.91459058947e-16 10.7150957705 -1.01179906545e-16 -1.91459058947e-16 1 -4.00460831749e-05
-0.576289688701 0.817245492307 1.00083707627e-16 20.0631811616 -0.817245492307 -0.576289688701 -1.9303981218e-16 10.6012556954 -1.00083707627e-16 -1.9303981218e-16 1 -4.03708117371e-05
-0.589055327542 0.808092705755 9.89628145517e-17 20.2258100455 -0.808092705755 -0.589055327542 -1.94603152054e-16 10.4848467987 -9.89628145517e-17 -1.94603152054e-16 1 -4.06900630612e-05
-0.601675625795 0.798740534419 9.78175038826e-17 20.3865903997 -0.798740534419 -0.601675625795 -1.9614869284e-16 10.3658978015 -9.78175038826e-17 -1.9614869284e-16 1 -4.10062046434e-05
-0.61414746959 0.789191285809 9.66480582081e-17 20.5454825514 -0.789191285809 -0.61414746959 -1.97676053199e-16 10.2444380542 -9.66480582081e-17 -1.97676053199e-16 1 -4.13195066269e-05
-0.626467781687 0.779447316057 9.54547660713e-17 20.7024472938 -0.779447316057 -0.626467781687 -1.99184856276e-16 10.1204975236 -9.54547660713e-17 -1.99184856276e-16 1 -4.16279147704e-05
-0.638633522232 0.769511029343 9.42379218994e-17 20.8574459012 -0.769511029343 -0.638633522232 -2.00674729798e-16 9.99410679142 -9.42379218994e-17 -2.00674729798e-16 1 -4.19316121638e-05
-0.650641689512 0.759384877298 9.29978259304e-17 21.0104401304 -0.759384877298 -0.650641689512 -2.0214530616e-16 9.8652970396 -9.29978259304e-17 -2.0214530616e-16 1 -4.22322284042e-05
-0.662489320691 0.749071358397 9.17347841393e-17 21.16139223 -0.749071358397 -0.662489320691 -2.0359622252e-16 9.73410005367 -9.17347841393e-17 -2.0359622252e-16 1 -4.25269024733e-05
-0.674173492543 0.738573017346 9.0449108163e-17 21.3102649564 -0.738573017346 -0.674173492543 -2.05027120886e-16 9.60054820206 -9.0449108163e-17 -2.05027120886e-16 1 -4.28194852935e-05
-0.685691322174 0.727892444455 8.91411152226e-17 21.4570215777 -0.727892444455 -0.685691322174 -2.06437648205e-16 9.46467443789 -8.91411152226e-17 -2.06437648205e-16 1 -4.31075584597e-05
-0.697039967731 0.717032274996 8.78111280459e-17 21.6016258845 -0.717032274996 -0.697039967731 -2.07827456451e-16 9.32651228542 -8.78111280459e-17 -2.07827456451e-16 1 -4.33914233273e-05
-0.708216629106 0.705995188551 8.64594747872e-17 21.7440421966 -0.705995188551 -0.708216629106 -2.09196202709e-16 9.18609583394 -8.64594747872e-17 -2.09196202709e-16 1 -4.36705113191e-05
-0.719218548626 0.694783908358 8.50864889469e-17 21.8842353763 -0.694783908358 -0.719218548626 -2.10543549261e-16 9.04345972901 -8.50864889469e-17 -2.10543549261e-16 1 -4.39452304501e-05
-0.73004301173 0.683401200631 8.36925092887e-17 22.0221708309 -0.683401200631 -0.73004301173 -2.1186916367e-16 8.89863916364 -8.36925092887e-17 -2.1186916367e-16 1 -4.42141863992e-05
-0.740687347645 0.671849873885 8.2277879756e-17 22.1578145275 -0.671849873885 -0.740687347645 -2.13172718861e-16 8.75166987004 -8.2277879756e-17 -2.13172718861e-16 1 -4.4479505287e-05
-0.75114893004 0.660132778235 8.08429493877e-17 22.291133 -0.660132778235 -0.75114893004 -2.144538932e-16 8.6025881119 -8.08429493877e-17 -2.144538932e-16 1 -4.47405996571e-05
-0.761425177676 0.6482528047 7.93880722314e-17 22.4220933526 -0.6482528047 -0.761425177676 -2.15712370578e-16 8.45143067165 -7.93880722314e-17 -2.15712370578e-16 1 -4.49957187136e-05
-0.771513555043 0.636212884485 7.79136072561e-17 22.5506632715 -0.636212884485 -0.771513555043 -2.16947840483e-16 8.29823484343 -7.79136072561e-17 -2.16947840483e-16 1 -4.52474757178e-05
-0.781411572985 0.624015988261 7.6419918264e-17 22.6768110377 -0.624015988261 -0.781411572985 -2.18159998082e-16 8.14303842912 -7.6419918264e-17 -2.18159998082e-16 1 -4.5492898161e-05
-0.791116789314 0.611665125429 7.49073738006e-17 22.8005055226 -0.611665125429 -0.791116789314 -2.19348544293e-16 7.98587971827 -7.49073738006e-17 -2.19348544293e-16 1 -4.57335236717e-05
-0.800626809412 0.59916334338 7.33763470636e-17 22.9217162082 -0.59916334338 -0.800626809412 -2.20513185861e-16 7.82679749131 -7.33763470636e-17 -2.20513185861e-16 1 -4.59700127347e-05
-0.809939286826 0.586513726741 7.1827215811e-17 23.040413189 -0.586513726741 -0.809939286826 -2.21653635426e-16 7.66583099486 -7.1827215811e-17 -2.21653635426e-16 1 -4.62012442228e-05
-0.81905192384 0.573719396617 7.02603622676e-17 23.1565671726 -0.573719396617 -0.81905192384 -2.22769611601e-16 7.50301994617 -7.02603622676e-17 -2.22769611601e-16 1 -4.64270938951e-05
-0.827962472047 0.560783509816 6.86761730311e-17 23.2701495053 -0.560783509816 -0.827962472047 -2.23860839035e-16 7.33840451759 -6.86761730311e-17 -2.23860839035e-16 1 -4.66472622209e-05
-0.836668732904 0.547709258075 6.70750389765e-17 23.3811321614 -0.547709258075 -0.836668732904 -2.24927048484e-16 7.17202532373 -6.70750389765e-17 -2.24927048484e-16 1 -4.68626838566e-05
-0.84516855827 0.534499867271 6.54573551598e-17 23.4894877554 -0.534499867271 -0.84516855827 -2.25967976877e-16 7.00392341859 -6.54573551598e-17 -2.25967976877e-16 1 -4.70727419541e-05
-0.85345985094 0.521158596622 6.38235207201e-17 23.5951895551 -0.521158596622 -0.85345985094 -2.2698336738e-16 6.83414027477 -6.38235207201e-17 -2.2698336738e-16 1 -4.72779880969e-05
-0.861540565163 0.507688737888 6.21739387817e-17 23.6982114786 -0.507688737888 -0.861540565163 -2.27972969461e-16 6.66271778823 -6.21739387817e-17 -2.27972969461e-16 1 -4.7478126072e-05
-0.869408707144 0.494093614554 6.05090163543e-17 23.7985281086 -0.494093614554 -0.869408707144 -2.2893653895e-16 6.48969825324 -6.05090163543e-17 -2.2893653895e-16 1 -4.76714032782e-05
-0.877062335534 0.480376581014 5.88291642324e-17 23.8961146891 -0.480376581014 -0.877062335534 -2.29873838101e-16 6.31512435712 -5.88291642324e-17 -2.29873838101e-16 1 -4.78603359881e-05
-0.884499561918 0.466541021741 5.71347968946e-17 23.9909471458 -0.466541021741 -0.884499561918 -2.3078463565e-16 6.1390391751 -5.71347968946e-17 -2.3078463565e-16 1 -4.80434022099e-05
-0.891718551269 0.452590350452 5.54263324006e-17 24.0830020785 -0.452590350452 -0.891718551269 -2.3166870687e-16 5.96148615522 -5.54263324006e-17 -2.3166870687e-16 1 -4.82208156489e-05
-0.898717522412 0.438528009266 5.37041922884e-17 24.1722567723 -0.438528009266 -0.898717522412 -2.32525833631e-16 5.7825091043 -5.37041922884e-17 -2.32525833631e-16 1 -4.83931564803e-05
-0.905494748453 0.424357467855 5.19688014703e-17 24.2586892113 -0.424357467855 -0.905494748453 -2.33355804448e-16 5.6021521816 -5.19688014703e-17 -2.33355804448e-16 1 -4.85599674094e-05
-0.912048557214 0.410082222589 5.02205881281e-17 24.3422780636 -0.410082222589 -0.912048557214 -2.34158414541e-16 5.42045988752 -5.02205881281e-17 -2.34158414541e-16 1 -4.87201902764e-05
-0.918377331641 0.395705795671 4.84599836073e-17 24.423002706 -0.395705795671 -0.918377331641 -2.34933465875e-16 5.23747705321 -4.84599836073e-17 -2.34933465875e-16 1 -4.88747596301e-05
-0.924479510203 0.381231734269 4.66874223106e-17 24.5008432231 -0.381231734269 -0.924479510203 -2.3568076722e-16 5.0532488256 -4.66874223106e-17 -2.3568076722e-16 1 -4.90239080566e-05
-0.93035358728 0.366663609641 4.49033415911e-17 24.5757804076 -0.366663609641 -0.93035358728 -2.36400134189e-16 4.86782066087 -4.49033415911e-17 -2.36400134189e-16 1 -4.91670880942e-05
-0.93599811353 0.352005016254 4.31081816439e-17 24.6477957661 -0.352005016254 -0.93599811353 -2.37091389289e-16 4.68123830996 -4.31081816439e-17 -2.37091389289e-16 1 -4.93044729413e-05
-0.941411696251 0.337259570896 4.1302385398e-17 24.7168715374 -0.337259570896 -0.941411696251 -2.37754361964e-16 4.49354781077 -4.1302385398e-17 -2.37754361964e-16 1 -4.94368144839e-05
-0.946592999723 0.322430911786 3.94863984065e-17 24.7829906729 -0.322430911786 -0.946592999723 -2.38388888635e-16 4.304795471 -3.94863984065e-17 -2.38388888635e-16 1 -4.95615994396e-05
-0.951540745536 0.307522697673 3.7660668737e-17 24.8461368588 -0.307522697673 -0.951540745536 -2.38994812743e-16 4.11502786259 -3.7660668737e-17 -2.38994812743e-16 1 -4.96818202393e-05
-0.956253712909 0.292538606935 3.5825646861e-17 24.9062945155 -0.292538606935 -0.956253712909 -2.39571984783e-16 3.92429180982 -3.5825646861e-17 -2.39571984783e-16 1 -4.97947767863e-05
-0.960730738987 0.277482336674 3.39817855428e-17 24.9634488034 -0.277482336674 -0.960730738987 -2.40120262349e-16 3.73263437181 -3.39817855428e-17 -2.40120262349e-16 1 -4.99028140328e-05
-0.96497071913 0.262357601798 3.21295397274e-17 25.0175856119 -0.262357601798 -0.96497071913 -2.4063951016e-16 3.54010283821 -3.21295397274e-17 -2.4063951016e-16 1 -5.00045430769e-05
-0.968972607188 0.24716813411 3.02693664289e-17 25.0686915919 -0.24716813411 -0.968972607188 -2.411296001e-16 3.34674471247 -3.02693664289e-17 -2.411296001e-16 1 -5.01007129368e-05
-0.972735415754 0.231917681383 2.84017246172e-17 25.1167541296 -0.231917681383 -0.972735415754 -2.41590411247e-16 3.15260770359 -2.84017246172e-17 -2.41590411247e-16 1 -5.01897258609e-05
-0.976258216411 0.216610006439 2.65270751049e-17 25.161761369 -0.216610006439 -0.976258216411 -2.42021829902e-16 2.95773971169 -2.65270751049e-17 -2.42021829902e-16 1 -5.02735376529e-05
-0.979540139962 0.201248886216 2.46458804337e-17 25.2037022005 -0.201248886216 -0.979540139962 -2.42423749619e-16 2.76218881763 -2.46458804337e-17 -2.42423749619e-16 1 -5.03507187104e-05
-0.98258037664 0.185838110843 2.27586047603e-17 25.2425662831 -0.185838110843 -0.98258037664 -2.4279607123e-16 2.56600327038 -2.27586047603e-17 -2.4279607123e-16 1 -5.04217622042e-05
-0.985378176313 0.170381482696 2.08657137418e-17 25.2783440174 -0.170381482696 -0.985378176313 -2.43138702872e-16 2.36923147479 -2.08657137418e-17 -2.43138702872e-16 1 -5.04870670099e-05
-0.987932848666 0.154882815468 1.89676744205e-17 25.3110265858 -0.154882815468 -0.987932848666 -2.43451560004e-16 2.17192198306 -1.89676744205e-17 -2.43451560004e-16 1 -5.05455401586e-05
-0.990243763371 0.139345933222 1.70649551095e-17 25.3406059197 -0.139345933222 -0.990243763371 -2.43734565433e-16 1.97412347786 -1.70649551095e-17 -2.43734565433e-16 1 -5.05992922796e-05
-0.992310350244 0.123774669453 1.51580252761e-17 25.36707472 -0.123774669453 -0.992310350244 -2.43987649333e-16 1.77588476158 -1.51580252761e-17 -2.43987649333e-16 1 -5.06451537781e-05
-0.994132099387 0.108172866136 1.32473554268e-17 25.3904264568 -0.108172866136 -0.994132099387 -2.44210749259e-16 1.577254749 -1.32473554268e-17 -2.44210749259e-16 1 -5.06858927849e-05
-0.99570856131 0.0925443727832 1.13334169908e-17 25.4106553679 -0.0925443727832 -0.99570856131 -2.44403810164e-16 1.37828244677 -1.13334169908e-17 -2.44403810164e-16 1 -5.07200810048e-05
-0.997039347045 0.076893045491 9.41668220373e-18 25.4277564627 -0.076893045491 -0.997039347045 -2.44566784413e-16 1.17901695011 -9.41668220373e-18 -2.44566784413e-16 1 -5.07474875705e-05
-0.998124128239 0.0612227459904 7.49762399122e-18 25.4417255229 -0.0612227459904 -0.998124128239 -2.44699631795e-16 0.979507424399 -7.49762399122e-18 -2.44699631795e-16 1 -5.07702693114e-05
-0.998962637241 0.0455373406933 5.57671585218e-18 25.4525591017 -0.0455373406933 -0.998962637241 -2.44802319531e-16 0.779803094712 -5.57671585218e-18 -2.44802319531e-16 1 -5.07859892331e-05
-0.999554667159 0.0298406997388 3.65443174195e-18 25.4602545232 -0.0298406997388 -0.999554667159 -2.44874822286e-16 0.579953233594 -3.65443174195e-18 -2.44874822286e-16 1 -5.07943354308e-05
