0.999999999999 -9.999995e-07 1.0000005e-06 9.98727789704e-07 1.0000005e-06 0.999999999999 -9.999995e-07 9.99819357029e-07 -9.999995e-07 1.0000005e-06 0.999999999999 1.00028908918e-06
1 2.13574530877e-07 -3.16791043746e-08 -8.39725566209e-10 -2.1357452986e-07 1 3.21026854198e-08 1.79955043367e-07 3.1679111231e-08 -3.21026786539e-08 1 1.29730496822e-14
0.999679568959 0.0253132258736 1.17639498857e-06 0.00532840651255 -0.0253132258723 0.999679568959 -1.145553953e-06 0.510260224255 -1.20501570106e-06 1.1154085299e-06 0.999999999999 -5.25480644833e-08
0.998937714785 0.0460803951096 0.000197905960278 0.0202240735397 -0.0460804586818 0.998937677058 0.000329667796466 0.946294454674 -0.00018250449792 -0.000338437192665 0.999999926076 4.01960946391e-05
0.997822052031 0.0659628415981 0.000236660868347 0.04222925223 -0.0659629435186 0.997821970822 0.000452357339804 1.36374363018 -0.000206306638519 -0.000466982976547 0.999999869682 -1.93913870826e-05
0.996287948819 0.0860830384268 0.000183118572669 0.0720694194508 -0.0860831229156 0.996287823341 0.000518662656479 1.77325692027 -0.00013779074679 -0.000532500772752 0.999999848728 -6.97724731809e-05
0.994319349306 0.106437881653 9.4580371059e-05 0.110084339009 -0.106437919184 0.994319172935 0.000593037942824 2.17830495637 -3.09213739531e-05 -0.000599736039313 0.99999981968 -0.000112310190189
0.991910218081 0.126941400696 7.48831017586e-06 0.15639406971 -0.126941376999 0.991909993247 0.000672385617763 2.58029721378 7.79258424309e-05 -0.000667896741155 0.999999773921 -0.000155344654367
0.989058826768 0.147521637641 -6.01656033413e-05 0.211027702333 -0.147521552973 0.989058562142 0.000743008513047 2.97986367201 0.000169117137757 -0.000726003404952 0.999999722159 -0.000200047443614
0.985765875734 0.168123846097 -0.000103016450304 0.273975163918 -0.168123713067 0.985765583021 0.000795258720473 3.37728502276 0.000235252025923 -0.00076661940089 0.999999678476 -0.000243886056939
0.982033525095 0.188706493123 -0.000122647189262 0.345208511064 -0.188706330982 0.982033217448 0.000824909546833 3.77266588142 0.000276109401609 -0.00078694452907 0.999999652241 -0.000283648798867
0.977864757337 0.209237905411 -0.000123681675569 0.424691060017 -0.209237734048 0.977864448117 0.000831720417984 4.1660139174 0.000294971351569 -0.000787431211165 0.999999646472 -0.000316772936225
0.97326294998 0.229693747757 -0.000111522798473 0.512381375434 -0.229693583589 0.973262651465 0.000817875640401 4.55727960057 0.000296401895584 -0.00077039198726 0.999999659321 -0.000341705518554
0.968231611535 0.25005507015 -9.11992106001e-05 0.608234951157 -0.250054924311 0.968231333799 0.000786814455809 4.94637774917 0.000285048877263 -0.000739013816823 0.999999686303 -0.000357854620614
0.96277423844 0.270306791118 -6.68708309436e-05 0.712204826522 -0.270306669424 0.962773988665 0.00074243908941 5.33319998994 0.000265067824492 -0.000696725597301 0.999999722156 -0.000365387600822
0.95689425426 0.290436541134 -4.16951754877e-05 0.824241714683 -0.290436445051 0.956894036555 0.000688615588923 5.71762238051 0.000239896994595 -0.00064682250189 0.999999762035 -0.000365008849205
0.95059500186 0.310433796676 -1.78785055326e-05 0.944293909025 -0.310433724651 0.950594817529 0.000628876767959 6.09951031414 0.000212219817423 -0.000592257021345 0.999999802097 -0.000357755136772
0.943879763294 0.330289255705 3.18914960633e-06 1.07230711686 -0.330289204456 0.94387961137 0.000566267597448 6.47872181168 0.00018402193 -0.000535541867526 0.999999839665 -0.000344832177986
0.936751794008 0.349994394228 2.07706962537e-05 1.20822427624 -0.34999435977 0.936751671914 0.000503284385239 6.8551098171 0.000156689729094 -0.000478722177307 0.999999873137 -0.000327489712253
0.929214359887 0.369541164393 3.4620048448e-05 1.35198539776 -0.369541142752 0.929214264074 0.000441875652381 7.22852384834 0.000131121800257 -0.000423390733742 0.999999901774 -0.000306932973258
0.921270774213 0.388921789786 4.4837394967e-05 1.50352743035 -0.388921777421 0.921270700712 0.000383481814532 7.59881121411 0.000107837055379 -0.000370728827516 0.999999925466 -0.000284266644786
0.912924429102 0.408128636672 5.17469078596e-05 1.66278416957 -0.408128630664 0.912924373937 0.000329094597835 7.96581793007 8.70719160895e-05 -0.000321557892495 0.99999994451 -0.000260459775936
0.904178825618 0.427154126974 5.58000869996e-05 1.82968618094 -0.427154125068 0.904178785094 0.000279326900971 8.32938942339 6.88623836529e-05 -0.000276396706624 0.999999959431 -0.000236331751711
0.895037595999 0.445990693224 5.75021722338e-05 2.00416076526 -0.445990693768 0.89503756686 0.000234483335078 8.68937107896 5.31107808357e-05 -0.000235516834218 0.999999970856 -0.000212549828483
0.885504525809 0.464630747457 5.73597055111e-05 2.1861319278 -0.464630749307 0.885504505307 0.000194626805876 9.04560867621 3.96373206362e-05 -0.000198994000399 0.999999979415 -0.000189635203537
0.875583568442 0.483066674026 5.58458149221e-05 2.37552037995 -0.48306667643 0.875583554344 0.000159639060758 9.39794873429 2.82186330003e-05 -0.000166754590688 0.999999985698 -0.000167976434381
0.865278858408 0.501290828105 5.33791067788e-05 2.57224354493 -0.501290830602 0.865278848952 0.000129272036342 9.7462387956 1.86150740772e-05 -0.000138614816804 0.99999999022 -0.000147843244926
0.833122457065 -0.55265738142 0.021835528298 0.730537978297 0.552860638847 0.833263181122 -0.00419344731926 11.2644762331 -0.0158772021565 0.0155656592586 0.999752781793 0.00276460788918
0.988495897679 -0.139305439508 0.0589054733886 1.5747547003 0.139482749944 0.990223877745 0.00111104078472 11.2553256309 -0.0584843803041 0.00711803815716 0.99826294672 -0.013664245655
0.999781027645 -0.00918207226998 0.0188038908213 2.10105015119 0.00987780592907 0.999257265149 -0.0372471072289 11.4242077293 -0.0184479188859 0.0374246923264 0.99912915416 0.0246279993285
0.988559466727 0.150500453455 -0.00998970745272 2.581900242 -0.150738560437 0.98810657288 -0.0303856385404 11.6278048398 0.00529784321631 0.0315438447523 0.999488328454 0.0235913009767
0.94717278424 0.319056465256 -0.0326602016762 3.03320189212 -0.31952194111 0.947525548769 -0.0100530382669 11.8536118125 0.0277388886616 0.019957615282 0.999415953269 0.0142237510115
0.882326141562 0.468618978128 -0.0435526492157 3.45392517935 -0.46906931625 0.883161343054 -0.000136704138789 12.0910320758 0.038399954021 0.0205498290238 0.999051123846 0.0126315490994
0.808297896005 0.586869071047 -0.0473202362947 3.84465840758 -0.587673142667 0.809088917554 -0.00392439537747 12.3309992044 0.0359831724925 0.0309809125017 0.998872061056 0.0199146506581
0.736130859032 0.675212037875 -0.0469048216081 4.20933410549 -0.676354606559 0.736457295555 -0.0132324604681 12.569069864 0.0256086814713 0.041465114656 0.998811713838 0.0292555794122
0.673376270281 0.738199243424 -0.0403271079038 4.55134645091 -0.739230900163 0.673056380843 -0.0230821240692 12.8059684925 0.0101032107711 0.0453539988926 0.998919886636 0.0353871018455
0.625197931658 0.780008197961 -0.0267349464874 4.87377302916 -0.780424777593 0.624444751028 -0.0317162329457 13.0456295878 -0.00804442470302 0.040693537904 0.999139291192 0.035991398898
0.593613380307 0.804700683017 -0.00894234151595 5.18102996566 -0.804370598519 0.592955279416 -0.0373092059737 13.2921963434 -0.0247203349176 0.0293402004719 0.999263757813 0.0312310769577
0.577019778491 0.816688780652 0.00822257790657 5.47892348863 -0.815940090342 0.576875097258 -0.0381692433225 13.547437746 -0.0359157932171 0.0153152773672 0.999237458303 0.0232253157005
0.571250054548 0.820514553945 0.0207181549475 5.77317038428 -0.819790936564 0.571618975485 -0.0345625113782 13.8100154861 -0.0402019341117 0.00275928086176 0.999187765569 0.0148061062102
0.571652115179 0.820050143668 0.0270484949823 6.06786544363 -0.819568909296 0.572262540385 -0.028677304419 14.0767656352 -0.038995668061 -0.00577466380203 0.999222693462 0.00803109846866
0.574663701895 0.817908738416 0.0280521897172 6.36510640409 -0.817651548158 0.575263491727 -0.0227565568792 14.3444329326 -0.0347501873351 -0.00985954913287 0.999347393938 0.00357145505922
0.57805510135 0.815597363336 0.0255585743538 6.66567411988 -0.815470205571 0.578524043175 -0.0178402717146 14.6104409469 -0.0293367283446 -0.0105295958082 0.999514123953 0.00110843757468
0.580460097231 0.81401007886 0.0212994609494 6.96987260365 -0.8139439305 0.5807768911 -0.0139097363556 14.8728451734 -0.0236929003001 -0.00926252004525 0.999676373732 -2.26424679111e-05
0.580986969487 0.8137452963 0.0165146612697 7.27799140882 -0.813709765101 0.581175668918 -0.0105479873388 15.1301559383 -0.0181812943928 -0.00730989794437 0.999807984528 -0.00044101127149
0.579070581819 0.815189502672 0.0119723016235 7.59040646479 -0.815174091502 0.579168547202 -0.00741582607358 15.3812677812 -0.0129792841068 -0.00546522338005 0.999900829841 -0.000584416241546
0.574427483995 0.818515438243 0.00809586244856 7.90751176555 -0.818513763211 0.574469963574 -0.00441365890226 15.6254272896 -0.00826347775657 -0.00409124786077 0.999957487409 -0.000699777020353
0.567013051753 0.823693215897 0.00506805938724 8.22962620965 -0.82369798685 0.567026407653 -0.00163691275795 15.8621743865 -0.00422203744185 -0.00324639941617 0.999985817545 -0.000881880164185
0.556959955943 0.830534282904 0.00290041328132 8.55693811551 -0.8305387467 0.556960356866 0.000742368317279 16.0912577173 -0.00099885287818 -0.00282237503686 0.999995518236 -0.00112748275353
0.544512046365 0.838751697822 0.0014902224234 8.8894949176 -0.838751932455 0.54450761649 0.00257902850592 16.312551054 0.00135172707827 -0.0026542390268 0.999995563915 -0.00138799936489
0.529969623087 0.848016357314 0.000675524544384 9.22722231198 -0.84801176579 0.529963720232 0.00380792851428 16.5259912817 0.00287118216694 -0.00259093920117 0.999992521646 -0.00160951604144
0.513652228719 0.857998431081 0.000283185917293 9.56995512563 -0.857990619189 0.513646083438 0.00444953395896 16.7315430497 0.00367223581852 -0.0025284838953 0.999990060677 -0.00175523463855
0.495876373446 0.868393111499 0.000161740630435 9.91746861087 -0.868384352749 0.495870517512 0.00458756620369 16.9291841009 0.00390360847971 -0.0024153187247 0.999989463983 -0.00181206736431
0.476942431602 0.878934513176 0.000196175829342 10.2695052538 -0.878926664141 0.476937204087 0.00433848127043 17.1189018053 0.00371967737179 -0.00224162997385 0.999990569503 -0.00178695285065
0.457126068336 0.889401856623 0.000308355958491 10.6257956952 -0.889395931175 0.457121696638 0.00382518922342 17.300693123 0.00326117419833 -0.00202284424518 0.999992636395 -0.00169888229183
0.436671991996 0.899620680748 0.000449640264592 10.9860737052 -0.899616901382 0.436668578272 0.00315966728555 17.4745637605 0.00264615825929 -0.00178424218919 0.99999490715 -0.00157092861337
0.415789614656 0.909460634912 0.00059151539704 11.3500856141 -0.909458698403 0.415787146154 0.00243413067674 17.6405253578 0.00196780153188 -0.00155004507918 0.999996862554 -0.0014244391175
0.394650850342 0.918830882829 0.000717693685138 11.7175949443 -0.918830249586 0.394649236131 0.00171839074404 17.7985912937 0.00129567321978 -0.0013376030362 0.999998266023 -0.00127587836237
0.373390195334 0.927674022217 0.000818859914366 12.0883832987 -0.927674135558 0.373389304497 0.00106089815672 17.9487722922 0.000678414126299 -0.00115576413317 0.999999101981 -0.00113590463707
0.352106876402 0.935959377222 0.000889820414803 12.4622487355 -0.935959788686 0.352106563825 0.000491603689367 18.0910727984 0.000146809474263 -0.0010059331669 0.999999483273 -0.00100991853268
0.33086859135 0.943676381825 0.000928247261279 12.8390027874 -0.943676795902 0.330868711467 2.54820346463e-05 18.2254886692 -0.000283081181005 -0.000884396606236 0.999999568854 -0.000899347964492
0.309716242343 0.950828573658 0.000934207751034 13.2184670651 -0.950828838948 0.309716656838 -0.000333918800585 18.3520062651 -0.00060683923832 -0.000784851595087 0.999999507877 -0.000803109616975
0.28866910284 0.957428494003 0.000909910512654 13.6004700549 -0.957428567717 0.288669686953 -0.000591231389757 18.4706027564 -0.000828725361945 -0.000700504084029 0.999999411254 -0.000718894713156
0.267729948951 0.963493609685 0.00085937772133 13.9848444515 -0.96349351573 0.26773059758 -0.000756482881665 18.5812472992 -0.000958948133199 -0.000625471738774 0.999999344602 -0.000644116985499
0.246889835314 0.969043233468 0.000787964985628 14.3714251098 -0.969043026155 0.246890467829 -0.000842825629262 18.6839027505 -0.00101127551696 -0.00055548689337 0.999999334378 -0.000576496403538
0.226132294303 0.974096346872 0.000701772557324 14.760047596 -0.974096085266 0.226132856588 -0.000864777432121 18.7785276034 -0.00100107037055 -0.00048803979605 0.999999379837 -0.000514331875695
0.205436860392 0.978670183411 0.000607037374891 15.15054722 -0.978669916607 0.205437323502 -0.000836923840477 18.8650779362 -0.000943780542024 -0.000422154210887 0.999999465532 -0.000456547766748
0.184781878606 0.982779424719 0.00050959551899 15.542758442 -0.982779185907 0.184782234531 -0.000773013419028 18.9435092121 -0.000853865881958 -0.000357980997539 0.999999571381 -0.000402608410326
0.954147578568 0.299334277836 -0.00117831495155 15.4939586279 -0.299316686903 0.954031321185 -0.015289183757 21.3117441226 -0.0034524274086 0.0149408269875 0.999882419304 0.00571867577155
0.737592320059 0.674499279438 0.0317536049544 16.036534066 -0.67352784603 0.738254076022 -0.0366218494651 20.6776008261 -0.0481436393619 0.00562505776316 0.998824583555 -0.0121352029199
0.639322328154 0.768799230036 -0.0146528024747 16.5113081425 -0.76883039476 0.638796031922 -0.0289733272954 20.3851316114 -0.0129145196389 0.0297888149719 0.999472781863 0.0192962616668
0.507886130223 0.860933255674 -0.0290793397711 16.9813945715 -0.861333860428 0.508032344633 -0.00266789927956 20.1522557348 0.0124763619517 0.0264020090246 0.999573546225 0.0192844483321
0.354827527074 0.934427081552 -0.0307157173446 17.4463742253 -0.934271265011 0.355620162595 0.0259133812954 19.9576198615 0.0351372936534 0.019502031096 0.999192194414 0.012852289815
0.203387134187 0.978601884826 -0.0311773100447 17.8984828511 -0.978037435025 0.204545707473 0.040047836946 19.7942673564 0.0455680736588 0.0223473615603 0.998711242599 0.0131219259166
0.0696649610758 0.996954599328 -0.0350473975731 18.3326775567 -0.996638792479 0.0710749645917 0.0407365528123 19.6557468338 0.0431034862285 0.0320916856307 0.998555062672 0.0203003448966
-0.040354881752 0.998408856588 -0.0393857665337 18.7489335083 -0.998662603088 -0.03902745269 0.0339096318167 19.5365986506 0.0323185505894 0.0407015113133 0.998648535905 0.0285919512451
-0.124873424447 0.991348167391 -0.0404405597939 19.1503815535 -0.992042443526 -0.124092879112 0.0212778663499 19.4347464364 0.0160753883143 0.0427757917915 0.998955361128 0.0334990812653
-0.183925589455 0.982246860285 -0.0369118274242 19.5421109598 -0.982936031358 -0.183904056209 0.00400703973152 19.3499565244 -0.00285233259008 0.0370189623031 0.999310492604 0.0331436597036
-0.219917510308 0.975074425355 -0.0294304889367 19.9299232484 -0.975305569157 -0.220399700902 -0.0142484600742 19.2809850952 -0.0203797799781 0.0255702338977 0.999465270886 0.0280012719229
-0.23772406752 0.971131365288 -0.0197772362867 20.3185266823 -0.970782436538 -0.238225408178 -0.0288117303773 19.2242157459 -0.0326914152447 0.0123501518928 0.999389186012 0.0202604858411
-0.243434834302 0.969861802997 -0.01037133245 20.7102684265 -0.969159344784 -0.243653344269 -0.0369217042471 19.1744325909 -0.0383359604868 0.00106344480625 0.999264341012 0.0125328214487
-0.242569026997 0.970128659224 -0.00326369330704 21.1052509272 -0.969372258637 -0.242510457238 -0.0388085340569 19.1266497801 -0.0384407508672 -0.00625001459283 0.999241335209 0.00654897215478
-0.239056190417 0.971005413566 0.000790347624959 21.502358345 -0.970368404037 -0.238869718181 -0.0364200244719 19.077290564 -0.03517525081 -0.00947336066863 0.999336258308 0.00275508132155
-0.235348971014 0.971908242441 0.00228694502069 21.9001938655 -0.971437949169 -0.235160385481 -0.0317475040777 19.0241180863 -0.0303178620174 -0.00969336759773 0.999493304564 0.000755940489627
-0.23298227802 0.972478319702 0.00227504692679 22.2975476201 -0.972162900527 -0.232845606874 -0.0261193070233 18.9656359469 -0.0248707251234 -0.00829705186978 0.999656243897 -9.96222882162e-05
-0.232958754392 0.972485068328 0.00173511723228 22.693545125 -0.972294657931 -0.23287695143 -0.0202835808315 18.900671733 -0.0193214106794 -0.00641228294095 0.999792761384 -0.00038448338608
-0.235887394295 0.971779526693 0.00129950457769 23.0876457522 -0.97167999893 -0.235843591819 -0.0146894478316 18.8282586852 -0.013968424834 -0.00472775817928 0.999891259793 -0.000486081871962
-0.242027993933 0.970268484373 0.00123222812919 23.479566906 -0.970226803318 -0.242005324998 -0.00966295994269 18.7476531069 -0.00907745972927 -0.00353424756913 0.999952553284 -0.000608722814701
-0.251343725106 0.967896684865 0.00152946937673 23.8691800649 -0.9678855548 -0.251332228376 -0.00544644733999 18.6583547313 -0.00488719337799 -0.00284928167928 0.999983998339 -0.000816590577262
-0.263579861103 0.964635406774 0.00204666039161 24.2564165148 -0.964636317943 -0.263575494269 -0.00217552876569 18.5600882082 -0.00155914255152 -0.00254770851413 0.999995539118 -0.00108835806643
-0.278349441171 0.96047634303 0.00260443470616 24.6412040384 -0.960479492476 -0.278350724536 0.000136688331454 18.4527563359 0.000856232196197 -0.00246345900409 0.999996599112 -0.00136769943878
-0.295205750472 0.955428818214 0.00305584920215 25.0234375409 -0.95543065538 -0.295211379474 0.00158246322387 18.3363874873 0.00241405242628 -0.00245249976235 0.99999407878 -0.00159971856046
-0.313693455998 0.949518522985 0.00331514282902 25.4029752854 -0.949518776535 -0.313701635602 0.0023187988632 18.2110917247 0.0032417081994 -0.00242039833389 0.999991816466 -0.00174986019301
-0.333380391155 0.942786423043 0.00335787414012 25.7796492305 -0.942785910017 -0.333389198892 0.00252387309398 18.0770293126 0.00349895225605 -0.00232434662762 0.999991177334 -0.00180797687831
-0.353875856515 0.935286909946 0.00320534866878 26.153279766 -0.935286416438 -0.353883774869 0.00236497591706 17.9343891667 0.00334625190424 -0.00216101119157 0.999992066283 -0.00178333845854
-0.374840585682 0.927084731348 0.00290451850804 26.52368866 -0.927084663322 -0.374846767431 0.00198191334104 17.7833735453 0.00292615097101 -0.00194983300561 0.999993817877 -0.00169627056295
-0.395991358202 0.918250805482 0.0025104703554 26.8907073755 -0.918251215699 -0.395995588842 0.00148272864251 17.6241865616 0.00235565195695 -0.00171809472683 0.999995749518 -0.00157031621647
-0.417101631972 0.908857483409 0.00207447797168 27.2541803778 -0.908858213152 -0.417104126992 0.00094637842243 17.4570255896 0.0017253964347 -0.0014906703581 0.999997400451 -0.00142673161984
-0.437998930638 0.898974001094 0.00163771691538 27.6139644896 -0.89897481741 -0.438000107932 0.000427919466085 17.2820754316 0.00110200866027 -0.00128483799642 0.999998567383 -0.00128163158505
-0.458559716071 0.888662745676 0.0012293267729 27.9699258771 -0.88866343706 -0.458560022584 -3.63237779842e-05 17.099505158 0.000531440524469 -0.0011091143766 0.999999243718 -0.00114527755914
-0.478702589958 0.877976695788 0.000867191035492 28.3219361807 -0.877977123033 -0.478702403585 -0.000424537361622 16.9094673032 4.23925230617e-05 -0.000964601025005 0.999999533874 -0.00102275243065
-0.498380698972 0.866958110433 0.000560041406778 28.6698688861 -0.866958220496 -0.498380293153 -0.000726162099936 16.7120988461 -0.000350438521541 -0.000847437676357 0.999999579521 -0.000915290677307
-0.517574095874 0.85563833436 0.00030992574115 29.0135965491 -0.855638148658 -0.517573643308 -0.00093931548538 16.5075233304 -0.000643304942347 -0.000751349650465 0.999999510816 -0.000821736612501
-0.536282605956 0.844038478652 0.000114475527117 29.3529890856 -0.844038067866 -0.536282200018 -0.00106861441885 16.2958535449 -0.000840560500823 -0.00066970102803 0.999999422479 -0.000739798437692
-0.554519549162 0.832170696803 -3.12797572858e-05 29.6879130435 -0.832170152759 -0.554519228857 -0.00112324731254 16.0771943129 -0.000952078725645 -0.000596832512946 0.999999368668 -0.000666961192721
-0.572306476385 0.820039803447 -0.000133607785334 30.0182316601 -0.820039215511 -0.57230624777 -0.00111525209157 15.8516451204 -0.000991015676266 -0.000528702371339 0.999999369181 -0.000601034323735
-0.589668961005 0.807645019016 -0.000199215562262 30.3438054411 -0.807644458712 -0.589668812896 -0.00105802141485 15.6193024277 -0.000971976929822 -0.000462987043463 0.999999420452 -0.000540399293065
-0.606633396358 0.794981677351 -0.000234731618973 30.6644930296 -0.794981191623 -0.606633310662 -0.000965070074442 15.3802616102 -0.000909609045676 -0.000398836514819 0.99999950677 -0.000484043013683
-0.623224696978 0.782042784224 -0.000246415307316 30.980152188 -0.782042395662 -0.623224654867 -0.000849089051495 15.1346185289 -0.000817596060741 -0.000336466049564 0.999999609164 -0.000431468808537
-0.639464782864 0.768820352147 -0.000240003653943 31.2906407545 -0.7688200636 -0.639464768031 -0.000721285986755 14.8824707479 -0.000708013227231 -0.000276717362414 0.999999711072 -0.000382547764169
-0.655371704543 0.755306480978 -0.000220628711171 31.5958175063 -0.755306282002 -0.655371704526 -0.000590994433987 14.6239184502 -0.00059097574072 -0.00022067877804 0.999999801024 -0.000337371485917
-0.670959279791 0.741494172398 -0.000192773673394 31.8955428815 -0.741494045624 -0.6709592861 -0.000465511747223 14.3590650756 -0.000474517534028 -0.000169398895677 0.999999873069 -0.000296119154519
-0.686237107798 0.727377897796 -0.000160246906723 32.1896795636 -0.727377824049 -0.686237115358 -0.000350123360297 14.0880177392 -0.000364639368796 -0.00012370759582 0.999999925867 -0.000258967294498
-0.701210853958 0.712953941269 -0.000126175137039 32.47809292 -0.712953903009 -0.701210860264 -0.000248260186023 13.8108874571 -0.000265473454472 -8.41256806306e-05 0.999999961223 -0.000226026018601
-0.715882703919 0.698220556542 -9.30131400128e-05 32.7606513236 -0.698220539659 -0.715882708156 -0.000161745336665 13.5277892223 -0.000179520417551 -5.08470041431e-05 0.999999982594 -0.000197311035395
-0.730251909587 0.683177974344 -6.25743602532e-05 33.0372263699 -0.683177968686 -0.730251911881 -9.10864884997e-05 13.2388419657 -0.000107923328913 -2.37666578349e-05 0.999999993894 -0.000172735629244
-0.744315365605 0.66782829771 -3.60815830636e-05 33.3076930097 -0.667828296756 -0.744315366476 -3.57806091297e-05 12.9441684323 -5.07513800071e-05 -2.5357550043e-06 0.999999998709 -0.000152117779176
-0.75806817001 0.652175321072 -1.42348264688e-05 33.5719296228 -0.652175321187 -0.758068170026 5.39424858196e-06 12.6438949996 -7.27297305095e-06 1.33728106754e-05 0.999999999884 -0.000135197475862
-0.771504139817 0.636224301829 2.70748924706e-06 33.8298180386 -0.63622430139 -0.771504139429 3.41182030491e-05 12.3381514625 2.37956690762e-05 2.45997644408e-05 0.999999999414 -0.000121655821651
-0.784616260218 0.619981712619 1.48405630661e-05 34.0812435285 -0.61998171123 -0.784616259712 5.23093428701e-05 12.0270708063 4.40749830635e-05 3.18418832919e-05 0.999999998522 -0.000111134783342
-0.797397060851 0.60345499156 2.25251663868e-05 34.3260947746 -0.603454989443 -0.797397060365 6.19470548704e-05 11.7107889771 5.53437609351e-05 3.58034754379e-05 0.999999997828 -0.00010325890244
-0.809838916888 0.586652305887 2.63030536977e-05 34.564263825 -0.58665230347 -0.809838916462 6.49406767222e-05 11.3894446634 5.93988342511e-05 3.71607402586e-05 0.999999997545 -9.76501717469e-05
-0.821934277437 0.569582340715 2.68215843528e-05 34.7956460466 -0.569582338398 -0.821934277063 6.30379868485e-05 11.0631790945 5.79509036478e-05 3.65359814362e-05 0.999999997653 -9.3942130153e-05
-0.833675829509 0.552254117848 2.4769303144e-05 35.0201400796 -0.552254115903 -0.833675829163 5.77693322091e-05 10.7321358615 5.25529209341e-05 3.44819463403e-05 0.999999998025 -9.17889239232e-05
-0.845056606659 0.534676847366 2.08249301019e-05 35.237647797 -0.534676845915 -0.845056606329 5.04196804598e-05 10.3964607595 4.45564805524e-05 3.14728761349e-05 0.999999998512 -9.08741398582e-05
-0.8560700525 0.516859811718 1.56189790661e-05 35.4480742721 -0.516859810763 -0.856070052187 4.20235580223e-05 10.0563016492 3.50912285114e-05 2.79022869579e-05 0.999999998995 -9.0915557276e-05
0.0536878416213 0.998466143981 -0.0135268246967 37.6502951217 -0.998550947075 0.0536324800771 -0.00442302787335 10.9295066901 -0.00369076642937 0.0137446864317 0.999898725791 0.00488068611691
-0.372253878102 0.927865136078 -0.0222112468779 37.2455033711 -0.926978188877 -0.372877415256 -0.0409129629577 10.2000996623 -0.0462437842676 0.00535933227794 0.99891580725 -0.0116301620577
-0.495982265802 0.8678330778 -0.0294506551065 37.1367671991 -0.868300780712 -0.495969302643 0.00825863491721 9.6529853716 -0.00743950431694 0.0296681632802 0.999532117475 0.0199140185443
-0.628605426891 0.777659925767 -0.0100128487315 37.0827359151 -0.777510359144 -0.628078333658 0.0315475547726 9.13099727378 0.0182444157561 0.0276160577485 0.999452097225 0.020655384912
-0.750745500463 0.660416881663 0.0151899950293 37.062807104 -0.659462634327 -0.750608101906 0.0411887275829 8.6270281915 0.0386034643669 0.0209050177652 0.999035911652 0.0142852287865
-0.845027600818 0.534043344455 0.0269455024056 37.0676223806 -0.532698793329 -0.845139878548 0.0443912296979 8.14600674958 0.0464795594028 0.0231579777119 0.998650769101 0.0141468067352
-0.909434279374 0.415081715153 0.0252281835375 37.0892840235 -0.413660491027 -0.909198717342 0.0473570538298 7.69040669059 0.0425944792414 0.0326322253332 0.99855938642 0.0210472032643
-0.949931927827 0.311984831568 0.0171696641515 37.1225797676 -0.310850881588 -0.949185644717 0.0491766334629 7.25833605484 0.0316395624452 0.0413772489914 0.998642509287 0.0292720047822
-0.973320725723 0.229376618357 0.00575602546431 37.1667408152 -0.228876424974 -0.972357922122 0.0462131299209 6.8462523906 0.0161971284251 0.0436627786223 0.998915018805 0.0341847698875
-0.985429529661 0.169902257766 -0.00786542292097 37.223508485 -0.170078109926 -0.984731906679 0.0371013273543 6.44939403427 -0.00144173362618 0.0378984798287 0.999280554515 0.0337662059759
-0.990869138854 0.133167691038 -0.0210882842022 37.2938623437 -0.133651029203 -0.990750793157 0.0234577972552 6.06186577881 -0.0177694136023 0.0260620782534 0.999502384198 0.0283723984122
-0.992877614614 0.115137228567 -0.030617984835 37.3760300102 -0.115450855927 -0.993275313507 0.00867475892773 5.67790048669 -0.0294133007845 0.0121478465075 0.999493515518 0.0201790246114
-0.993366887506 0.109571011471 -0.0348772167961 37.4658397146 -0.109507771188 -0.993978963089 -0.00372410862879 5.29340931576 -0.0350752741357 0.00011992007925 0.999384666064 0.0119197784471
-0.993262423312 0.110581154682 -0.0346636216515 37.5586088802 -0.110238653188 -0.993836903717 -0.0116468086948 4.90654412607 -0.0357379039676 -0.00774706646258 0.999331168923 0.00547937895531
-0.992959095859 0.114117654244 -0.0317709763785 37.6506297303 -0.113689829208 -0.993403541803 -0.0149674937039 4.51711464918 -0.0332694557324 -0.0112500721372 0.999383099313 0.00139242348168
-0.99265470963 0.117785316664 -0.0276269185415 37.7393623652 -0.117409674257 -0.992972500728 -0.0148519759137 4.1256595958 -0.0291821150776 -0.0114992163313 0.999507965042 -0.000721715792138
-0.992494305812 0.120114225104 -0.0229701079325 37.8229978748 -0.119844271101 -0.992710268471 -0.0127934966484 3.73279843915 -0.0243393429488 -0.00994463673272 0.999654290535 -0.00154233926705
-0.992594013218 0.120118926545 -0.0181264560387 37.9001268492 -0.119952029122 -0.992728984734 -0.010033622445 3.33895055157 -0.0191998862575 -0.00778500838712 0.99978535597 -0.00168738997624
-0.993022723955 0.117168807644 -0.01331691499 37.9696416673 -0.117078293679 -0.993095212551 -0.00738728354351 2.94429396297 -0.014090523727 -0.0057766187429 0.999884037185 -0.00159177163026
-0.993785738196 0.110962278964 -0.00879085922451 38.0307334366 -0.110918938785 -0.993815459234 -0.00527465691865 2.54883952049 -0.00932177974972 -0.00426680604344 0.999947448013 -0.00150133124826
-0.994824979311 0.101489488247 -0.00481085371292 38.0828781269 -0.101471640779 -0.994831099092 -0.00381973792831 2.15253413644 -0.00517365013438 -0.0033118054857 0.999981132466 -0.00151070837026
-0.996033635655 0.0889634344234 -0.0015823969742 38.125787708 -0.0889584958942 -0.996030943786 -0.00295719940182 1.75534347263 -0.00183919896672 -0.00280470241682 0.99999437548 -0.00161582008701
-0.99727732486 0.0737380560382 0.000797753930706 38.1593437588 -0.0737398551941 -0.997274306442 -0.00252813503157 1.35729673003 0.000609159735326 -0.0025800780005 0.999996486055 -0.00176562484748
-0.99841477993 0.0562353392392 0.00234815624596 38.1835362814 -0.0562408595809 -0.998414452784 -0.00235503403733 0.958497478013 0.00221199699535 -0.00248336311581 0.999994469973 -0.00190223169021
