1 0 0 -1.27221029604e-09 0 1 0 -1.80642970525e-10 0 0 1 2.89089183159e-10
0.999962443274 0.00866672035818 1.06136713458e-18 0.00114093042734 -0.00866672035818 0.999962443274 -4.59937244506e-21 0.399997204962 -1.06136713458e-18 -4.59937244504e-21 1 -1.18174128816e-08
0.999679212396 0.0253273034999 3.10170011622e-18 0.0074605723639 -0.0253273034999 0.999679212396 -3.92851511993e-20 0.799942772175 -3.10170011622e-18 -3.92851511993e-20 1 -4.99169366397e-08
0.998997482823 0.0447663859669 5.48230112838e-18 0.02104004698 -0.0447663859669 0.998997482823 -1.22772945143e-19 1.19970598873 -5.48230112838e-18 -1.22772945143e-19 1 -1.12239470051e-07
0.997874916125 0.0651586661071 7.97963518847e-18 0.0426002267606 -0.0651586661071 0.997874916125 -2.60247716564e-19 1.59911763391 -7.97963518847e-18 -2.60247716564e-19 1 -2.00880117984e-07
0.996307082928 0.08586149607 1.05150006332e-17 0.0723850993104 -0.08586149607 0.996307082928 -4.52251907167e-19 1.9980000412 -1.05150006332e-17 -4.52251907167e-19 1 -3.13376597894e-07
0.994297178603 0.106644834012 1.30602254618e-17 0.110469929141 -0.106644834012 0.994297178603 -6.98394196951e-19 2.39617562029 -1.30602254618e-17 -6.98394196951e-19 1 -4.52313572596e-07
0.991848523361 0.127422551795 1.56047620195e-17 0.156868789558 -0.127422551795 0.991848523361 -9.98267977393e-19 2.79346816831 -1.56047620195e-17 -9.98267977393e-19 1 -6.16583020641e-07
0.98896359776 0.14815870648 1.81442085657e-17 0.21157204458 -0.14815870648 0.98896359776 -1.35156946775e-18 3.18970265424 -1.81442085657e-17 -1.35156946775e-18 1 -8.04296006907e-07
0.985644352718 0.168834860009 2.06763070894e-17 0.274559426719 -0.168834860009 0.985644352718 -1.7580597493e-18 3.58470493424 -2.06763070894e-17 -1.7580597493e-18 1 -1.01682824161e-06
0.981892551266 0.18943869132 2.3199548696e-17 0.34580461074 -0.18943869132 0.981892551266 -2.21752291333e-18 3.97830159814 -2.3199548696e-17 -2.21752291333e-18 1 -1.25391021744e-06
0.977709969855 0.209960031545 2.57126880581e-17 0.42527679274 -0.209960031545 0.977709969855 -2.72974140701e-18 4.37031994293 -2.57126880581e-17 -2.72974140701e-18 1 -1.51780396429e-06
0.973098496958 0.230389485909 2.82145746476e-17 0.51294127271 -0.230389485909 0.973098496958 -3.29448395922e-18 4.76058799048 -2.82145746476e-17 -3.29448395922e-18 1 -1.80382322723e-06
0.968060176967 0.250717956619 3.07040943062e-17 0.608759652498 -0.250717956619 0.968060176967 -3.91150020431e-18 5.14893454721 -3.07040943062e-17 -3.91150020431e-18 1 -2.11592440635e-06
0.962597228398 0.27093647942 3.31801492294e-17 0.712689918443 -0.27093647942 0.962597228398 -4.58051845216e-18 5.53518926901 -3.31801492294e-17 -4.58051845216e-18 1 -2.45105615804e-06
0.956712050808 0.291036169297 3.56416513166e-17 0.824686492925 -0.291036169297 0.956712050808 -5.30124484198e-18 5.91918272803 -3.56416513166e-17 -5.30124484198e-18 1 -2.8111082413e-06
0.950407226909 0.311008204134 3.80875201701e-17 0.944700250289 -0.311008204134 0.950407226909 -6.07336308263e-18 6.30074649448 -3.80875201701e-17 -6.07336308263e-18 1 -3.19418096328e-06
0.943685522695 0.330843821548 4.05166827077e-17 1.0726785522 -0.330843821548 0.943685522695 -6.89653443777e-18 6.6797132012 -4.05166827077e-17 -6.89653443777e-18 1 -3.60120344567e-06
0.93654988671 0.350534320294 4.29280733339e-17 1.2085652599 -0.350534320294 0.93654988671 -7.77039781463e-18 7.05591661937 -4.29280733339e-17 -7.77039781463e-18 1 -4.03229365986e-06
0.92900344895 0.370071063228 4.53206343039e-17 1.35230077204 -0.370071063228 0.92900344895 -8.69456989935e-18 7.42919173601 -4.53206343039e-17 -8.69456989935e-18 1 -4.48605845937e-06
0.921049519559 0.389445480806 4.76933161512e-17 1.50382203546 -0.389445480806 0.921049519559 -9.66864531633e-18 7.79937482009 -4.76933161512e-17 -9.66864531633e-18 1 -4.96428746199e-06
0.912691587402 0.408649074741 5.00450781356e-17 1.66306259638 -0.408649074741 0.912691587402 -1.06921968027e-17 8.16630349768 -5.00450781356e-17 -1.06921968027e-17 1 -5.4648783343e-06
0.903933318547 0.42767342169 5.23748886953e-17 1.82995259715 -0.42767342169 0.903933318547 -1.17647753946e-17 8.52981682247 -5.23748886953e-17 -1.17647753946e-17 1 -5.98823767994e-06
0.894778554663 0.446510176944 5.46817258981e-17 2.00441884335 -0.446510176944 0.894778554663 -1.28859106233e-17 8.8897553431 -5.46817258981e-17 -1.28859106233e-17 1 -6.53444320431e-06
0.885231311332 0.465151078078 5.69645778888e-17 2.18638479959 -0.465151078078 0.885231311332 -1.40551107219e-17 9.24596118269 -5.69645778888e-17 -1.40551107219e-17 1 -7.10210754828e-06
0.875295776291 0.483587948575 5.92224433329e-17 2.37577065535 -0.483587948575 0.875295776291 -1.52718628405e-17 9.59827809629 -5.92224433329e-17 -1.52718628405e-17 1 -7.69254864252e-06
0.864976307593 0.501812701416 6.1454331856e-17 2.57249334083 -0.501812701416 0.864976307593 -1.65356332715e-17 9.94655154575 -6.1454331856e-17 -1.65356332715e-17 1 -8.30299771604e-06
0.854277431699 0.519817342621 6.36592644782e-17 2.77646655969 -0.519817342621 0.854277431699 -1.78458676833e-17 10.2906287681 -6.36592644782e-17 -1.78458676833e-17 1 -8.93763196608e-06
0.84320384149 0.537593974759 6.58362740429e-17 2.98760084631 -0.537593974759 0.84320384149 -1.92019913638e-17 10.6303588416 -6.58362740429e-17 -1.92019913638e-17 1 -9.59201641404e-06
0.831760394207 0.555134800412 6.7984405642e-17 3.20580359432 -0.555134800412 0.831760394207 -2.06034094724e-17 10.9655927471 -6.7984405642e-17 -2.06034094724e-17 1 -1.02676617395e-05
0.819952109325 0.572432125595 7.01027170339e-17 3.43097908697 -0.572432125595 0.819952109325 -2.20495073008e-17 11.2961834417 -7.01027170339e-17 -2.20495073008e-17 1 -1.09647383315e-05
0.807784166349 0.589478363128 7.21902790571e-17 3.66302855569 -0.589478363128 0.807784166349 -2.35396505426e-17 11.621985918 -7.21902790571e-17 -2.35396505426e-17 1 -1.16814591369e-05
0.79526190254 0.606266035968 7.4246176038e-17 3.90185021827 -0.606266035968 0.79526190254 -2.50731855718e-17 11.9428572688 -7.4246176038e-17 -2.50731855718e-17 1 -1.24174472536e-05
0.782390810577 0.622787780488 7.62695061923e-17 4.14733931737 -0.622787780488 0.782390810577 -2.66494397292e-17 12.2586567477 -7.62695061923e-17 -2.66494397292e-17 1 -1.31727949562e-05
0.769176536145 0.639036349704 7.82593820204e-17 4.39938817507 -0.639036349704 0.769176536145 -2.82677216178e-17 12.5692458395 -7.82593820204e-17 -2.82677216178e-17 1 -1.39495839768e-05
0.755624875464 0.655004616457 8.02149306971e-17 4.65788623392 -0.655004616457 0.755624875464 -2.99273214054e-17 12.8744883056 -8.02149306971e-17 -2.99273214054e-17 1 -1.47437228337e-05
0.741741772739 0.670685576537 8.2135294454e-17 4.92272010752 -0.670685576537 0.741741772739 -3.16275111369e-17 13.1742502596 -8.2135294454e-17 -3.16275111369e-17 1 -1.55570656091e-05
0.727533317557 0.686072351756 8.40196309562e-17 5.19377363041 -0.686072351756 0.727533317557 -3.33675450528e-17 13.4684002147 -8.40196309562e-17 -3.33675450528e-17 1 -1.63882761974e-05
0.713005742217 0.701158192968 8.58671136714e-17 5.47092791211 -0.701158192968 0.713005742217 -3.51466599168e-17 13.7568091504 -8.58671136714e-17 -3.51466599168e-17 1 -1.72370136768e-05
0.698165418993 0.715936483022 8.76769322325e-17 5.75406138334 -0.715936483022 0.698165418993 -3.69640753502e-17 14.0393505598 -8.76769322325e-17 -3.69640753502e-17 1 -1.81047741279e-05
0.683018857343 0.730400739673 8.94482927935e-17 6.04304985182 -0.730400739673 0.683018857343 -3.88189941746e-17 14.3159005087 -8.94482927935e-17 -3.88189941746e-17 1 -1.8988688935e-05
0.667572701047 0.744544618419 9.1180418377e-17 6.33776655763 -0.744544618419 0.667572701047 -4.07106027612e-17 14.5863376978 -9.1180418377e-17 -4.07106027612e-17 1 -1.9889841834e-05
0.651833725301 0.758361915289 9.28725492154e-17 6.63808222763 -0.758361915289 0.651833725301 -4.26380713881e-17 14.8505435032 -9.28725492154e-17 -4.26380713881e-17 1 -2.08065440948e-05
0.63580883374 0.771846569558 9.45239430842e-17 6.94386513726 -0.771846569558 0.63580883374 -4.46005546038e-17 15.1084020357 -9.45239430842e-17 -4.46005546038e-17 1 -2.17404793892e-05
0.61950505541 0.784992666412 9.61338756276e-17 7.25498115648 -0.784992666412 0.61950505541 -4.65971915983e-17 15.3598001916 -9.61338756276e-17 -4.65971915983e-17 1 -2.26891901978e-05
0.602929541689 0.797794439539 9.77016406758e-17 7.57129381782 -0.797794439539 0.602929541689 -4.86271065806e-17 15.6046276992 -9.77016406758e-17 -4.86271065806e-17 1 -2.3652094673e-05
0.586089563144 0.810246273656 9.92265505554e-17 7.89266438362 -0.810246273656 0.586089563144 -5.0689409163e-17 15.8427771694 -9.92265505554e-17 -5.0689409163e-17 1 -2.46314340799e-05
0.568992506345 0.82234270698 1.0070793639e-16 8.21895188544 -0.82234270698 0.568992506345 -5.27831947513e-17 16.0741441413 -1.0070793639e-16 -5.27831947513e-17 1 -2.56242652599e-05
0.551645870628 0.834078433613 1.02145148396e-16 8.55001320201 -0.834078433613 0.551645870628 -5.49075449419e-17 16.2986271327 -1.02145148396e-16 -5.49075449419e-17 1 -2.66312699635e-05
0.534057264801 0.845448305879 1.03537556164e-16 8.88570312239 -0.845448305879 0.534057264801 -5.70615279248e-17 16.5161276775 -1.03537556164e-16 -5.70615279248e-17 1 -2.76513834248e-05
0.516234403806 0.856447336576 1.04884548938e-16 9.22587440211 -0.856447336576 0.516234403806 -5.92441988917e-17 16.7265503712 -1.04884548938e-16 -5.92441988917e-17 1 -2.86837851462e-05
0.49818510534 0.867070701164 1.06185535882e-16 9.5703778328 -0.867070701164 0.49818510534 -6.1454600451e-17 16.9298029189 -1.06185535882e-16 -6.1454600451e-17 1 -2.97288954396e-05
0.479917286421 0.877313739887 1.0743994634e-16 9.9190622969 -0.877313739887 0.479917286421 -6.36917630476e-17 17.1257961652 -1.0743994634e-16 -6.36917630476e-17 1 -3.07872343122e-05
0.461438959919 0.887171959807 1.08647230087e-16 10.2717748562 -0.887171959807 0.461438959919 -6.5954705388e-17 17.3144441425 -1.08647230087e-16 -6.5954705388e-17 1 -3.18560247505e-05
0.442758231039 0.896641036785 1.09806857568e-16 10.628360801 -0.896641036785 0.442758231039 -6.82424348709e-17 17.4956641051 -1.09806857568e-16 -6.82424348709e-17 1 -3.29370423424e-05
0.423883293765 0.90571681737 1.10918320133e-16 10.9886637185 -0.90571681737 0.423883293765 -7.05539480226e-17 17.6693765615 -1.10918320133e-16 -7.05539480226e-17 1 -3.40268222292e-05
0.404822427269 0.914395320624 1.11981130256e-16 11.3525255683 -0.914395320624 0.404822427269 -7.28882309369e-17 17.8355053213 -1.11981130256e-16 -7.28882309369e-17 1 -3.51279925912e-05
0.385583992277 0.92267273987 1.12994821754e-16 11.7197867492 -0.92267273987 0.385583992277 -7.52442597202e-17 17.9939775086 -1.12994821754e-16 -7.52442597202e-17 1 -3.62381333314e-05
0.366176427403 0.930545444358 1.13958949989e-16 12.0902861684 -0.930545444358 0.366176427403 -7.76210009405e-17 18.1447236168 -1.13958949989e-16 -7.76210009405e-17 1 -3.73578667148e-05
0.346608245445 0.938009980858 1.14873092063e-16 12.4638613165 -0.938009980858 0.346608245445 -8.00174120805e-17 18.2876775227 -1.14873092063e-16 -8.00174120805e-17 1 -3.84868941783e-05
0.326888029655 0.94506307518 1.15736847001e-16 12.8403483273 -0.94506307518 0.326888029655 -8.24324419951e-17 18.4227765242 -1.15736847001e-16 -8.24324419951e-17 1 -3.96232012125e-05
0.307024429972 0.951701633602 1.16549835933e-16 13.2195820662 -0.951701633602 0.307024429972 -8.48650313723e-17 18.5499613595 -1.16549835933e-16 -8.48650313723e-17 1 -4.07670269702e-05
0.287026159226 0.957922744234 1.17311702256e-16 13.6013961824 -0.957922744234 0.287026159226 -8.7314113198e-17 18.6691762448 -1.17311702256e-16 -8.7314113198e-17 1 -4.19185250777e-05
0.26690198932 0.96372367829 1.18022111788e-16 13.9856232069 -0.96372367829 0.26690198932 -8.9778613224e-17 18.7803688839 -1.18022111788e-16 -8.9778613224e-17 1 -4.30766272359e-05
0.246660747381 0.96910189129 1.18680752922e-16 14.372094602 -0.96910189129 0.246660747381 -9.22574504392e-17 18.8834905107 -1.18680752922e-16 -9.22574504392e-17 1 -4.42401807152e-05
0.226311311886 0.974055024171 1.19287336754e-16 14.7606408533 -0.974055024171 0.226311311886 -9.47495375435e-17 18.9784958882 -1.19287336754e-16 -9.47495375435e-17 1 -4.54099631373e-05
0.20586260877 0.978580904325 1.19841597219e-16 15.1510915276 -0.978580904325 0.20586260877 -9.72537814253e-17 19.0653433458 -1.19841597219e-16 -9.72537814253e-17 1 -4.65839669079e-05
0.18532360751 0.982677546553 1.20343291198e-16 15.5432753621 -0.982677546553 0.18532360751 -9.97690836404e-17 19.1439947903 -1.20343291198e-16 -9.97690836404e-17 1 -4.77636527538e-05
0.16470331719 0.986343153931 1.20792198632e-16 15.9370203345 -0.986343153931 0.16470331719 -1.02294340894e-16 19.2144157201 -1.20792198632e-16 -1.02294340894e-16 1 -4.89463200175e-05
0.144010782552 0.989576118603 1.21188122616e-16 16.3321537313 -0.989576118603 0.144010782552 -1.04828445525e-16 19.27657525 -1.21188122616e-16 -1.04828445525e-16 1 -5.01333571208e-05
0.123255080026 0.992375022483 1.21530889484e-16 16.7285022416 -0.992375022483 0.123255080026 -1.07370285992e-16 19.330446113 -1.21530889484e-16 -1.07370285992e-16 1 -5.1324330979e-05
0.102445313747 0.99473863788 1.21820348887e-16 17.1258920065 -0.99473863788 0.102445313747 -1.09918747358e-16 19.3760046783 -1.21820348887e-16 -1.09918747358e-16 1 -5.25159085392e-05
0.0815906115682 0.996665928034 1.22056373859e-16 17.5241487252 -0.996665928034 0.0815906115682 -1.12472711785e-16 19.4132309654 -1.22056373859e-16 -1.12472711785e-16 1 -5.37114665917e-05
0.0607001210505 0.998156047572 1.22238860871e-16 17.9230977074 -0.998156047572 0.0607001210505 -1.1503105902e-16 19.4421086424 -1.22238860871e-16 -1.1503105902e-16 1 -5.49059305417e-05
0.0397830054535 0.999208342878 1.22367729879e-16 18.3225639604 -0.999208342878 0.0397830054535 -1.17592666886e-16 19.4626250471 -1.22367729879e-16 -1.17592666886e-16 1 -5.61017170639e-05
0.0188484397155 0.999822352381 1.22442924356e-16 18.7223722661 -0.999822352381 0.0188484397155 -1.20156411778e-16 19.4747711762 -1.22442924356e-16 -1.20156411778e-16 1 -5.73001857394e-05
-0.00209439357116 0.999997806755 1.2246441132e-16 19.1223472558 -0.999997806755 -0.00209439357116 -1.22721169153e-16 19.478541704 -1.2246441132e-16 -1.22721169153e-16 1 -5.84970204542e-05
-0.0230363081875 0.999734629042 1.22432181345e-16 19.5223134886 -0.999734629042 -0.0230363081875 -1.25285814023e-16 19.4739349766 -1.22432181345e-16 -1.25285814023e-16 1 -5.96937350128e-05
-0.0439681183178 0.999032934678 1.2234624857e-16 19.9220955286 -0.999032934678 -0.0439681183178 -1.27849221451e-16 19.4609530155 -1.2234624857e-16 -1.27849221451e-16 1 -6.08893656011e-05
-0.0648806425782 0.997893031451 1.22206650686e-16 20.3215180143 -0.997893031451 -0.0648806425782 -1.30410267041e-16 19.4396015114 -1.22206650686e-16 -1.30410267041e-16 1 -6.20831765623e-05
-0.0857647080444 0.99631541936 1.22013448926e-16 20.7204057513 -0.99631541936 -0.0857647080444 -1.32967827433e-16 19.4098898335 -1.22013448926e-16 -1.32967827433e-16 1 -6.327368631e-05
-0.106611154275 0.994300790397 1.21766728035e-16 21.1185837724 -0.994300790397 -0.106611154275 -1.35520780798e-16 19.371831013 -1.21766728035e-16 -1.35520780798e-16 1 -6.44627192994e-05
-0.12741083733 0.991850028246 1.21466596233e-16 21.5158774247 -0.991850028246 -0.12741083733 -1.38068007326e-16 19.3254417431 -1.21466596233e-16 -1.38068007326e-16 1 -6.56483037496e-05
-0.148154633781 0.988964207891 1.21113185166e-16 21.9121124412 -0.988964207891 -0.148154633781 -1.40608389719e-16 19.2707423723 -1.21113185166e-16 -1.40608389719e-16 1 -6.68299652293e-05
-0.168833444713 0.985644595149 1.20706649855e-16 22.3071150216 -0.985644595149 -0.168833444713 -1.4314081368e-16 19.2077568937 -1.20706649855e-16 -1.4314081368e-16 1 -6.80070389958e-05
-0.189438199716 0.981892646112 1.20247168617e-16 22.7007119084 -0.981892646112 -0.189438199716 -1.45664168407e-16 19.1365129333 -1.20247168617e-16 -1.45664168407e-16 1 -6.91792529057e-05
-0.209959860863 0.977710006508 1.19734942996e-16 23.0927304515 -0.977710006508 -0.209959860863 -1.4817734707e-16 19.0570417419 -1.19734942996e-16 -1.4817734707e-16 1 -7.0345822941e-05
-0.230389426677 0.973098510982 1.19170197673e-16 23.4829987073 -0.973098510982 -0.230389426677 -1.50679247308e-16 18.9693781797 -1.19170197673e-16 -1.50679247308e-16 1 -7.15077347397e-05
-0.250717936073 0.968060182288 1.18553180362e-16 23.8713454846 -0.968060182288 -0.250717936073 -1.53168771705e-16 18.8735606939 -1.18553180362e-16 -1.53168771705e-16 1 -7.26624384519e-05
-0.270936472296 0.962597230403 1.17884161708e-16 24.2576004452 -0.962597230403 -0.270936472296 -1.55644828272e-16 18.7696313172 -1.17884161708e-16 -1.55644828272e-16 1 -7.38104959765e-05
-0.291036166828 0.956712051559 1.17163435165e-16 24.6415941655 -0.956712051559 -0.291036166828 -1.58106330929e-16 18.6576356354 -1.17163435165e-16 -1.58106330929e-16 1 -7.49512337244e-05
-0.311008203279 0.950407227189 1.16391316866e-16 25.0231582134 -0.950407227189 -0.311008203279 -1.6055219998e-16 18.5376227712 -1.16391316866e-16 -1.6055219998e-16 1 -7.60837835045e-05
-0.330843821252 0.943685522798 1.1556814549e-16 25.4021252231 -0.943685522798 -0.330843821252 -1.62981362586e-16 18.409645368 -1.1556814549e-16 -1.62981362586e-16 1 -7.7209456057e-05
-0.350534320191 0.936549886748 1.14694282105e-16 25.7783289687 -0.936549886748 -0.350534320191 -1.65392753236e-16 18.2737595599 -1.14694282105e-16 -1.65392753236e-16 1 -7.83242983058e-05
-0.370071063192 0.929003448964 1.13770110017e-16 26.151604431 -0.929003448964 -0.370071063192 -1.67785314214e-16 18.1300249518 -1.13770110017e-16 -1.67785314214e-16 1 -7.94317686612e-05
-0.389445480794 0.921049519564 1.12796034599e-16 26.5217878847 -0.921049519564 -0.389445480794 -1.70157996064e-16 17.978504587 -1.12796034599e-16 -1.70157996064e-16 1 -8.05278406464e-05
-0.408649074736 0.912691587404 1.11772483112e-16 26.8887169554 -0.912691587404 -0.408649074736 -1.7250975805e-16 17.819264931 -1.11772483112e-16 -1.7250975805e-16 1 -8.16140946753e-05
-0.427673421689 0.903933318548 1.1069990452e-16 27.2522306932 -0.903933318548 -0.427673421689 -1.7483956861e-16 17.6523758279 -1.1069990452e-16 -1.7483956861e-16 1 -8.26887018537e-05
-0.446510176943 0.894778554664 1.09578769291e-16 27.6121696523 -0.894778554664 -0.446510176943 -1.77146405813e-16 17.4779104825 -1.09578769291e-16 -1.77146405813e-16 1 -8.3754085753e-05
-0.465151078077 0.885231311332 1.08409569193e-16 27.9683759495 -0.885231311332 -0.465151078077 -1.79429257803e-16 17.2959454194 -1.08409569193e-16 -1.79429257803e-16 1 -8.48056008884e-05
-0.483587948575 0.875295776291 1.07192817074e-16 28.3206933416 -0.875295776291 -0.483587948575 -1.81687123248e-16 17.1065604555 -1.07192817074e-16 -1.81687123248e-16 1 -8.58463015181e-05
-0.501812701416 0.864976307593 1.05929046643e-16 28.6689672934 -0.864976307593 -0.501812701416 -1.83919011771e-16 16.9098386609 -1.05929046643e-16 -1.83919011771e-16 1 -8.68740546709e-05
-0.519817342621 0.854277431699 1.04618812231e-16 29.0130450363 -0.854277431699 -0.519817342621 -1.86123944393e-16 16.7058663208 -1.04618812231e-16 -1.86123944393e-16 1 -8.78896944316e-05
-0.537593974759 0.84320384149 1.03262688551e-16 29.3527756538 -0.84320384149 -0.537593974759 -1.88300953958e-16 16.4947329068 -1.03262688551e-16 -1.88300953958e-16 1 -8.88897271034e-05
-0.555134800412 0.831760394207 1.01861270442e-16 29.6880101243 -0.831760394207 -0.555134800412 -1.90449085557e-16 16.2765310271 -1.01861270442e-16 -1.90449085557e-16 1 -8.98769880342e-05
-0.572432125595 0.819952109326 1.00415172614e-16 30.0186014038 -0.819952109326 -0.572432125595 -1.92567396949e-16 16.0513563932 -1.00415172614e-16 -1.92567396949e-16 1 -9.08504766555e-05
-0.589478363128 0.807784166349 9.89250293721e-17 30.3444044874 -0.807784166349 -0.589478363128 -1.94654958972e-16 15.8193077732 -9.89250293721e-17 -1.94654958972e-16 1 -9.18096036244e-05
-0.606266035968 0.79526190254 9.73914943429e-17 30.665276462 -0.79526190254 -0.606266035968 -1.96710855953e-16 15.5804869496 -9.73914943429e-17 -1.96710855953e-16 1 -9.27518737894e-05
-0.622787780488 0.782390810577 9.58152401855e-17 30.9810765862 -0.782390810577 -0.622787780488 -1.98734186107e-16 15.3349986789 -9.58152401855e-17 -1.98734186107e-16 1 -9.36803770051e-05
-0.639036349704 0.769176536146 9.4196958297e-17 31.2916663388 -0.769176536146 -0.639036349704 -2.00724061935e-16 15.0829506363 -9.4196958297e-17 -2.00724061935e-16 1 -9.45905407779e-05
-0.655004616457 0.755624875464 9.25373585093e-17 31.5969094882 -0.755624875464 -0.655004616457 -2.02679610612e-16 14.8244533823 -9.25373585093e-17 -2.02679610612e-16 1 -9.5486865975e-05
-0.670685576537 0.741741772739 9.08371687778e-17 31.8966721399 -0.741741772739 -0.670685576537 -2.04599974369e-16 14.5596202985 -9.08371687778e-17 -2.04599974369e-16 1 -9.63635231193e-05
-0.686072351756 0.727533317557 8.90971348619e-17 32.1908228132 -0.727533317557 -0.686072351756 -2.06484310871e-16 14.2885675503 -8.90971348619e-17 -2.06484310871e-16 1 -9.7225544013e-05
-0.701158192967 0.713005742217 8.7318019998e-17 32.4792324801 -0.713005742217 -0.701158192967 -2.08331793586e-16 14.0114140308 -8.7318019998e-17 -2.08331793586e-16 1 -9.80689816226e-05
-0.715936483022 0.698165418994 8.55006045646e-17 32.7617746365 -0.698165418994 -0.715936483022 -2.10141612147e-16 13.7282813067 -8.55006045646e-17 -2.10141612147e-16 1 -9.88944711526e-05
-0.730400739673 0.683018857343 8.36456857402e-17 33.0383253526 -0.683018857343 -0.730400739673 -2.11912972708e-16 13.439293568 -8.36456857402e-17 -2.11912972708e-16 1 -9.97018098605e-05
-0.744544618419 0.667572701047 8.17540771535e-17 33.3087633193 -0.667572701047 -0.744544618419 -2.13645098292e-16 13.1445775775 -8.17540771535e-17 -2.13645098292e-16 1 -0.000100489705546
-0.758361915289 0.651833725301 7.98266085266e-17 33.5729699187 -0.651833725301 -0.758361915289 -2.1533722913e-16 12.8442626041 -7.98266085266e-17 -2.1533722913e-16 1 -0.000101259761101
-0.771846569558 0.63580883374 7.78641253109e-17 33.8308292573 -0.63580883374 -0.771846569558 -2.16988622999e-16 12.5384803744 -7.78641253109e-17 -2.16988622999e-16 1 -0.000102011358016
-0.784992666412 0.619505055411 7.58674883164e-17 34.0822282301 -0.619505055411 -0.784992666412 -2.18598555542e-16 12.227365016 -7.58674883164e-17 -2.18598555542e-16 1 -0.000102741114944
-0.797794439538 0.602929541689 7.38375733341e-17 34.3270565677 -0.602929541689 -0.797794439538 -2.20166320591e-16 11.911052994 -7.38375733341e-17 -2.20166320591e-16 1 -0.000103451759442
-0.810246273656 0.586089563144 7.17752707518e-17 34.5652068786 -0.586089563144 -0.810246273656 -2.2169123047e-16 11.5896830523 -7.17752707518e-17 -2.2169123047e-16 1 -0.000104142349678
-0.82234270698 0.568992506345 6.96814851635e-17 34.796574702 -0.568992506345 -0.82234270698 -2.23172616305e-16 11.2633961533 -6.96814851635e-17 -2.23172616305e-16 1 -0.000104813430323
-0.834078433613 0.551645870629 6.75571349728e-17 35.0210585534 -0.551645870629 -0.834078433613 -2.24609828311e-16 10.9323354166 -6.75571349728e-17 -2.24609828311e-16 1 -0.000105462309721
-0.845448305879 0.534057264801 6.540315199e-17 35.2385599658 -0.534057264801 -0.845448305879 -2.26002236079e-16 10.5966460581 -6.540315199e-17 -2.26002236079e-16 1 -0.000106089682614
-0.856447336576 0.516234403806 6.3220481023e-17 35.4489835349 -0.516234403806 -0.856447336576 -2.27349228852e-16 10.2564753198 -6.3220481023e-17 -2.27349228852e-16 1 -0.000106696902128
-0.867070701164 0.49818510534 6.10100794637e-17 35.6522369653 -0.49818510534 -0.867070701164 -2.28650215796e-16 9.91197241271 -6.10100794637e-17 -2.28650215796e-16 1 -0.00010728108807
-0.877313739887 0.479917286421 5.87729168671e-17 35.8482310999 -0.479917286421 -0.877313739887 -2.29904626255e-16 9.56328844473 -5.87729168671e-17 -2.29904626255e-16 1 -0.000107844830371
-0.887171959807 0.461438959919 5.65099745267e-17 36.0368799703 -0.461438959919 -0.887171959807 -2.31111910002e-16 9.21057636097 -5.65099745267e-17 -2.31111910002e-16 1 -0.000108385500974
-0.896641036785 0.442758231039 5.42222450438e-17 36.2181008284 -0.442758231039 -0.896641036785 -2.32271537483e-16 8.85399087312 -5.42222450438e-17 -2.32271537483e-16 1 -0.000108904992632
-0.90571681737 0.423883293765 5.19107318922e-17 36.3918141854 -0.423883293765 -0.90571681737 -2.33383000047e-16 8.49368838963 -5.19107318922e-17 -2.33383000047e-16 1 -0.000109400087931
-0.914395320624 0.404822427269 4.95764489779e-17 36.5579438446 -0.404822427269 -0.914395320624 -2.34445810171e-16 8.12982695213 -4.95764489779e-17 -2.34445810171e-16 1 -0.000109873890883
-0.92267273987 0.385583992278 4.72204201945e-17 36.7164169353 -0.385583992278 -0.92267273987 -2.35459501669e-16 7.7625661581 -4.72204201945e-17 -2.35459501669e-16 1 -0.00011032383332
-0.930545444357 0.366176427403 4.48436789742e-17 36.8671639474 -0.366176427403 -0.930545444357 -2.36423629904e-16 7.3920671055 -4.48436789742e-17 -2.36423629904e-16 1 -0.000110750519271
-0.938009980858 0.346608245445 4.24472678342e-17 37.0101187561 -0.346608245445 -0.938009980858 -2.37337771977e-16 7.0184923026 -4.24472678342e-17 -2.37337771977e-16 1 -0.000111154008717
-0.94506307518 0.326888029655 4.00322379197e-17 37.145218656 -0.326888029655 -0.94506307518 -2.38201526916e-16 6.64200561422 -4.00322379197e-17 -2.38201526916e-16 1 -0.000111533967922
-0.951701633602 0.307024429972 3.75996485425e-17 37.2724043901 -0.307024429972 -0.951701633602 -2.39014515848e-16 6.26277217834 -3.75996485425e-17 -2.39014515848e-16 1 -0.000111890579216
-0.957922744234 0.287026159226 3.51505667168e-17 37.391620168 -0.287026159226 -0.957922744234 -2.3977638217e-16 5.8809583391 -3.51505667168e-17 -2.3977638217e-16 1 -0.000112221997087
-0.96372367829 0.266901989321 3.26860666907e-17 37.5028136988 -0.266901989321 -0.96372367829 -2.40486791703e-16 5.4967315719 -3.26860666907e-17 -2.40486791703e-16 1 -0.000112530025145
-0.96910189129 0.246660747381 3.02072294756e-17 37.6059362078 -0.246660747381 -0.96910189129 -2.41145432836e-16 5.11026041072 -3.02072294756e-17 -2.41145432836e-16 1 -0.00011281460325
-0.974055024171 0.226311311886 2.77151423712e-17 37.7009424663 -0.226311311886 -0.974055024171 -2.41752016669e-16 4.72171437695 -2.77151423712e-17 -2.41752016669e-16 1 -0.000113074132932
-0.978580904325 0.20586260877 2.52108984894e-17 37.7877907934 -0.20586260877 -0.978580904325 -2.42306277134e-16 4.33126389512 -2.52108984894e-17 -2.42306277134e-16 1 -0.000113308552333
-0.982677546553 0.18532360751 2.26955962743e-17 37.8664431007 -0.18532360751 -0.982677546553 -2.42807971113e-16 3.93908023472 -2.26955962743e-17 -2.42807971113e-16 1 -0.00011352029693
-0.986343153931 0.16470331719 2.01703390206e-17 37.9368648872 -0.16470331719 -0.986343153931 -2.43256878547e-16 3.54533541554 -2.01703390206e-17 -2.43256878547e-16 1 -0.00011370688159
-0.989576118603 0.144010782552 1.76362343896e-17 37.9990252604 -0.144010782552 -0.989576118603 -2.43652802531e-16 3.15020215079 -1.76362343896e-17 -2.43652802531e-16 1 -0.000113867446436
-0.992375022483 0.123255080026 1.50943939232e-17 38.0528969555 -0.123255080026 -0.992375022483 -2.43995569398e-16 2.75385375407 -1.50943939232e-17 -2.43995569398e-16 1 -0.000114004124377
-0.99473863788 0.102445313747 1.25459325568e-17 38.0984563462 -0.102445313747 -0.99473863788 -2.44285028802e-16 2.35646408154 -1.25459325568e-17 -2.44285028802e-16 1 -0.000114115619881
-0.996665928034 0.0815906115683 9.99196812976e-18 38.1356834419 -0.0815906115683 -0.996665928034 -2.44521053773e-16 1.9582074389 -9.99196812976e-18 -2.44521053773e-16 1 -0.00011420386538
-0.998156047572 0.0607001210506 7.43362089524e-18 38.1645619192 -0.0607001210506 -0.998156047572 -2.44703540786e-16 1.55925851621 -7.43362089524e-18 -2.44703540786e-16 1 -0.000114265533056
-0.999208342878 0.0397830054536 4.87201302892e-18 38.1850791066 -0.0397830054536 -0.999208342878 -2.44832409793e-16 1.15979230362 -4.87201302892e-18 -2.44832409793e-16 1 -0.0001143029793
