0.999999999999 -9.999995e-07 1.0000005e-06 9.98727789704e-07 1.0000005e-06 0.999999999999 -9.999995e-07 9.99819357029e-07 -9.999995e-07 1.0000005e-06 0.999999999999 1.00028908918e-06
1 -1.68791904396e-10 3.09478810301e-11 1.27979362168e-12 1.68791903315e-10 1 3.4903745426e-08 2.24975997054e-07 -3.09478869216e-11 -3.4903745426e-08 1 4.98490185279e-13
1 -1.53258334895e-08 2.17341501292e-11 -5.65823475769e-07 1.53258334909e-08 1 -6.39144639704e-08 0.637894040634 -2.17331705868e-11 6.39144639708e-08 1 3.86340965354e-07
1 -1.03422684049e-07 -1.97903309173e-07 -2.23016844611e-07 1.03489363284e-07 0.99999994323 0.00033695801388 1.18331633289 1.97868448836e-07 -0.000336958013901 0.99999994323 4.12137463479e-05
1 -2.27544643598e-07 -2.23237825026e-07 -1.08995412874e-07 2.27665390856e-07 0.999999853638 0.000541039862765 1.70588573915 2.2311468163e-07 -0.000541039862815 0.999999853638 -2.6214552199e-05
1 -2.52686872829e-07 -1.90801241135e-07 -8.08683853069e-08 2.52815217259e-07 0.999999773562 0.000672960234316 2.21917300018 1.90631149714e-07 -0.000672960234364 0.999999773562 -0.000102415441705
1 -2.27559826734e-07 -1.46379493611e-07 -7.14153363103e-08 2.27673948686e-07 0.999999695719 0.000780103765739 2.72775560282 1.46201928793e-07 -0.000780103765772 0.999999695719 -0.000177619227571
1 -1.85636562855e-07 -1.0329980819e-07 -6.35320209678e-08 1.85726256919e-07 0.999999622448 0.000868967264499 3.23362100334 1.03138457093e-07 -0.000868967264518 0.999999622448 -0.000253434339779
1 -1.42082339161e-07 -6.54633403807e-08 -5.40815818773e-08 1.4214355128e-07 0.999999561942 0.000936010270767 3.73777805718 6.53303211753e-08 -0.000936010270776 0.999999561942 -0.000328124788166
1 -1.03267543621e-07 -3.39873586308e-08 -4.37611937437e-08 1.03300744669e-07 0.999999521446 0.000978318682553 4.24079696881 3.38863137988e-08 -0.000978318682557 0.999999521446 -0.00039780884592
1 -7.09777726811e-08 -9.03367592127e-09 -3.32606940092e-08 7.09867312781e-08 0.999999504407 0.000995582875525 4.74302621812 8.96300718922e-09 -0.000995582875526 0.999999504407 -0.000458567444707
1 -4.53837895356e-08 9.76056881009e-09 -2.33876411047e-08 4.53741074843e-08 0.999999510268 0.000989678529479 5.2446915833 -9.80547939212e-09 -0.000989678529478 0.999999510268 -0.000507506182603
1 -2.5847431112e-08 2.30359248067e-08 -1.46513216752e-08 2.58252161152e-08 0.999999535504 0.000963841949825 5.74594592173 -2.3060826945e-08 -0.000963841949824 0.999999535504 -0.000543051484642
1 -1.14549284385e-08 3.15763044558e-08 -7.30718999684e-09 1.14258117754e-08 0.999999575003 0.000921950661787 6.24689620396 -3.15868519148e-08 -0.000921950661787 0.999999575003 -0.000564853149194
1 -1.16941092149e-09 3.62070843927e-08 -1.24942477983e-09 1.13798263691e-09 0.999999623286 0.000868002618066 6.74761916489 -3.62080858047e-08 -0.000868002618066 0.999999623286 -0.000573529537487
1 5.79270261346e-09 3.77536294623e-08 3.47192735667e-09 -5.82312169196e-09 0.999999675363 0.000805775747988 7.24817087109 -3.77489495868e-08 -0.000805775747988 0.999999675363 -0.000570377251394
1 1.00877375482e-08 3.69806576075e-08 6.81000634338e-09 -1.01150497461e-08 0.999999727214 0.000738628013456 7.74859284906 -3.69731964342e-08 -0.000738628013457 0.999999727214 -0.000557102895334
1 1.252628407e-08 3.45463871421e-08 9.25951509626e-09 -1.25494065906e-08 0.999999775952 0.000669399292334 8.24891616363 -3.45379943164e-08 -0.000669399292335 0.999999775952 -0.000535598475614
1 1.34389153627e-08 3.10319588398e-08 1.06788915665e-08 -1.34575441175e-08 0.999999819768 0.000600386749344 8.74916422451 -3.10238847002e-08 -0.000600386749344 0.999999819768 -0.000507774338936
1 1.33740167509e-08 2.69020964981e-08 1.14882536448e-08 -1.33883635269e-08 0.99999985776 0.000533366547167 9.24935476653 -2.68949594184e-08 -0.000533366547167 0.99999985776 -0.000475442148519
1 1.24824946235e-08 2.25345301276e-08 1.15002285674e-08 -1.24930763891e-08 0.999999889719 0.000469641131446 9.7495012763 -2.25286653495e-08 -0.000469641131446 0.999999889719 -0.000440235125864
1 1.11537110343e-08 1.82083811453e-08 1.10848002681e-08 -1.11611774183e-08 0.999999915908 0.00041010356137 10.2496140398 -1.82038054375e-08 -0.00041010356137 0.999999915908 -0.000403569541482
1 9.56508916466e-09 1.41253327977e-08 1.03213519248e-08 -9.57010735945e-09 0.999999936879 0.000355304800148 10.7497009165 -1.4121933384e-08 -0.000355304800148 0.999999936879 -0.000366627991552
1 7.93656322987e-09 1.04197204425e-08 9.45929712635e-09 -7.93974628953e-09 0.999999953329 0.000305519719652 11.2497679201 -1.04172951796e-08 -0.000305519719652 0.999999953329 -0.000330361635081
1 6.25794052721e-09 7.17185415913e-09 8.33956167411e-09 -6.2598107921e-09 0.99999996599 0.000260808109833 11.7498196566 -7.17022179357e-09 -0.000260808109833 0.99999996599 -0.000295505401507
1 4.71314439286e-09 4.41876041333e-09 7.23777596621e-09 -4.71412112332e-09 0.999999975565 0.000221067797092 12.2498596565 -4.4177183809e-09 -0.000221067797092 0.999999975565 -0.000262598963225
1 3.31035499342e-09 2.16082153163e-09 6.12551249164e-09 -3.31075702198e-09 0.999999982687 0.000186080095062 12.7498906266 -2.16020550305e-09 -0.000186080095062 0.999999982687 -0.000232012029746
1 2.06820067272e-09 3.75605128531e-10 5.01423528553e-09 -2.06825907219e-09 0.999999987902 0.000155547643676 13.2499146434 -3.75283420246e-10 -0.000155547643676 0.999999987902 -0.000203971677563
1 1.0072464366e-09 -9.76140072204e-10 3.94069458489e-09 -1.00712038459e-09 0.999999991663 0.000129124513505 13.7499333003 9.76270124272e-10 -0.000129124513505 0.999999991663 -0.000178588036691
1 1.9684206679e-10 -1.9439378198e-09 3.07408158266e-09 -1.96635154192e-10 0.999999994335 0.000106439352686 14.2499478206 1.94395876053e-09 -0.000106439352686 0.999999994335 -0.000155876929972
1 -4.12468681968e-10 -2.5848335127e-09 2.35647180501e-09 4.12693855245e-10 0.999999996206 8.71138667415e-05 14.7499591436 2.58479757115e-09 -8.71138667415e-05 0.999999996206 -0.000135782627211
1 -8.72715602772e-10 -2.95466984627e-09 1.71699510296e-09 8.7292471932e-10 0.999999997495 7.07756684326e-05 15.2499679911 2.95460807184e-09 -7.07756684326e-05 0.999999997495 -0.000118195403463
1 -1.19990889759e-09 -3.10626918998e-09 1.15572279521e-09 1.20008616539e-09 0.999999998372 5.7068380819e-05 15.7499749184 3.10620070806e-09 -5.7068380819e-05 0.999999998372 -0.000102969376307
1 -1.44680878762e-09 -3.08971787724e-09 5.90284769439e-10 1.44694985264e-09 0.999999998958 4.56567655845e-05 16.249980353 3.08965181741e-09 -4.56567655845e-05 0.999999998958 -8.99323791597e-05
1 -1.51752773435e-09 -2.94729773635e-09 2.62016648352e-10 1.51763452089e-09 0.999999999344 3.62323557785e-05 16.7499846245 2.94724275081e-09 -3.62323557785e-05 0.999999999344 -7.89015442346e-05
1 -1.58904126653e-09 -2.7224593126e-09 -1.65503814833e-10 1.58911889199e-09 0.999999999593 2.85132302322e-05 17.2499879876 2.7224140028e-09 -2.85132302322e-05 0.999999999593 -6.96854522312e-05
1 -1.55815597819e-09 -2.44249817596e-09 -4.56316926129e-10 1.55821031602e-09 0.999999999753 2.22469836722e-05 17.7499906389 2.44246351108e-09 -2.22469836722e-05 0.999999999753 -6.20971834179e-05
1 -1.47171637594e-09 -2.13608675278e-09 -6.73355228226e-10 1.47175313434e-09 0.999999999852 1.72083876665e-05 18.2499927317 2.1360614266e-09 -1.72083876665e-05 0.999999999852 -5.59538354897e-05
1 -1.27740498034e-09 -1.82260939301e-09 -6.68540621484e-10 1.27742903788e-09 0.999999999913 1.3199565827e-05 18.7499943845 1.82259253166e-09 -1.3199565827e-05 0.999999999913 -5.10835178444e-05
1 -1.15025426504e-09 -1.52117864114e-09 -7.89198055304e-10 1.15026954852e-09 0.99999999995 1.00471680293e-05 19.2499956898 1.52116708426e-09 -1.00471680293e-05 0.99999999995 -4.73241851223e-05
1 -9.81972690997e-10 -1.23694718042e-09 -8.05565808859e-10 9.81982094241e-10 0.999999999971 7.60199991262e-06 19.7499967202 1.23693971543e-09 -7.60199991262e-06 0.999999999971 -4.45294239162e-05
1 -8.11705109592e-10 -9.79287654611e-10 -7.82680217529e-10 8.1171072642e-10 0.999999999984 5.73564030282e-06 20.2499975325 9.79282998946e-10 -5.73564030282e-06 0.999999999984 -4.25654336926e-05
1 -6.63959433832e-10 -7.52252908965e-10 -7.67568406249e-10 6.63962697755e-10 0.999999999991 4.33887272764e-06 20.7499981717 7.52250028123e-10 -4.33887272764e-06 0.999999999991 -4.13126211142e-05
1 -4.89664865531e-10 -5.56091156689e-10 -6.50038943491e-10 4.89666711449e-10 0.999999999994 3.31945815408e-06 21.2499986726 5.56089531264e-10 -3.31945815408e-06 0.999999999994 -4.0664876006e-05
1 -3.8923856671e-10 -3.93096739074e-10 -6.4236328071e-10 3.89239588833e-10 0.999999999997 2.60018332133e-06 21.7499990638 3.93095726981e-10 -2.60018332133e-06 0.999999999997 -4.05292309145e-05
1 -2.78769615021e-10 -2.58207097035e-10 -5.77366365422e-10 2.78770161637e-10 0.999999999998 2.11696991215e-06 22.2499993673 2.58206506888e-10 -2.11696991215e-06 0.999999999998 -4.08249900142e-05
1 -1.85188953126e-10 -1.50884850025e-10 -5.09271267783e-10 1.85189227255e-10 0.999999999998 1.81681271671e-06 22.7499996013 1.50884513571e-10 -1.81681271671e-06 0.999999999998 -4.14819483641e-05
1 -1.23421393166e-10 -6.81238614896e-11 -4.75960863795e-10 1.23421506023e-10 0.999999999999 1.65665711697e-06 23.2499997797 6.81236570226e-11 -1.65665711697e-06 0.999999999999 -4.24407024743e-05
1 -9.98054239357e-11 -6.21143483112e-12 -5.02904192341e-10 9.98054338838e-11 0.999999999999 1.60159869492e-06 23.7499999139 6.21127498288e-12 -1.60159869492e-06 0.999999999999 -4.36506527367e-05
1 -2.93113573767e-11 3.96547234753e-11 -4.1073863535e-10 2.93112929881e-11 0.999999999999 1.62373160389e-06 24.2500000133 -3.9654771069e-11 -1.62373160389e-06 0.999999999999 -4.50693956794e-05
1 -6.10387506107e-11 6.84368215935e-11 -5.20871120952e-10 6.10386342249e-11 0.999999999999 1.70063060403e-06 24.7500000847 -6.84369253978e-11 -1.70063060403e-06 0.999999999999 -4.66605458778e-05
1 -5.57436222547e-11 8.83998039585e-11 -5.56494731984e-10 5.57434617824e-11 0.999999999998 1.81530123176e-06 25.2500001348 -8.83999051499e-11 -1.81530123176e-06 0.999999999998 -4.83956627131e-05
1 1.85569271057e-11 9.98930783406e-11 -4.31240922451e-10 -1.85571223183e-11 0.999999999998 1.95421608882e-06 25.7500001679 -9.98930420762e-11 -1.95421608882e-06 0.999999999998 -5.02501753278e-05
1 3.71619882475e-11 1.01733965841e-10 -4.01395747657e-10 -3.71622026271e-11 0.999999999998 2.10725712289e-06 26.2500001881 -1.01733887531e-10 -2.10725712289e-06 0.999999999998 -5.2204547653e-05
1 6.31868228399e-12 9.89348514037e-11 -4.73726367804e-10 -6.31890656988e-12 0.999999999997 2.26700610568e-06 26.750000198 -9.8934837079e-11 -2.26700610568e-06 0.999999999997 -5.42433555371e-05
1 1.98377355167e-11 9.51778603249e-11 -4.54691646089e-10 -1.98379666072e-11 0.999999999997 2.42798638802e-06 27.2500002006 -9.51778121588e-11 -2.42798638802e-06 0.999999999997 -5.63540671478e-05
1 3.1370958371e-11 8.86571298362e-11 -4.33397228189e-10 -3.13711876549e-11 0.999999999997 2.58618728596e-06 27.7500001976 -8.86570487047e-11 -2.58618728596e-06 0.999999999997 -5.85263126754e-05
1 2.54491401e-11 8.05830565385e-11 -4.45847147893e-10 -2.5449360823e-11 0.999999999996 2.73907561954e-06 28.2500001907 -8.05829868311e-11 -2.73907561954e-06 0.999999999996 -6.07524939736e-05
1 -5.33984760154e-12 7.22139967432e-11 -5.16257828474e-10 5.33963925573e-12 0.999999999996 2.88511646808e-06 28.7500001809 -7.22140121489e-11 -2.88511646808e-06 0.999999999996 -6.30268904541e-05
1 2.26262552765e-11 6.55875741743e-11 -4.6452946331e-10 -2.2626453574e-11 0.999999999995 3.02340118843e-06 29.2500001696 -6.55875057657e-11 -3.02340118843e-06 0.999999999995 -6.53449806836e-05
1 5.56928700802e-11 5.81058729748e-11 -3.89874313404e-10 -5.56930533254e-11 0.999999999995 3.15364760491e-06 29.7500001571 -5.81056973388e-11 -3.15364760491e-06 0.999999999995 -6.77036141464e-05
1 8.48565995268e-11 5.06390157179e-11 -3.09509909428e-10 -8.48567654198e-11 0.999999999995 3.27600065123e-06 30.2500001441 -5.06387377273e-11 -3.27600065123e-06 0.999999999995 -7.01007400796e-05
1 8.21814252018e-11 4.34940431597e-11 -2.87713036813e-10 -8.21815726744e-11 0.999999999994 3.39064975185e-06 30.750000131 -4.34937645111e-11 -3.39064975185e-06 0.999999999994 -7.25343895384e-05
1 5.71982627674e-11 3.77801255463e-11 -3.15281780733e-10 -5.7198394929e-11 0.999999999994 3.49818792461e-06 31.2500001182 -3.77799254558e-11 -3.49818792461e-06 0.999999999994 -7.5003837415e-05
1 -5.28793885742e-12 3.327147996e-11 -4.36991771603e-10 5.28781911141e-12 0.999999999994 3.59905781713e-06 31.7500001059 -3.32714989913e-11 -3.59905781713e-06 0.999999999994 -7.75080393565e-05
1 -2.49018184426e-11 3.13503966273e-11 -4.86384348919e-10 2.49017026331e-11 0.999999999993 3.69403270949e-06 32.250000094 -3.13504886152e-11 -3.69403270949e-06 0.999999999993 -8.00470442053e-05
1 -2.11434235419e-11 2.95508374063e-11 -4.92612385018e-10 2.11433117276e-11 0.999999999993 3.78378824484e-06 32.750000083 -2.95509174083e-11 -3.78378824484e-06 0.999999999993 -8.26208835105e-05
1 -3.04505677426e-11 2.72094369767e-11 -5.29671195659e-10 3.04504624739e-11 0.999999999993 3.86882242148e-06 33.2500000729 -2.72095547844e-11 -3.86882242148e-06 0.999999999993 -8.5229255985e-05
1 2.41312798812e-11 2.63654207959e-11 -4.266330824e-10 -2.41313840223e-11 0.999999999992 3.94991662321e-06 33.7500000636 -2.63653254792e-11 -3.94991662321e-06 0.999999999992 -8.78728778729e-05
1 2.18383838203e-11 2.35917879704e-11 -4.32618236656e-10 -2.18384788397e-11 0.999999999992 4.02765312591e-06 34.2500000552 -2.35917000128e-11 -4.02765312591e-06 0.999999999992 -9.05521221289e-05
1 3.40545619556e-11 2.25563897925e-11 -4.05982261403e-10 -3.40546544899e-11 0.999999999992 4.10236653269e-06 34.7500000475 -2.2556250088e-11 -4.10236653269e-06 0.999999999992 -9.3266806518e-05
1 4.98996829913e-11 2.19368555869e-11 -3.65581707961e-10 -4.98997745716e-11 0.999999999991 4.17474534313e-06 35.2500000405 -2.19366472682e-11 -4.17474534313e-06 0.999999999991 -9.60179405279e-05
1 3.97050768132e-11 2.11045721045e-11 -3.7727072494e-10 -3.97051664016e-11 0.999999999991 4.24499340509e-06 35.7500000341 -2.11044035565e-11 -4.24499340509e-06 0.999999999991 -9.88053045752e-05
1 2.57769047362e-14 2.0703357264e-11 -4.59462432741e-10 -2.58662068228e-14 0.999999999991 4.31341089389e-06 36.2500000286 -2.07033571526e-11 -4.31341089389e-06 0.999999999991 -0.000101629068313
1 2.87099993664e-11 2.2297704399e-11 -4.015459887e-10 -2.87100970456e-11 0.99999999999 4.38069438272e-06 36.7500000237 -2.2297578629e-11 -4.38069438272e-06 0.99999999999 -0.000104490685657
1 -1.74556015704e-11 2.12961333028e-11 -5.03775066656e-10 1.74555068705e-11 0.99999999999 4.44680567392e-06 37.2500000192 -2.12962109242e-11 -4.44680567392e-06 0.99999999999 -0.000107389611064
1 -3.25169491111e-11 2.22517960745e-11 -5.54348148244e-10 3.25168487096e-11 0.99999999999 4.51204660273e-06 37.7500000153 -2.22519427922e-11 -4.51204660273e-06 0.99999999999 -0.000110326357735
1 -4.29254599049e-11 2.29469758105e-11 -6.02526954735e-10 4.29253548876e-11 0.99999999999 4.57650036121e-06 38.2500000121 -2.29471722587e-11 -4.57650036121e-06 0.99999999999 -0.000113300891211
1 9.57172671516e-12 2.42438559851e-11 -5.13522308868e-10 -9.57183921866e-12 0.999999999989 4.64049952944e-06 38.750000009 -2.42438115673e-11 -4.64049952944e-06 0.999999999989 -0.000116313914304
1 4.85434446872e-12 2.29998084856e-11 -5.35442143846e-10 -4.85445266222e-12 0.999999999989 4.70410639418e-06 39.2500000063 -2.29997856499e-11 -4.70410639418e-06 0.999999999989 -0.000119365452624
1 3.76383897062e-11 2.33571550702e-11 -4.73486137664e-10 -3.76385010601e-11 0.999999999989 4.76746352265e-06 39.750000004 -2.33569756303e-11 -4.76746352265e-06 0.999999999989 -0.00012245582316
1 6.26491059921e-11 2.30073476946e-11 -4.15470085716e-10 -6.26492171296e-11 0.999999999988 4.83055067782e-06 40.250000002 -2.30070450646e-11 -4.83055067782e-06 0.999999999988 -0.000125584873816
1 5.40507785788e-11 2.22181190164e-11 -4.22416727878e-10 -5.40508872975e-11 0.999999999988 4.89327668902e-06 40.7500000001 -2.22178545307e-11 -4.89327668902e-06 0.999999999988 -0.000128752235032
1 3.42336858813e-11 2.21874316978e-11 -4.56551422392e-10 -3.42337958422e-11 0.999999999988 4.9560197344e-06 41.2499999985 -2.21872620347e-11 -4.9560197344e-06 0.999999999988 -0.000131958939798
1 5.70982452354e-11 2.32436055661e-11 -4.00075552957e-10 -5.70983618853e-11 0.999999999987 5.01861264867e-06 41.749999997 -2.32433190119e-11 -5.01861264867e-06 0.999999999987 -0.000135204477679
1 8.7514241359e-11 2.32384415316e-11 -3.16246977117e-10 -8.75143594367e-11 0.999999999987 5.0811881161e-06 42.2499999956 -2.32379968549e-11 -5.0811881161e-06 0.999999999987 -0.000138489186519
1 3.00900066078e-11 2.13826704264e-11 -4.19144128729e-10 -3.00901165948e-11 0.999999999987 5.14376077829e-06 42.7499999942 -2.13825156504e-11 -5.14376077829e-06 0.999999999987 -0.000141813106379
1 5.96550672532e-11 2.28981417535e-11 -3.45235669691e-10 -5.96551864631e-11 0.999999999986 5.20613221579e-06 43.2499999932 -2.28978311811e-11 -5.20613221579e-06 0.999999999986 -0.000145175665603
1 4.79860838775e-11 2.21354538745e-11 -3.53524110813e-10 -4.79862004979e-11 0.999999999986 5.2685189855e-06 43.7499999924 -2.21352010586e-11 -5.2685189855e-06 0.999999999986 -0.000148577443944
1 -1.86541938055e-12 2.14125762555e-11 -4.53311529754e-10 1.86530522978e-12 0.999999999986 5.33101363494e-06 44.2499999914 -2.14125861998e-11 -5.33101363494e-06 0.999999999986 -0.000152018697605
1 -1.03255178186e-11 2.25457898076e-11 -4.79499593461e-10 1.03253962174e-11 0.999999999985 5.39351516891e-06 44.7499999905 -2.25458454982e-11 -5.39351516891e-06 0.999999999985 -0.000155499156983
1 2.70771197468e-12 2.3267507323e-11 -4.62142568837e-10 -2.70783892638e-12 0.999999999985 5.45618146962e-06 45.2499999896 -2.32674925489e-11 -5.45618146962e-06 0.999999999985 -0.00015901931658
1 1.21493985343e-11 2.31508864477e-11 -4.49591290394e-10 -1.21495263007e-11 0.999999999985 5.51886426132e-06 45.749999989 -2.31508193965e-11 -5.51886426132e-06 0.999999999985 -0.000162578814779
1 -1.92864814699e-11 2.24509414918e-11 -5.27834941015e-10 1.92863561607e-11 0.999999999984 5.58145211333e-06 46.2499999882 -2.2451049138e-11 -5.58145211333e-06 0.999999999984 -0.000166177299358
1 1.03984801688e-11 2.38219373947e-11 -4.80428048859e-10 -1.03986146235e-11 0.999999999984 5.64415898172e-06 46.7499999874 -2.38218787037e-11 -5.64415898172e-06 0.999999999984 -0.000169815400099
1 5.80449269319e-11 2.42019925413e-11 -3.81317661589e-10 -5.80450650482e-11 0.999999999984 5.70685234853e-06 47.2499999869 -2.42016612871e-11 -5.70685234853e-06 0.999999999984 -0.000173492780943
1 8.51415241366e-11 2.34156470265e-11 -3.09437054999e-10 -8.51416592319e-11 0.999999999983 5.76950485895e-06 47.7499999863 -2.34151558017e-11 -5.76950485895e-06 0.999999999983 -0.000177209344046
1 8.24114238895e-11 2.25541018688e-11 -2.92681560828e-10 -8.24115554285e-11 0.999999999983 5.83221789161e-06 48.2499999854 -2.25536212271e-11 -5.83221789161e-06 0.999999999983 -0.000180965359083
1 4.71710935445e-11 2.21999289853e-11 -3.48975189178e-10 -4.71712244083e-11 0.999999999983 5.89482277023e-06 48.7499999848 -2.21996509197e-11 -5.89482277023e-06 0.999999999983 -0.000184760354095
1 -7.57183076407e-12 2.2720151504e-11 -4.62881276631e-10 7.57169540609e-12 0.999999999982 5.95761166365e-06 49.2499999841 -2.27201966136e-11 -5.95761166365e-06 0.999999999982 -0.000188595173212
0.983170606263 0.182674070844 0.00239641854923 0.420134648753 -0.182674079557 0.983173501232 -0.000217103035733 49.7499997947 -0.0023957543108 -0.000224314229451 0.999997105018 -0.000190788078101
0.965287963057 0.261141701219 -0.00491530884203 0.695845550796 -0.261170473072 0.965270154035 -0.00659649338047 50.2421815634 0.00302198141962 0.00765124919412 0.999966162435 0.00451867075166
0.958749024301 0.284059591172 -0.0105098556249 0.875584289621 -0.284150004001 0.958742929269 -0.00841253843561 50.7320563496 0.00768658753923 0.0110518885349 0.99990938196 0.00723114499559
0.961914448407 0.273084967575 -0.012049665191 0.987919369771 -0.273171727863 0.961945101318 -0.00623130385726 51.2261332196 0.0098894409912 0.00928560907311 0.999907983977 0.00674138077966
0.970943313561 0.239041179907 -0.0113312029021 1.05077351142 -0.239088881758 0.970992924659 -0.00304086851789 51.7269718515 0.0102756250474 0.00566167558571 0.999931176111 0.0046384181195
0.999727603218 0.0207019342567 -0.0107772576317 0.673772519376 -0.0206764941262 0.999783175623 0.00246664391795 52.2700637583 0.0108259851597 -0.00224313610797 0.999938881325 -0.00126875689992
0.995497525522 -0.0947324981148 -0.00322962557724 0.419488320366 0.0946945156486 0.995452261351 -0.0103799844094 52.7863324849 0.00419825993768 0.0100274209648 0.999940910975 0.00595331272037
0.98711769891 -0.15992335708 0.00481335224393 0.238347858259 0.159986327052 0.986939584722 -0.0188316559052 53.2844656985 -0.00173886623302 0.0193591313901 0.999811082343 0.0129209601194
0.980681265827 -0.195391023554 0.00930606092568 0.10752528394 0.195544025596 0.980486679176 -0.0202090576938 53.774371541 -0.00517580030539 0.0216383888961 0.999752464972 0.0159708781925
0.978733957317 -0.204924400703 0.00926449086482 0.019268659652 0.205055385826 0.978609896885 -0.0165818714776 54.2629889034 -0.00566829237484 0.0181289744397 0.9998195891 0.014986421506
0.981140915163 -0.193179041478 0.00666052002019 -0.0337785227094 0.193242495498 0.981091940293 -0.0107676657877 54.7549164662 -0.00445449515414 0.0118516929752 0.999919844211 0.0114442985196
0.985849267869 -0.16758401577 0.00410106097041 -0.0607805035715 0.167604822538 0.985839457104 -0.00540261780173 55.2515303628 -0.00313759533374 0.00601352440058 0.999976996245 0.00751163280438
0.990758418021 -0.135609421983 0.00280031974189 -0.0705021956233 0.135615385162 0.990759414494 -0.00206152835367 55.7517125018 -0.00249488047943 0.00242224301076 0.999993954137 0.00471603584788
0.994731107295 -0.102484393189 0.00264070667951 -0.0693966523891 0.102486946162 0.994733986274 -0.000849951080569 56.2535647213 -0.00253969396116 0.00111611074281 0.999996152118 0.00336688991961
0.997456106427 -0.0712145349818 0.00313141468483 -0.0617214165834 0.0712178444874 0.997460325227 -0.000958239942909 56.7555474808 -0.00305522129802 0.00117881488653 0.999994637995 0.00299389351295
0.999045374307 -0.0435083394406 0.00391975434142 -0.0504549425266 0.0435143369975 0.999051738785 -0.00145798005395 57.2567907286 -0.00385260309932 0.00162715374009 0.999991254872 0.00297539682327
0.999781474071 -0.0203442363838 0.00480792584621 -0.0378485368351 0.0203527489504 0.99979136757 -0.00172827761817 57.7570231274 -0.00477176226855 0.00182575445242 0.999986948368 0.00286564491659
0.999981802735 -0.00214190179149 0.00563972117243 -0.0255591613887 0.00215055318563 0.999996519561 -0.00152839377279 58.2563856349 -0.00563642787437 0.00154049448054 0.999982928633 0.00246632935586
0.999918087385 0.0111678585403 0.00625279585573 -0.0146588488014 -0.0111624247956 0.999937290252 -0.000903236667135 58.7552206098 -0.0062624909638 0.000833366317155 0.999980043155 0.00178150990742
0.999778131171 0.0200331461576 0.00650857021738 -0.00569285111531 -0.0200332666569 0.999799312886 -4.66867255704e-05 59.2538926383 -0.0065081993132 -8.37115554786e-05 0.999978817943 0.000933614584535
0.999664071375 0.0251308922779 0.00633897903608 0.00119368953982 -0.0251365733565 0.999683691648 0.000818127823161 59.7526779158 -0.00631641368187 -0.000977193202152 0.999979573797 7.90315037092e-05
0.999612771819 0.0272231157238 0.0057626719115 0.00610835663879 -0.0272322803871 0.99962798026 0.00151788847599 60.2517265775 -0.00571920643016 -0.00167423140407 0.999982243656 -0.00065353993225
0.999622139291 0.0270537867081 0.00486531225234 0.00928970357325 -0.027063600671 0.999631786831 0.00196272132012 60.7510767801 -0.00481042173633 -0.00209365255279 0.999986238136 -0.00119210111484
0.999673021692 0.0252919023802 0.00376422311937 0.0110281545939 -0.0253000867083 0.999677605184 0.00214273345758 61.2506922853 -0.00370881574791 -0.00223726800152 0.999990619615 -0.00152172033098
0.999743340371 0.0225079986247 0.00257747599083 0.0116225118966 -0.0225134435004 0.999744327772 0.00210331883674 61.7505019599 -0.00252947550432 -0.0021608068598 0.999994466318 -0.00166834417874
0.999815274329 0.0191687542695 0.00140573028761 0.011357442724 -0.0191714298706 0.999814376839 0.00191523983014 62.2504300074 -0.00136875658984 -0.0019418358958 0.999997177885 -0.00167830090298
0.999877636068 0.0156399150195 0.000325499197131 0.010490859305 -0.0156404316232 0.999876319237 0.00165019020034 62.7504138335 -0.000299650104643 -0.00165507922452 0.99999858546 -0.00160129264131
0.999925470851 0.0121934231893 -0.000610879454599 0.00924606068799 -0.0121925796615 0.999924734631 0.00136604356413 63.250411027 0.000627490223804 -0.00135849355765 0.999998880375 -0.00147978957737
0.999958400203 0.00901742748122 -0.00137253972733 0.00780729153019 -0.00901591902081 0.999958749346 0.00110127670738 63.7503988182 0.00138241379202 -0.00108885618746 0.999998451661 -0.00134450918927
0.999978708281 0.00622842523473 -0.00194671626866 0.00631858615675 -0.00622672965675 0.999980230172 0.000875844562714 64.2503695556 0.00195213291479 -0.000863704238554 0.999997721593 -0.00121424392156
0.999989728049 0.00388457607972 -0.00233535104396 0.00488560339905 -0.0038829616213 0.999992219449 0.000695449993151 64.750325029 0.00233803440205 -0.000686374771047 0.999997031238 -0.0010981056127
0.999994746164 0.00199907825304 -0.00255173076149 0.00357971825499 -0.00199766372626 0.999997849672 0.000556768577917 65.2502714201 0.00255283829839 -0.000551668152765 0.999996589334 -0.000998607458796
0.999996422546 0.000552631648015 -0.00261715353773 0.00244342002915 -0.000551450265605 0.999999745754 0.000452099839436 65.7502156942 0.00261740271701 -0.000450654992056 0.99999647305 -0.000914557186329
0.99999660613 -0.000495667009429 -0.00255774152775 0.00149614833374 0.000496621987522 0.999999807213 0.000372746100681 66.2501635374 0.00255755627671 -0.00037401506631 0.999996659504 -0.000843257375962
0.999996397002 -0.00119930867801 -0.00240159136401 0.000739930624281 0.00120005900731 0.999999231564 0.000311013395166 66.7501185542 0.00240121651747 -0.000313894325934 0.99999706781 -0.000781890706657
0.99999632377 -0.00161727714305 -0.00217643314841 0.000164442605903 0.00161784911654 0.999998657203 0.000261068243431 67.2500823016 0.0021760080062 -0.000264588424131 0.999997597488 -0.000728196273951
0.999996544199 -0.00180874495481 -0.00190788693329 -0.000248682337986 0.00180916606962 0.999998339473 0.000219020405534 67.7500547511 0.00190748761314 -0.000222471332947 0.999998155997 -0.000680657855107
0.999997017271 -0.00182934527962 -0.00161831521787 -0.000522339852194 0.00182964312166 0.999998309533 0.000182583193436 68.2500348821 0.00161797847446 -0.000185543588147 0.999998673859 -0.000638406021417
0.99999762626 -0.00172877340222 -0.00132620361344 -0.000681211356429 0.00172897461413 0.999998493984 0.000150588748167 68.750021216 0.00132594128234 -0.000152881363089 0.999999109253 -0.000601013792357
0.999998252552 -0.00154946576617 -0.00104596823874 -0.000749720682836 0.00154959476158 0.999998791871 0.000122527169182 69.2500122105 0.00104577712342 -0.000124147781976 0.999999445469 -0.000568286120591
0.999998810166 -0.00132611998104 -0.000788081517166 -0.00075060865717 0.00132619776984 0.999999115778 9.81921581348e-05 69.7500064964 0.000787950605744 -9.92371932529e-05 0.999999684643 -0.00054009695509
0.999999254005 -0.00108583738222 -0.000559416689519 -0.000704030115284 0.00108588087788 0.999999407432 7.74539479344e-05 70.2500029843 0.000559332255634 -7.80613500401e-05 0.999999840527 -0.000516292655015
0.999999573709 -0.000848695980172 -0.00036372684084 -0.0006270758848 0.000848717909425 0.99999963803 6.01403354829e-05 70.7500008788 0.000363675668321 -6.04490113295e-05 0.999999932043 -0.000496646336596
0.999999781996 -0.00062859111551 -0.000202190940007 -0.000533625120002 0.000628600428142 0.999999801373 4.59983515513e-05 71.249999641 0.000202161985691 -4.61254388349e-05 0.999999978501 -0.00048085716451
0.999999902994 -0.000434212062983 -7.39749053383e-05 -0.000434440575281 0.000434214630918 0.999999905127 3.4701075153e-05 71.7499989293 7.39598306946e-05 -3.4733192773e-05 0.999999996662 -0.000468566733424
0.999999963266 -0.000270052974344 2.32306231857e-05 -0.000337429463078 0.000270052373199 0.999999963201 2.58765139246e-05 72.2499985394 -2.32376103604e-05 -2.58702394891e-05 0.999999999395 -0.000459385949082
0.999999986264 -0.000137384183609 9.27223255981e-05 -0.000248004005286 0.000137382409449 0.99999999038 1.91402128316e-05 72.7499983535 -9.27249542686e-05 -1.91274741521e-05 0.999999995518 -0.000452919886646
0.999999989811 -3.51344283533e-05 0.000138362509306 -0.000169488726326 3.51324745749e-05 0.999999999283 1.41231263998e-05 73.2499983045 -0.000138363005415 -1.41182652385e-05 0.999999990328 -0.00044878902055
0.99999998574 3.93433475629e-05 0.000164231759704 -0.000103537980767 -3.93450709231e-05 0.999999999171 1.04902470066e-05 73.7499983513 -0.000164231346846 -1.04967085673e-05 0.999999986459 -0.000446642646232
0.999999980782 8.96375223361e-05 0.000174357439594 -5.05308692117e-05 -8.96389098463e-05 0.999999995951 7.95005089371e-06 74.2499984656 -0.000174356726265 -7.96567995173e-06 0.999999984768 -0.000446165329262
0.999999977947 0.000119773775029 0.000172514389735 -9.92820001941e-06 -0.000119774856298 0.999999992807 6.25738454573e-06 74.7499986247 -0.000172513639024 -6.27804729397e-06 0.9999999851 -0.000447080066018
0.999999977907 0.000133834181631 0.000162090810808 1.94197419789e-05 -0.000133835028043 0.999999991031 5.21100087956e-06 75.2499988104 -0.000162090111944 -5.23269419265e-06 0.99999998685 -0.000449146644636
0.999999980135 0.000135686768938 0.000146010171477 3.90199160203e-05 -0.000135687449245 0.999999990784 4.64941696404e-06 75.7499990065 -0.000146009539267 -4.66922861941e-06 0.99999998933 -0.000452160860374
0.999999983678 0.000128808948722 0.000126698996851 5.0536367073e-05 -0.000128809512827 0.999999991694 4.44417332506e-06 76.2499991997 -0.00012669842335 -4.46049328859e-06 0.999999991964 -0.000455948397019
0.999999987623 0.000116188133318 0.000106090357501 5.5640534071e-05 -0.000116188610845 0.99999999324 4.49498202986e-06 76.7499993812 -0.00010608983452 -4.50730846548e-06 0.999999994362 -0.000460363993212
0.999999991304 0.000100281894748 8.56534301154e-05 5.59045995476e-05 -0.000100282299689 0.999999994961 4.72338510245e-06 77.2499995444 -8.56529560138e-05 -4.73197458432e-06 0.999999996321 -0.000465284594701
0.999999994346 8.30237122612e-05 6.64405812296e-05 5.27345294755e-05 -8.30240492528e-05 0.999999996541 5.06933300132e-06 77.749999686 -6.64401601249e-05 -5.07484913875e-06 0.99999999778 -0.000470609085829
0.999999996624 6.58587557015e-05 4.91445920372e-05 4.73318250158e-05 -6.58590254391e-05 0.999999997816 5.48705441583e-06 78.2499998051 -4.91442305593e-05 -5.49029101224e-06 0.999999998777 -0.000476253994372
0.999999998177 4.97997753805e-05 3.41601357382e-05 4.06803719765e-05 -4.97999784017e-05 0.999999998742 5.94239350218e-06 78.7499999021 -3.41598397654e-05 -5.94409466537e-06 0.999999999399 -0.000482151702576
0.999999999136 3.54926670131e-05 2.16448682546e-05 3.35497146355e-05 -3.54928057631e-05 0.99999999935 6.40994383692e-06 79.2499999787 -2.16446407345e-05 -6.41071206849e-06 0.999999999745 -0.000488246686399
0.999999999662 2.32858558003e-05 1.15768404979e-05 2.65119750588e-05 -2.3285935354e-05 0.999999999705 6.87171036937e-06 79.7500000372 -1.15766804809e-05 -6.87197994461e-06 0.999999999909 -0.000494495099308
0.999999999904 1.32967490432e-05 3.80596945093e-06 1.99645606771e-05 -1.32967768844e-05 0.999999999885 7.31520593191e-06 80.25000008 -3.80587218204e-06 -7.31525653834e-06 0.999999999966 -0.000500861910185
0.999999999983 5.47311022518e-06 -1.90164974232e-06 1.41577617199e-05 -5.47309552073e-06 0.999999999955 7.73238869694e-06 80.7500001096 1.90169206245e-06 -7.7323782889e-06 0.999999999968 -0.000507319927539
0.999999999983 -3.53483238291e-07 -5.82713726758e-06 9.22297147729e-06 3.53530547683e-07 0.999999999967 8.11880610739e-06 81.2500001284 5.82713439753e-06 -8.11880816733e-06 0.99999999995 -0.000513848964757
0.999999999956 -4.42286284229e-06 -8.26984243004e-06 5.19996414106e-06 4.42293290738e-06 0.999999999954 8.47236247578e-06 81.7500001382 8.26980495757e-06 -8.47239905236e-06 0.99999999993 -0.000520433543298
0.99999999993 -7.0106842902e-06 -9.52549683267e-06 2.06108700989e-06 7.0107680438e-06 0.999999999937 8.79256514339e-06 82.2500001411 9.52543519017e-06 -8.79263192383e-06 0.999999999916 -0.000527061663122
0.999999999916 -8.40062314177e-06 -9.87072409314e-06 -2.66335362006e-07 8.40071277312e-06 0.999999999923 9.08051761337e-06 82.7500001389 9.87064781037e-06 -9.08060053372e-06 0.99999999991 -0.000533725497861
0.999999999915 -8.86499344269e-06 -9.55303600762e-06 -1.88284192442e-06 8.86508264982e-06 0.999999999917 9.33809053926e-06 83.2500001322 9.55295322472e-06 -9.33817522692e-06 0.999999999911 -0.000540419517535
0.999999999924 -8.65130857677e-06 -8.78529183636e-06 -2.90201127901e-06 8.65139263149e-06 0.999999999917 9.56767145058e-06 83.7500001228 8.78520906275e-06 -9.56774745486e-06 0.999999999916 -0.000547140208019
0.999999999938 -7.97483807749e-06 -7.74370963724e-06 -3.44026401598e-06 7.97491374901e-06 0.99999999992 9.77201675215e-06 84.2500001113 7.74363170638e-06 -9.77207850696e-06 0.999999999922 -0.000553885842335
0.999999999954 -7.01475232e-06 -6.5685001659e-06 -3.60826609672e-06 7.01481770013e-06 0.999999999926 9.95361538518e-06 84.7500000986 6.56843034327e-06 -9.95366146155e-06 0.999999999929 -0.000560654772487
0.999999999968 -5.9141567854e-06 -5.36637946235e-06 -3.50633414174e-06 5.91421106816e-06 0.999999999931 1.01153830338e-05 85.2500000852 5.36631963802e-06 -1.01154147713e-05 0.999999999934 -0.000567447488379
0.99999999998 -4.78205708633e-06 -4.21424555652e-06 -3.22132006852e-06 4.78210032383e-06 0.999999999936 1.02598937556e-05 85.7500000717 4.21419649286e-06 -1.02599139083e-05 0.999999999938 -0.000574264452259
0.999999999988 -3.69685901392e-06 -3.16349440157e-06 -2.82530920503e-06 3.69689188099e-06 0.999999999939 1.03895405361e-05 86.2500000583 3.16345599271e-06 -1.03895522311e-05 0.999999999941 -0.000581106504591
0.999999999994 -2.7107203848e-06 -2.24454106526e-06 -2.37565844048e-06 2.71074396685e-06 0.999999999941 1.05064679505e-05 86.7500000451 2.24451258503e-06 -1.05064740348e-05 0.999999999942 -0.000587974580624
0.999999999997 -1.85409906769e-06 -1.47122532493e-06 -1.91567366498e-06 1.85411468093e-06 0.999999999942 1.0612469429e-05 87.2500000328 1.47120564827e-06 -1.06124721568e-05 0.999999999943 -0.000594869379682
0.999999999999 -1.14051957449e-06 -8.448905332e-07 -1.47646996398e-06 1.1405286229e-06 0.999999999942 1.07096449933e-05 87.7500000213 8.44878318592e-07 -1.07096459569e-05 0.999999999942 -0.000601793192094
1 -5.70774624891e-07 -3.57981216394e-07 -1.07867422171e-06 5.70778490837e-07 0.999999999942 1.07993922212e-05 88.2500000106 3.57975052354e-07 -1.07993924255e-05 0.999999999942 -0.00060874691302
1 -1.36638579131e-07 2.89664728208e-09 -7.34222832932e-07 1.36638547599e-07 0.999999999941 1.08828539315e-05 88.7500000008 -2.89813429961e-09 -1.08828539311e-05 0.999999999941 -0.000615731205311
1 1.76043890435e-07 2.54475167703e-07 -4.47983642969e-07 -1.76046679824e-07 0.99999999994 1.09613831586e-05 89.2499999922 -2.54473238003e-07 -1.09613832034e-05 0.99999999994 -0.000622747824615
1 3.84401837267e-07 4.14857818921e-07 -2.20256046729e-07 -3.84406415546e-07 0.999999999939 1.10358352831e-05 89.7499999841 -4.14853576701e-07 -1.10358354425e-05 0.999999999939 -0.000629797456203
1 5.0701260873e-07 5.02073295853e-07 -4.72663773634e-08 -5.07018185262e-07 0.999999999938 1.11070704084e-05 90.2499999769 -5.02067664397e-07 -1.1107070663e-05 0.999999999938 -0.00063688116343
1 5.62107571931e-07 5.33035065508e-07 7.69462095863e-08 -5.62113528963e-07 0.999999999937 1.11757508516e-05 90.7499999705 -5.330287835e-07 -1.11757511512e-05 0.999999999937 -0.000643999725589
1 5.6644158529e-07 5.22886996945e-07 1.59230004936e-07 -5.66447463837e-07 0.999999999937 1.12425489138e-05 91.249999965 -5.22880628664e-07 -1.124254921e-05 0.999999999937 -0.000651154222789
1 5.34910149091e-07 4.84651493364e-07 2.07033282502e-07 -5.34915629341e-07 0.999999999936 1.13076797226e-05 91.74999996 -4.8464544474e-07 -1.13076799818e-05 0.999999999936 -0.000658344565681
1 4.80265942429e-07 4.29095428196e-07 2.27950038558e-07 -4.80270821989e-07 0.999999999935 1.1371807767e-05 92.2499999557 -4.29089966676e-07 -1.1371807973e-05 0.999999999935 -0.000665572137715
1 4.1273279893e-07 3.6476453088e-07 2.28697371029e-07 -4.12736970015e-07 0.999999999935 1.14350833063e-05 92.7499999518 -3.64759811222e-07 -1.14350834568e-05 0.999999999935 -0.0006728369866
1 3.40289101619e-07 2.9815264088e-07 2.15265643671e-07 -3.40292529714e-07 0.999999999934 1.1497861779e-05 93.2499999483 -2.98148728264e-07 -1.14978618805e-05 0.999999999934 -0.00068013987104
1 2.6880161498e-07 2.33930392766e-07 1.92664613378e-07 -2.68804319217e-07 0.999999999933 1.15600852211e-05 93.7499999455 -2.33927285381e-07 -1.1560085284e-05 0.999999999933 -0.000687480431375
1 2.0232526561e-07 1.75216913661e-07 1.64961122559e-07 -2.02327301941e-07 0.999999999932 1.1621848907e-05 94.2499999429 -1.75214562256e-07 -1.16218489425e-05 0.999999999932 -0.00069485873838
1 1.43516719311e-07 1.23862068008e-07 1.35585404023e-07 -1.43518166474e-07 0.999999999932 1.16837475862e-05 94.7499999407 -1.23860391186e-07 -1.1683747604e-05 0.999999999932 -0.000702276417231
1 9.36091474532e-08 8.07111096578e-08 1.06719448332e-07 -9.3610095424e-08 0.999999999931 1.17453136434e-05 95.2499999388 -8.07100101834e-08 -1.1745313651e-05 0.999999999931 -0.000709732069779
1 5.2988997242e-08 4.58666559494e-08 7.9990793366e-08 -5.29895387887e-08 0.99999999993 1.18070624093e-05 95.749999937 -4.58660303018e-08 -1.18070624118e-05 0.99999999993 -0.000717227134649
1 2.13234174735e-08 1.89010097241e-08 5.63299865574e-08 -2.13236418032e-08 0.99999999993 1.1868737767e-05 96.2499999355 -1.89007566407e-08 -1.18687377674e-05 0.99999999993 -0.000724760898712
1 -2.06691000943e-09 -9.55101194942e-10 3.64208549492e-08 2.06692140415e-09 0.999999999929 1.19305291009e-05 96.7499999342 9.55076535544e-10 -1.19305291009e-05 0.999999999929 -0.000732333921932
1 -1.82720070444e-08 -1.46694433642e-08 2.02949983503e-08 1.82721829645e-08 0.999999999928 1.19923695807e-05 97.2499999329 1.46692242385e-08 -1.1992369581e-05 0.999999999928 -0.00073994602458
1 -2.85508564913e-08 -2.32847616657e-08 7.60123440495e-09 2.85511371703e-08 0.999999999927 1.2054283628e-05 97.7499999317 2.32844175039e-08 -1.20542836287e-05 0.999999999927 -0.000747597301422
1 -3.39734893983e-08 -2.783024186e-08 -1.75748657805e-09 3.39738265974e-08 0.999999999927 1.21163727888e-05 98.2499999306 2.78298302225e-08 -1.21163727897e-05 0.999999999927 -0.000755288098185
1 -3.56108447819e-08 -2.92728400552e-08 -8.07879781978e-09 3.56112012801e-08 0.999999999926 1.2178552921e-05 98.7499999297 2.92724063644e-08 -1.2178552922e-05 0.999999999926 -0.000763018233673
1 -3.4612002713e-08 -2.84762895595e-08 -1.21164144315e-08 3.46123512803e-08 0.999999999925 1.22407079636e-05 99.2499999289 2.8475865882e-08 -1.22407079645e-05 0.999999999925 -0.000770787395801
