0.999999999999 -9.999995e-07 1.0000005e-06 9.98727789704e-07 1.0000005e-06 0.999999999999 -9.999995e-07 9.99819357029e-07 -9.999995e-07 1.0000005e-06 0.999999999999 1.00028908918e-06
1 -1.53535965276e-09 9.11668781825e-11 2.79936905489e-12 1.53535964321e-09 1 1.0473770155e-07 6.74927036703e-07 -9.11670389926e-11 -1.0473770155e-07 1 4.98838024864e-13
1 -4.96364124941e-08 2.15351120332e-11 6.85575639605e-07 4.96364124989e-08 1 -2.2330940163e-07 1.91368188336 -2.15240277556e-11 2.23309401632e-07 1 1.17753122936e-06
1 -1.93515882093e-07 -2.9674037821e-07 5.98252180818e-07 1.93783897706e-07 0.999999591875 0.00090346515396 3.54995228036 2.96565422246e-07 -0.000903465154017 0.999999591875 1.38230836538e-05
1 -4.01417638468e-07 -1.94465109873e-07 4.7130735678e-07 4.01635693183e-07 0.999999369878 0.00112260578363 5.11765431551 1.94014353573e-07 -0.00112260578371 0.999999369878 -0.000440281881629
1 -5.72434823653e-07 -5.99425990183e-08 2.32513805357e-07 5.7249609299e-07 0.999999472459 0.0010271713325 6.65751134135 5.93545787555e-08 -0.00102717133254 0.999999472459 -0.000699738071822
1 -5.83485114944e-07 3.63836307782e-08 1.99768027747e-08 5.83448233586e-07 0.999999494412 0.00100557186379 8.18325000434 -3.69703485976e-08 -0.00100557186377 0.999999494412 -0.00086887525869
1 -5.03646262202e-07 1.07581862605e-07 -9.84269418253e-08 5.03533180579e-07 0.999999450273 0.00104854807072 9.70083396833 -1.08109900781e-07 -0.00104854807067 0.999999450273 -0.00105808680064
1 -4.00226089476e-07 1.64716294829e-07 -1.39181887064e-07 4.00045006358e-07 0.999999397308 0.00109789930037 11.2132922268 -1.651556035e-07 -0.0010978993003 0.999999397308 -0.00126618234665
1 -3.04031968787e-07 2.10434164233e-07 -1.34693476921e-07 3.03794829807e-07 0.999999366076 0.00112598754204 12.7223361752 -2.10776367043e-07 -0.00112598754197 0.999999366076 -0.00146443727291
1 -2.24110762501e-07 2.44583195653e-07 -1.0887292553e-07 2.23835004321e-07 0.999999365071 0.00112687989436 14.22901117 -2.44835586272e-07 -0.00112687989431 0.999999365071 -0.00163108650198
1 -1.60768024574e-07 2.6719357643e-07 -7.59089117536e-08 1.60473056916e-07 0.999999391054 0.00110358101523 15.733994434 -2.67370834264e-07 -0.00110358101519 0.999999391054 -0.00175559022544
1 -1.1138014119e-07 2.79073555913e-07 -4.25855154378e-08 1.11083821566e-07 0.999999436532 0.0010615726885 17.237744712 -2.7919163678e-07 -0.00106157268846 0.999999436532 -0.00183552578972
1 -7.31546130779e-08 2.81607893727e-07 -1.21662986737e-08 7.28711931121e-08 0.999999493677 0.00100630320476 18.7405833521 -2.81681366864e-07 -0.00100630320474 0.999999493677 -0.001873248173
1 -4.36542846003e-08 2.76418203115e-07 1.42198509564e-08 4.33937629128e-08 0.999999555921 0.000942420935441 20.2427411242 -2.76459221075e-07 -0.000942420935429 0.999999555921 -0.00187360843513
1 -2.10028503257e-08 2.65124905928e-07 3.63074360799e-08 2.07712151e-08 0.999999618365 0.000873653154214 21.7443867857 -2.65143153954e-07 -0.000873653154208 0.999999618365 -0.00184254547902
1 -3.86673126909e-09 2.49211302651e-07 5.39079233583e-08 3.66663994378e-09 0.999999677681 0.000802893275136 23.2456453585 -2.49214326898e-07 -0.000802893275135 0.999999677681 -0.00178625639363
1 8.88543700249e-09 2.30009547805e-07 6.74513461821e-08 -9.05387826068e-09 0.999999731844 0.000732333255197 24.7466103158 -2.30002979026e-07 -0.000732333255199 0.999999731844 -0.00171071235285
1 1.81261377465e-08 2.08673959547e-07 7.74554204588e-08 -1.82646077081e-08 0.999999779824 0.000663589998674 26.2473519866 -2.08661885278e-07 -0.000663589998678 0.999999779824 -0.001621381004
1 2.45056734168e-08 1.86181185239e-07 8.43155778143e-08 -2.46169709684e-08 0.999999821309 0.000597815135971 27.7479235121 -1.86166502108e-07 -0.000597815135975 0.999999821308 -0.00152308205757
1 2.84943493303e-08 1.63339518088e-07 8.81829281066e-08 -2.85818604962e-08 0.999999856466 0.000535787400098 29.2483651618 -1.6332422773e-07 -0.000535787400102 0.999999856466 -0.00141992874135
1 3.06258421799e-08 1.40859479669e-07 8.97597912011e-08 -3.06931681631e-08 0.999999885763 0.000477990419942 30.7487075096 -1.40844824718e-07 -0.000477990419946 0.999999885763 -0.00131532814093
1 3.11973900473e-08 1.19268008699e-07 8.90971021597e-08 -3.12480376409e-08 0.999999909825 0.000424677223519 32.2489737974 -1.19254749123e-07 -0.000424677223523 0.999999909825 -0.00121201598386
1 3.05745167366e-08 9.90098998708e-08 8.66397860002e-08 -3.06117348377e-08 0.99999992934 0.000375924645046 33.749181711 -9.89983991605e-08 -0.000375924645049 0.99999992934 -0.00111211757429
1 2.90623901569e-08 8.04069491004e-08 8.27602586117e-08 -2.90890577285e-08 0.999999944995 0.000331677428804 35.2493447193 -8.03973053388e-08 -0.000331677428806 0.999999944995 -0.00101721661874
1 2.68764456294e-08 6.36577135629e-08 7.75932674909e-08 -2.68950188407e-08 0.999999957431 0.000291784833937 36.7494730892 -6.36498687138e-08 -0.000291784833939 0.999999957431 -0.000928431494607
1 2.4328382187e-08 4.89085928289e-08 7.17730538479e-08 -2.43409034583e-08 0.999999967224 0.000256030033788 38.2495746545 -4.89023624294e-08 -0.000256030033789 0.999999967224 -0.000846490193247
1 2.15647775317e-08 3.61731124107e-08 6.54293049484e-08 -2.15728853201e-08 0.999999974878 0.000224153510921 39.7496554018 -3.61682776814e-08 -0.000224153510922 0.999999974878 -0.0007718014005
1 1.87557432246e-08 2.54158817025e-08 5.88712058475e-08 -1.87607210943e-08 0.999999980817 0.000195870814815 41.2497199135 -2.54122075122e-08 -0.000195870814816 0.999999980817 -0.000704516346772
1 1.59588373767e-08 1.65183145049e-08 5.20394620884e-08 -1.59616599054e-08 0.999999985399 0.000170886784934 42.7497717043 -1.65155871093e-08 -0.000170886784934 0.999999985399 -0.000644586919983
1 1.34009790084e-08 9.38557086967e-09 4.5648565425e-08 -1.34023764326e-08 0.999999988913 0.000148906531802 44.2498134795 -9.38357527231e-09 -0.000148906531803 0.999999988913 -0.000591818161026
1 1.10452104477e-08 3.80994116242e-09 3.94789223978e-08 -1.10457042824e-08 0.999999991597 0.000129641755131 45.7498473259 -3.80850920994e-09 -0.000129641755131 0.999999991597 -0.000545903026402
1 8.95944950306e-09 -3.84342054371e-10 3.37502414537e-08 -8.95940608573e-09 0.999999993636 0.000112816989194 47.2498748617 3.85352830043e-10 -0.000112816989194 0.999999993636 -0.000506461834339
1 7.17494142773e-09 -3.38778792935e-09 2.86057330095e-08 -7.17460880479e-09 0.999999995181 9.81727234198e-05 48.7498973465 3.38849229656e-09 -9.81727234198e-05 0.999999995181 -0.000473068306158
1 5.69516485143e-09 -5.39283307236e-09 2.41260383804e-08 -5.69470391849e-09 0.999999996348 8.54675321382e-05 50.2499157659 5.39331980435e-09 -8.54675321382e-05 0.999999996348 -0.000445271929468
1 4.43275909882e-09 -6.60571257063e-09 2.00262509336e-08 -4.4322671005e-09 0.999999997226 7.44788735174e-05 51.7499308953 6.60604269922e-09 -7.44788735173e-05 0.999999997226 -0.000422613714906
1 3.46062972925e-09 -7.16316525813e-09 1.66721275183e-08 -3.46016408898e-09 0.999999997887 6.50037993713e-05 53.2499433492 7.16339019708e-09 -6.50037993713e-05 0.999999997887 -0.000404641836013
1 2.66625172187e-09 -7.24522709356e-09 1.37091307801e-08 -2.66583976717e-09 0.999999998384 5.68581753026e-05 54.7499536166 7.24537868006e-09 -5.68581753026e-05 0.999999998384 -0.00039091850419
1 2.06544100675e-09 -6.96696029552e-09 1.12691144098e-08 -2.06509351612e-09 0.999999998756 4.9876567461e-05 56.2499620901 6.96706330396e-09 -4.9876567461e-05 0.999999998756 -0.000381030199035
1 1.56411741258e-09 -6.45964026603e-09 9.03323590719e-09 -1.56383376609e-09 0.999999999036 4.39103375817e-05 57.7499690865 6.45970894073e-09 -4.39103375817e-05 0.999999999036 -0.000374586635377
1 1.23448600916e-09 -5.78214431952e-09 7.34589831815e-09 -1.23426150197e-09 0.999999999246 3.88275085759e-05 59.2499748631 5.78219224718e-09 -3.88275085759e-05 0.999999999246 -0.000371229092773
1 9.84525359192e-10 -5.03144409502e-09 5.9108884956e-09 -9.84351719033e-10 0.999999999404 3.45108819703e-05 60.7499796296 5.03147806886e-09 -3.45108819703e-05 0.999999999404 -0.000370627892421
1 8.07099511336e-10 -4.25807710043e-09 4.73523149732e-09 -8.06968119768e-10 0.999999999524 3.08569290725e-05 62.2499835587 4.25810200301e-09 -3.08569290725e-05 0.999999999524 -0.00037248326463
1 6.91538848638e-10 -3.50168458662e-09 3.81131248891e-09 -6.91441590402e-10 0.999999999614 2.77746229944e-05 63.7499867927 3.5017037925e-09 -2.77746229944e-05 0.999999999614 -0.000376525095942
1 6.33014738158e-10 -2.78914753631e-09 3.15569803485e-09 -6.32944495065e-10 0.999999999683 2.51843589833e-05 65.2499894492 2.78916347749e-09 -2.51843589833e-05 0.999999999683 -0.000382512518596
1 5.58386449411e-10 -2.15806804091e-09 2.48472959348e-09 -5.58336778398e-10 0.999999999735 2.30163574614e-05 66.7499916262 2.15808089236e-09 -2.30163574614e-05 0.999999999735 -0.000390229626298
1 5.51835951332e-10 -1.58852597655e-09 2.14334927277e-09 -5.51802258196e-10 0.999999999775 2.12102368948e-05 68.2499934052 1.58853768076e-09 -2.12102368948e-05 0.999999999775 -0.000399487490936
1 4.87889084656e-10 -1.12270044056e-09 1.63183454156e-09 -4.87866952331e-10 0.999999999806 1.97133890086e-05 69.7499948543 1.12271005829e-09 -1.97133890086e-05 0.999999999806 -0.00041011858113
1 4.95231056902e-10 -7.15518486065e-10 1.45715732227e-09 -4.95217833829e-10 0.999999999829 1.84802895196e-05 71.2499960299 7.15527637956e-10 -1.84802895196e-05 0.999999999829 -0.000421975987562
1 4.52842289447e-10 -4.01941615472e-10 1.1445766856e-09 -4.52835266733e-10 0.999999999847 1.74718037217e-05 72.7499969798 4.01949527383e-10 -1.74718037217e-05 0.999999999847 -0.000434932381354
1 4.41659583253e-10 -1.4673616693e-10 1.00031509076e-09 -4.41657139402e-10 0.999999999861 1.66543112791e-05 74.2499977433 1.46743522446e-10 -1.66543112791e-05 0.999999999861 -0.000448877476306
1 4.1082655795e-10 4.1065882803e-11 8.2257845918e-10 -4.10827214905e-10 0.999999999872 1.59988857416e-05 75.7499983538 -4.10593100306e-11 -1.59988857416e-05 0.999999999872 -0.000463715444619
1 3.69586939108e-10 1.74616309157e-10 6.28815566665e-10 -3.6958964226e-10 0.99999999988 1.54807766289e-05 77.2499988385 -1.74610587643e-10 -1.54807766289e-05 0.99999999988 -0.000479363711194
1 3.39715602209e-10 2.69284110839e-10 4.98819630318e-10 -3.39719662686e-10 0.999999999886 1.50789252421e-05 78.7499992206 -2.69278988262e-10 -1.50789252421e-05 0.999999999886 -0.000495751822249
1 2.75166143665e-10 3.18873612805e-10 2.3378470288e-10 -2.7517085509e-10 0.999999999891 1.4775303836e-05 80.2499995195 -3.18869547106e-10 -1.4775303836e-05 0.999999999891 -0.000512818965467
1 2.69056043674e-10 3.60125908459e-10 2.06500825511e-10 -2.69061285217e-10 0.999999999894 1.45548323204e-05 81.7499997508 -3.60121992355e-10 -1.45548323204e-05 0.999999999894 -0.000530514787803
1 2.35497216554e-10 3.70077245146e-10 8.82728333288e-11 -2.3550254724e-10 0.999999999896 1.44043195657e-05 83.2499999275 -3.70073852931e-10 -1.44043195657e-05 0.999999999896 -0.000548794103675
1 2.03979550494e-10 3.65515953352e-10 -1.87176526467e-11 -2.03984782068e-10 0.999999999898 1.43129055802e-05 84.7500000605 -3.65513033775e-10 -1.43129055802e-05 0.999999999898 -0.000567620413203
1 1.82941324568e-10 3.5317707498e-10 -8.01504735764e-11 -1.82946364866e-10 0.999999999898 1.42713580845e-05 86.2500001584 -3.53174464123e-10 -1.42713580845e-05 0.999999999898 -0.000586962609063
1 1.83127981902e-10 3.39229814778e-10 -4.1741778595e-11 -1.83132823305e-10 0.999999999898 1.42718025535e-05 87.7500002288 -3.39227201177e-10 -1.42718025535e-05 0.999999999898 -0.000606794027109
1 1.5120633527e-10 3.10052282946e-10 -1.20874525257e-10 -1.51210771373e-10 0.999999999898 1.43076461857e-05 89.2500002775 -3.10050119508e-10 -1.43076461857e-05 0.999999999898 -0.000627092519092
1 1.0482293073e-10 2.75863003161e-10 -2.73387279856e-10 -1.04826895768e-10 0.999999999897 1.43732551798e-05 90.7500003092 -2.75861496486e-10 -1.43732551798e-05 0.999999999897 -0.00064783899163
1 7.85474635527e-11 2.49131808335e-10 -3.66229990178e-10 -7.85510670003e-11 0.999999999895 1.44640533181e-05 92.2500003281 -2.49130672194e-10 -1.44640533181e-05 0.999999999895 -0.000669018477521
1 7.31191288944e-11 2.29646429382e-10 -3.80945376839e-10 -7.31224762242e-11 0.999999999894 1.45760489852e-05 93.7500003371 -2.2964536357e-10 -1.45760489852e-05 0.999999999894 -0.000690617660272
1 4.49180033136e-11 2.04455550232e-10 -4.91656667028e-10 -4.49210100287e-11 0.999999999892 1.47059839014e-05 95.2500003389 -2.04454889647e-10 -1.47059839014e-05 0.999999999892 -0.000712626040723
1 4.90286994194e-11 1.91946102489e-10 -4.7804986315e-10 -4.90315499798e-11 0.99999999989 1.48508657144e-05 96.750000335 -1.9194537435e-10 -1.48508657144e-05 0.99999999989 -0.000735033301785
1 4.31889556791e-11 1.77619466301e-10 -4.97763346055e-10 -4.31916214739e-11 0.999999999887 1.50084886936e-05 98.2500003275 -1.7761881808e-10 -1.50084886936e-05 0.999999999887 -0.000757832679982
1 3.99453886158e-11 1.66312430403e-10 -5.04712499103e-10 -3.99479127111e-11 0.999999999885 1.51768565403e-05 99.7500003174 -1.66311824138e-10 -1.51768565403e-05 0.999999999885 -0.00078101775728
1 4.58443658274e-11 1.5963113285e-10 -4.685955328e-10 -4.58468168391e-11 0.999999999882 1.53542548647e-05 101.250000306 -1.59630428925e-10 -1.53542548647e-05 0.999999999882 -0.000804582975371
1 6.30982036673e-11 1.57456328734e-10 -3.71004817207e-10 -6.3100650422e-11 0.999999999879 1.55393075717e-05 102.750000293 -1.57455348212e-10 -1.55393075717e-05 0.999999999879 -0.00082852409265
1 4.25940136667e-11 1.44836973011e-10 -4.17881306927e-10 -4.25962920617e-11 0.999999999876 1.57307914927e-05 104.25000028 -1.44836302956e-10 -1.57307914927e-05 0.999999999876 -0.000852837200548
1 2.7431769083e-11 1.36959130591e-10 -4.56158018772e-10 -2.74339505439e-11 0.999999999873 1.59278488545e-05 105.750000267 -1.36958693645e-10 -1.59278488545e-05 0.999999999873 -0.000877520130972
1 1.74893469366e-11 1.32734843586e-10 -4.84642270564e-10 -1.74914878801e-11 0.99999999987 1.61294935641e-05 107.250000254 -1.32734561474e-10 -1.61294935641e-05 0.99999999987 -0.00090256952983
1 2.69740072079e-11 1.35634603509e-10 -4.36520238583e-10 -2.69762228078e-11 0.999999999867 1.63350904532e-05 108.750000242 -1.35634162868e-10 -1.63350904532e-05 0.999999999867 -0.000927983750789
1 -1.05413531794e-11 1.25008566514e-10 -5.87108462299e-10 1.05392850492e-11 0.999999999863 1.6543896225e-05 110.25000023 -1.25008740892e-10 -1.6543896225e-05 0.999999999863 -0.000953760145858
1 1.13970122319e-11 1.34958874494e-10 -5.11616027392e-10 -1.1399273553e-11 0.99999999986 1.67556423942e-05 111.750000219 -1.34958683511e-10 -1.67556423942e-05 0.99999999986 -0.000979898689548
1 1.36994924877e-11 1.37586750208e-10 -5.03954526978e-10 -1.370182729e-11 0.999999999856 1.69696884914e-05 113.250000209 -1.37586517712e-10 -1.69696884914e-05 0.999999999856 -0.00100639694037
1 2.04876977964e-11 1.41789951452e-10 -4.73635134115e-10 -2.04901345725e-11 0.999999999852 1.71858376321e-05 114.7500002 -1.41789599332e-10 -1.71858376321e-05 0.999999999852 -0.00103325488267
1 2.91341245404e-11 1.46218006267e-10 -4.2810003513e-10 -2.9136669255e-11 0.999999999849 1.74035950654e-05 116.250000191 -1.46217499207e-10 -1.74035950654e-05 0.999999999849 -0.00106047054929
1 1.17914246963e-11 1.4267045061e-10 -4.88472270553e-10 -1.17939389616e-11 0.999999999845 1.76228997613e-05 117.750000184 -1.42670242788e-10 -1.76228997613e-05 0.999999999845 -0.00108804442913
1 -1.64711504772e-11 1.37376067966e-10 -6.1442637185e-10 1.64686992195e-11 0.999999999841 1.78433928522e-05 119.250000177 -1.37376361845e-10 -1.78433928522e-05 0.999999999841 -0.00111597513282
1 1.78228336494e-11 1.51836916664e-10 -4.93908642983e-10 -1.78255765787e-11 0.999999999837 1.80649886742e-05 120.75000017 -1.5183659467e-10 -1.80649886742e-05 0.999999999837 -0.00114426278126
1 3.98362767764e-11 1.59675621716e-10 -3.96609373895e-10 -3.98391968317e-11 0.999999999833 1.82874627522e-05 122.250000165 -1.59674893185e-10 -1.82874627522e-05 0.999999999833 -0.00117290659988
1 1.11959021521e-11 1.51576909406e-10 -5.00269171292e-10 -1.11987079413e-11 0.999999999829 1.85106762381e-05 123.750000159 -1.51576702136e-10 -1.85106762381e-05 0.999999999829 -0.00120190621883
1 1.6369228518e-11 1.55534954602e-10 -4.81453788632e-10 -1.637214238e-11 0.999999999825 1.87344692812e-05 125.250000155 -1.55534647906e-10 -1.87344692812e-05 0.999999999825 -0.00123126104621
1 -1.73982291447e-12 1.5196443438e-10 -5.62847625369e-10 1.73694185286e-12 0.99999999982 1.89587867402e-05 126.75000015 -1.51964467338e-10 -1.89587867402e-05 0.99999999982 -0.00126097104572
1 -1.41835170613e-11 1.5123768995e-10 -6.38794288933e-10 1.41806157694e-11 0.999999999816 1.91836393244e-05 128.250000146 -1.51237962014e-10 -1.91836393244e-05 0.999999999816 -0.00129103658505
1 -1.36685535813e-11 1.54771565606e-10 -6.73183256082e-10 1.36655496426e-11 0.999999999812 1.94088371926e-05 129.750000143 -1.54771830868e-10 -1.94088371926e-05 0.999999999812 -0.00132145680464
1 1.7630181601e-12 1.62171073733e-10 -6.44495777465e-10 -1.76620228482e-12 0.999999999807 1.96343588932e-05 131.25000014 -1.62171039086e-10 -1.96343588932e-05 0.999999999807 -0.0013522317663
1 4.59848993043e-11 1.76472341852e-10 -4.7480912725e-10 -4.5988404086e-11 0.999999999803 1.98602836003e-05 132.750000137 -1.76471428544e-10 -1.98602836003e-05 0.999999999803 -0.00138336217861
1 5.08589340009e-11 1.76231253262e-10 -4.3447812038e-10 -5.08624738504e-11 0.999999999798 2.00864471416e-05 134.250000134 -1.76230231651e-10 -2.00864471416e-05 0.999999999798 -0.00141484728216
1 4.93770606567e-11 1.74326182379e-10 -4.13542611912e-10 -4.93806017047e-11 0.999999999794 2.03128308348e-05 135.750000132 -1.74325179355e-10 -2.03128308348e-05 0.999999999794 -0.00144668712825
1 4.51428817028e-11 1.71896192354e-10 -4.04171890697e-10 -4.51464123254e-11 0.999999999789 2.05393271047e-05 137.25000013 -1.71895265113e-10 -2.05393271047e-05 0.999999999789 -0.00147888116928
1 6.77053355076e-12 1.60047953202e-10 -5.49493840319e-10 -6.77385710038e-12 0.999999999784 2.07659705016e-05 138.750000128 -1.6004781257e-10 -2.07659705016e-05 0.999999999784 -0.001511429684
1 1.98922296627e-11 1.65892365846e-10 -5.05936843041e-10 -1.98957121917e-11 0.99999999978 2.09927284374e-05 140.250000126 -1.65891948217e-10 -2.09927284374e-05 0.99999999978 -0.00154433256254
1 -4.63679730451e-12 1.59561582998e-10 -6.19882682086e-10 4.63341148871e-12 0.999999999775 2.1219485876e-05 141.750000125 -1.59561681352e-10 -2.1219485876e-05 0.999999999775 -0.00157758910731
1 -1.51955967984e-11 1.59249227912e-10 -6.98369364002e-10 1.51921814735e-11 0.99999999977 2.1446391795e-05 143.250000123 -1.59249553766e-10 -2.1446391795e-05 0.99999999977 -0.00161120024177
1 -8.55998127841e-12 1.64394071282e-10 -7.15550639521e-10 8.5564183021e-12 0.999999999765 2.16733746258e-05 144.750000121 -1.64394256767e-10 -2.16733746258e-05 0.999999999765 -0.00164516561789
1 2.19037312977e-11 1.75668980165e-10 -6.24272907701e-10 -2.19075785281e-11 0.99999999976 2.19004837652e-05 146.25000012 -1.7566850042e-10 -2.19004837652e-05 0.99999999976 -0.00167948561291
1 1.24797570397e-11 1.73218014752e-10 -6.80867555229e-10 -1.24835899414e-11 0.999999999755 2.21276330627e-05 147.750000119 -1.73217738562e-10 -2.21276330627e-05 0.999999999755 -0.001714159773
0.992131237161 0.120337545098 0.0345613004534 0.535209448022 -0.120338110126 0.992730803699 -0.00207138569593 149.249999577 -0.0345593330455 -0.00210395512692 0.999400433196 -0.00173934382282
0.986438775165 0.160849815577 0.0326478127774 0.855647889697 -0.160719526912 0.986978093142 -0.00659373386192 150.740550487 -0.0332832768759 0.00125717373024 0.999445167578 0.00294950555648
0.986663145981 0.160980681397 0.0241051152213 1.03953130147 -0.160904072198 0.986956886498 -0.00509742518779 152.232294649 -0.0246112964476 0.00115083037228 0.999696433762 0.00297838238453
0.990330602426 0.138239504265 0.0116248595692 1.12922875061 -0.138234155288 0.990398765597 -0.00126626028867 153.732011268 -0.0116882937621 -0.000352936328383 0.999931627275 -0.000363818319332
0.994572674332 0.104022320397 -0.00213361933179 1.15460047912 -0.104019798185 0.994574427101 0.00126116685975 155.238954459 0.00225323272772 -0.00103238344418 0.999996928559 -0.00261975685495
0.997847453711 -0.0481744290917 -0.0444936344321 0.619598297471 0.0482820143813 0.998832836701 0.00134588790291 156.784838421 0.0443768657136 -0.00349123311442 0.999008761263 -0.00273465196809
0.993200228584 -0.108622492183 -0.0418862761972 0.294569074209 0.108353664096 0.994074841459 -0.00864251446291 158.289401647 0.0425768648297 0.00404521583881 0.999085004797 0.00954003558147
0.99041400385 -0.132978469761 -0.0373741562925 0.0801627966183 0.132672255397 0.991103618585 -0.0105683431078 159.778093865 0.0384470236375 0.00550852140254 0.999245456615 0.0146410938512
0.990420766108 -0.13470917265 -0.0303338897196 -0.0545384420916 0.134528649538 0.990878014842 -0.00792478113664 161.265287986 0.0311247251382 0.00376809058538 0.999508405657 0.011992832948
0.992726997149 -0.118734764081 -0.0198787557487 -0.122096626225 0.11868502288 0.99292517988 -0.00366776543917 162.758173205 0.0201736083917 0.00128177918982 0.999795670408 0.00611309478655
0.995656835369 -0.0927978135676 -0.00748545126007 -0.140608291532 0.092795858924 0.995684969238 -0.000608769674115 164.257644046 0.00750964380234 -8.84931919144e-05 0.999971798312 0.00177304777835
0.997880852364 -0.0649347471833 0.00415729412173 -0.130519423972 0.0649344547564 0.99788951011 0.000205421053503 165.760432155 -0.0041618591587 6.49658910934e-05 0.999991337316 0.000761783006321
0.999115723318 -0.0398259678819 0.0134782677258 -0.106745772024 0.0398350957945 0.999206183721 -0.00040933805941 167.263213116 -0.0134512661731 0.000945884177311 0.999909080238 0.00191484998618
0.99961622385 -0.0191896951497 0.0199790043762 -0.0779694760755 0.019219534999 0.999814439134 -0.00130260277896 168.764388185 -0.0199503005047 0.00168609004493 0.999799551215 0.0033596335727
0.999715555255 -0.00349273307597 0.0235925707941 -0.0494995342994 0.00353622184521 0.999992124194 -0.00180185610009 170.263760378 -0.0235860915812 0.00188477213582 0.999720032768 0.00392651404572
0.999672603319 0.0073322296879 0.0245137631093 -0.024770212895 -0.00729183608241 0.999971905972 -0.00173677686177 171.761862761 -0.0245258088658 0.00155745790443 0.999697983905 0.00334073131323
0.999635958595 0.0137841052702 0.0231937217008 -0.00560396297089 -0.0137587648947 0.999904560155 -0.00125178628692 173.259436795 -0.0232087628496 0.000932213620962 0.999730205758 0.00192022432168
0.999655124685 0.0167015520339 0.0202654842136 0.00762262390849 -0.0166927399974 0.999860484121 -0.000603924322695 174.757090829 -0.0202727433303 0.000265429585205 0.999794451587 0.000189320165569
0.999719841771 0.0170629833645 0.01640404119 0.0155458987252 -0.0170651056274 0.999854380426 -1.06048586762e-05 176.255159246 -0.016401833391 -0.000269334807985 0.999865444608 -0.0014107664752
0.999800955055 0.0157844744886 0.0122024848362 0.0192803694517 -0.0157907305583 0.999875231892 0.000416505626325 177.753726855 -0.0121943880328 -0.000609108873175 0.999925460165 -0.00264535174402
0.99987455128 0.013604889434 0.00811102252402 0.0200095687739 -0.0136107043358 0.999907150836 0.000662143264811 179.252728505 -0.00810126103645 -0.000772456929222 0.999966885892 -0.0034709611087
0.999929000546 0.0110617826797 0.00443066925857 0.0187744776392 -0.0110652769383 0.999938485383 0.000764916335217 180.752045508 -0.00442193536937 -0.000813888608944 0.999989891985 -0.00395718274764
0.999962844218 0.00851653749182 0.00133370622063 0.0164061932403 -0.00851757957611 0.999963422401 0.000777623618256 182.251565708 -0.00132703477616 -0.000788954673908 0.999998808264 -0.00420975143726
0.999980212803 0.00619230998943 -0.00110873802604 0.0135272046476 -0.00619148669392 0.999980555454 0.000744450902772 183.751207938 0.0011133263379 -0.00073757143544 0.999999108246 -0.00432280204135
0.9999869385 0.00420878352965 -0.00289982236193 0.01057543057 -0.00420678872588 0.99999091084 0.000693661950563 185.250923803 0.00290271547797 -0.000681453950278 0.999995554922 -0.00436081564688
0.999988215419 0.00261090626509 -0.00409294421565 0.00783395526831 -0.00260831077439 0.999996393968 0.000639347472173 186.750689322 0.00409459873268 -0.000628664267235 0.999991419484 -0.00435965656176
0.999987647903 0.00139264143038 -0.0047712254437 0.00546220688488 -0.00138985898027 0.99999886219 0.000586439114861 188.250494678 0.00477203671436 -0.000579800540578 0.999988445682 -0.00433558804107
0.999987210676 0.00051647044733 -0.00503107770793 0.00352683659117 -0.000513782746568 0.999999724635 0.000535497488655 189.750336143 0.00503135289117 -0.000532905759082 0.999987200668 -0.00429483077389
0.999987646518 -7.12959159069e-05 -0.00497008334433 0.00203023715424 7.37117031674e-05 0.999999879242 0.000485884261219 191.250211267 0.00497004810259 -0.000486244612165 0.999987531016 -0.00424028874176
0.99998896153 -0.000429378589643 -0.00467893714986 0.000934773484805 0.000431429189268 0.999999811336 0.000437261337339 192.750116845 0.00467874851645 -0.000439275140704 0.999988958114 -0.00417492576944
0.99999083613 -0.000614190377365 -0.00423679441455 0.000181698486799 0.000615847955403 0.999999734339 0.000389940481593 194.25004861 0.00423655379131 -0.000392546129407 0.999990948719 -0.00410267594743
0.999992892659 -0.000675604313909 -0.00370920337283 -0.000295258513367 0.000676887401496 0.999999711511 0.000344675525667 195.750001709 0.0037089694385 -0.000347183788973 0.99999306148 -0.00402807011812
0.99999483103 -0.000655025277876 -0.00314783349318 -0.000560952689653 0.000655980153591 0.999999739146 0.000302320895051 197.249971326 0.00314763464422 -0.000304384248662 0.999994999861 -0.00395549590132
0.999996471329 -0.000585019811481 -0.00259134736208 -0.000673563916825 0.000585704761023 0.99999979374 0.000263570781107 198.749953159 0.00259119263346 -0.00026508761554 0.999996607719 -0.00388859779372
0.999997743909 -0.000489902933577 -0.00206692309322 -0.000682038179628 0.000490376957172 0.999999853582 0.000228837247143 200.249943661 0.00206681068254 -0.000229850302323 0.999997837729 -0.00382998617616
0.999998657825 -0.000386837655392 -0.00159207541308 -0.000625383235944 0.000387153754994 0.999999905406 0.000198242221359 201.749940079 0.00159199857492 -0.000198858333258 0.999998712997 -0.00378122099252
0.999999266658 -0.000287138273452 -0.00117653533004 -0.000533139330325 0.000287340449298 0.999999943982 0.000171674582386 203.249940377 0.00117648596979 -0.00017201252268 0.999999293146 -0.00374297130856
0.999999640966 -0.00019757597535 -0.000824033430939 -0.000426510923048 0.000197698711732 0.999999969377 0.000148867082427 204.749943105 0.000824003993146 -0.000149029939326 0.999999649404 -0.00371523791224
0.999999850089 -0.000121567021328 -0.000533895496403 -0.000319792151717 0.000121636160113 0.999999984221 0.000129468162173 206.249947257 0.00053387974892 -0.000129533083762 0.999999849097 -0.00369758031777
0.999999952464 -6.0183420151e-05 -0.000302405580259 -0.000221840864596 6.02176227345e-05 0.999999991792 0.000113093862313 207.749952144 0.000302398771402 -0.000113112067082 0.99999994788 -0.0036892914247
0.999999992237 -1.29652429844e-05 -0.000123923654407 -0.000137443423279 1.29775564332e-05 0.999999994979 9.93628963681e-05 209.249957309 0.000123922365521 -9.9364503823e-05 0.999999987385 -0.00368953481537
0.999999999736 2.14573410906e-05 8.23269833711e-06 -6.84938670924e-05 -2.145806479e-05 0.999999995905 8.79154773243e-05 210.749962448 -8.23081187101e-06 -8.79156539589e-05 0.999999996102 -0.00369743074315
0.999999993879 4.49109973716e-05 0.000101120694042 -1.49547637862e-05 -4.49189275605e-05 0.999999995916 7.84221020361e-05 212.249967368 -0.000101117171614 -7.84266437892e-05 0.999999991812 -0.00371210837257
0.999999985166 5.93665888028e-05 0.000161690123667 2.4398182862e-05 -5.93780027393e-05 0.999999995746 7.05875411467e-05 213.749971948 -0.000161685932438 -7.05971409362e-05 0.999999984437 -0.00373274183534
0.999999978476 6.67369732321e-05 0.000196455428502 5.14251263433e-05 -6.67495771038e-05 0.999999995715 6.41505356957e-05 215.249976125 -0.000196451146448 -6.41636476316e-05 0.999999978645 -0.0037585646009
0.999999975314 6.87582513345e-05 0.000211291947886 6.82361045486e-05 -6.87706942019e-05 0.999999995902 5.88827525181e-05 216.749979868 -0.000211287898345 -5.88972817584e-05 0.999999975944 -0.003788879285
0.99999997543 6.69304496993e-05 0.00021132836975 7.69354432426e-05 -6.69419868839e-05 0.99999999627 5.45870369955e-05 218.249983177 -0.000211324715427 -5.46011823953e-05 0.99999997618 -0.00382306229508
0.999999977864 6.24988164003e-05 0.000200911079391 7.94663370638e-05 -6.25090831119e-05 0.999999996741 5.10949001469e-05 219.749986065 -0.000200907885366 -5.11074577832e-05 0.999999978512 -0.00386056281809
0.999999981548 5.64609419118e-05 0.000183619772484 7.75281409613e-05 -5.64698050226e-05 0.999999997241 4.82639996551e-05 221.24998856 -0.000183617046947 -4.82743677373e-05 0.999999981977 -0.0039009009137
0.999999985597 4.95891160142e-05 0.000162317573905 7.25451253606e-05 -4.95965792109e-05 0.999999997713 4.59752791193e-05 222.749990692 -0.00016231529366 -4.59833288536e-05 0.99999998577 -0.00394366295019
0.999999989407 4.24595751586e-05 0.000139222117735 6.56662593929e-05 -4.24657193939e-05 0.999999998125 4.41299502151e-05 224.2499925 -0.000139220243735 -4.4135861915e-05 0.999999989335 -0.00398849533636
0.999999992644 3.54844831567e-05 0.000115987691654 5.77866062337e-05 -3.54894298841e-05 0.999999998461 4.26469471426e-05 225.749994019 -0.000115986178171 -4.26510631659e-05 0.999999992364 -0.00403510016786
0.999999995183 2.89426265543e-05 9.37906259568e-05 4.95776861162e-05 -2.89465152052e-05 0.999999998722 4.14598834453e-05 227.249995286 -9.3789425879e-05 -4.14625981574e-05 0.999999994742 -0.00408322676166
0.999999997041 2.30074772565e-05 7.34127562826e-05 4.152209991e-05 -2.30104516062e-05 0.999999998915 4.05148472689e-05 228.749996333 -7.34118240584e-05 -4.05165364096e-05 0.999999996485 -0.00413266690642
0.999999998312 1.7771765328e-05 5.53193886966e-05 3.39483861478e-05 -1.77739652866e-05 0.999999999051 3.97680734345e-05 230.249997192 -5.53186818953e-05 -3.97690566123e-05 0.999999997679 -0.00418324802681
0.999999999123 1.32680595002e-05 3.97295120289e-05 2.70626321704e-05 -1.32696162624e-05 0.999999999144 3.9184018704e-05 231.74999789 -3.9728992099e-05 -3.9184545865e-05 0.999999998443 -0.00423482740436
0.999999999599 9.48575775555e-06 2.66772295475e-05 2.09766325825e-05 -9.48679106766e-06 0.999999999205 3.87340015046e-05 233.249998454 -2.66768621049e-05 -3.87342545704e-05 0.999999998894 -0.00428728864188
0.999999999851 6.38466757137e-06 1.60640121899e-05 1.57315400538e-05 -6.38528433659e-06 0.999999999243 3.83944615261e-05 234.749998904 -1.60637670418e-05 -3.83945640936e-05 0.999999999134 -0.00434053470583
0.999999999963 3.90575931706e-06 7.70202993276e-06 1.13176950588e-05 -3.9060531198e-06 0.999999999265 3.81464975296e-05 236.24999926 -7.70188093606e-06 -3.81465276127e-05 0.999999999243 -0.00439448787493
0.999999999997 1.97952423204e-06 1.3491230104e-06 7.69099317314e-06 -1.97957546286e-06 0.999999999277 3.79744864651e-05 237.749999538 -1.34904783801e-06 -3.79744891357e-05 0.999999999278 -0.00444908352381
0.999999999995 5.31927931553e-07 -3.26391414885e-06 4.78443072784e-06 -5.31804341181e-07 0.999999999283 3.78655772994e-05 239.249999752 3.26393428827e-06 -3.78655755634e-05 0.999999999278 -0.00450426847869
0.999999999979 -5.10818971117e-07 -6.41254614158e-06 2.51871436906e-06 5.11061425569e-07 0.999999999285 3.78094443254e-05 240.749999914 6.41252682322e-06 -3.78094476018e-05 0.999999999265 -0.00456000071568
0.999999999964 -1.21919830643e-06 -8.36353116345e-06 8.09111284636e-07 1.21951442563e-06 0.999999999285 3.77974357679e-05 242.250000035 8.3634850749e-06 -3.7797445966e-05 0.999999999251 -0.00461624516924
0.999999999955 -1.6583361106e-06 -9.36467865332e-06 -4.29515730305e-07 1.65869030378e-06 0.999999999283 3.7822364805e-05 243.750000122 9.36461592442e-06 -3.78223803364e-05 0.999999999241 -0.00467297298982
0.999999999952 -1.88655345503e-06 -9.6383940224e-06 -1.27826067169e-06 1.88691854146e-06 0.999999999281 3.78784781639e-05 245.250000183 9.6383225557e-06 -3.78784963489e-05 0.999999999236 -0.00473016190492
0.999999999954 -1.95489555812e-06 -9.37838005567e-06 -1.81228420902e-06 1.95525156583e-06 0.999999999278 3.79606110056e-05 246.750000223 9.37830583986e-06 -3.79606293409e-05 0.999999999236 -0.0047877914431
0.99999999996 -1.9069038492e-06 -8.7485822333e-06 -2.0989771003e-06 1.90723686145e-06 0.999999999274 3.80648599221e-05 248.250000247 8.74850964092e-06 -3.80648766062e-05 0.999999999237 -0.00484584723849
0.999999999967 -1.77889159104e-06 -7.88389214173e-06 -2.19746019283e-06 1.77919265778e-06 0.999999999269 3.8187734567e-05 249.750000259 7.88382420413e-06 -3.81877485927e-05 0.99999999924 -0.00490431626401
0.999999999975 -1.60042078012e-06 -6.89201755269e-06 -2.15850811043e-06 1.60068492526e-06 0.999999999264 3.83264089428e-05 251.250000261 6.89195620924e-06 -3.83264199738e-05 0.999999999242 -0.00496318844455
0.999999999982 -1.39474424316e-06 -5.85605383991e-06 -2.02404140541e-06 1.3949695735e-06 0.999999999259 3.84783601734e-05 252.750000257 5.8560001681e-06 -3.84783683417e-05 0.999999999243 -0.0050224546285
0.999999999988 -1.17977421065e-06 -4.83761131495e-06 -1.82865495148e-06 1.17996114292e-06 0.999999999253 3.86416185963e-05 254.250000248 4.83756572295e-06 -3.8641624304e-05 0.999999999242 -0.00508210819702
0.999999999992 -9.68632308342e-07 -3.87994477387e-06 -1.59955940176e-06 9.68782905754e-07 0.999999999246 3.88145047569e-05 255.750000236 3.87990717396e-06 -3.88145085154e-05 0.999999999239 -0.00514214363479
0.999999999995 -7.7051963623e-07 -3.01115322056e-06 -1.35787745515e-06 7.7063705706e-07 0.999999999239 3.89954955647e-05 257.250000222 3.01112317147e-06 -3.8995497885e-05 0.999999999235 -0.00520255578778
0.999999999997 -5.91244808071e-07 -2.24710142898e-06 -1.118733568e-06 5.91332856918e-07 0.999999999232 3.91835001506e-05 258.750000207 2.24707826021e-06 -3.91835014793e-05 0.99999999923 -0.00526334159543
0.999999999999 -4.34173310651e-07 -1.59422450597e-06 -8.93268728329e-07 4.34236086628e-07 0.999999999225 3.9377335229e-05 260.250000191 1.59420740815e-06 -3.93773359213e-05 0.999999999223 -0.00532449701024
0.999999999999 -3.00556917498e-07 -1.05182963793e-06 -6.88454764921e-07 3.00598544625e-07 0.999999999217 3.95761446666e-05 261.750000175 1.05181774223e-06 -3.95761449828e-05 0.999999999216 -0.00538601950998
1 -1.901713575e-07 -6.14188030018e-07 -5.08299230779e-07 1.90195789252e-07 0.999999999209 3.97791906224e-05 263.25000016 6.14180464669e-07 -3.97791907393e-05 0.999999999209 -0.00544790693626
1 -1.01738893046e-07 -2.72232922098e-07 -3.54470485974e-07 1.01749778419e-07 0.999999999201 3.99858110762e-05 264.750000145 2.72228853769e-07 -3.99858111039e-05 0.999999999201 -0.00551015727782
1 -3.33308998192e-08 -1.49498221631e-08 -2.27070994194e-07 3.33315007091e-08 0.999999999192 4.01955826926e-05 266.250000131 1.4948482396e-08 -4.01955826931e-05 0.999999999192 -0.00557276972601
1 1.74408808339e-08 1.69575367677e-07 -1.24740128397e-07 -1.74477330078e-08 0.999999999184 4.04079216178e-05 267.750000118 -1.69574662788e-07 -4.04079216207e-05 0.999999999184 -0.00563574228484
1 5.31483467509e-08 2.93322522603e-07 -4.52311462737e-08 -5.31602622035e-08 0.999999999175 4.06225075654e-05 269.250000106 -2.93320363342e-07 -4.0622507581e-05 0.999999999175 -0.00569907431377
1 7.63517313628e-08 3.67743767609e-07 1.41579395794e-08 -7.63667496182e-08 0.999999999166 4.08390853567e-05 270.750000094 -3.67740649168e-07 -4.08390853848e-05 0.999999999166 -0.00576276544802
1 8.94736344081e-08 4.03368721311e-07 5.62932270407e-08 -8.94901955616e-08 0.999999999157 4.10572957602e-05 272.250000084 -4.03365047426e-07 -4.10572957963e-05 0.999999999157 -0.0058268145654
1 9.46840520743e-08 4.09556898382e-07 8.38415041188e-08 -9.47009572181e-08 0.999999999148 4.12768641121e-05 273.750000074 -4.09552989773e-07 -4.12768641509e-05 0.999999999148 -0.00589122087137
1 9.39871041586e-08 3.94423804607e-07 9.96751843288e-08 -9.40034717318e-08 0.999999999139 4.14976325859e-05 275.250000065 -3.94419904025e-07 -4.14976326229e-05 0.999999999139 -0.0059559841527
1 8.90818208594e-08 3.64777692815e-07 1.06342711339e-07 -8.90970390633e-08 0.99999999913 4.17193313359e-05 276.750000057 -3.64773976064e-07 -4.17193313684e-05 0.99999999913 -0.00602110339342
1 8.14022040218e-08 3.26180505055e-07 1.06176593829e-07 -8.14158845869e-08 0.99999999912 4.19419201971e-05 278.25000005 -3.26177090603e-07 -4.19419202237e-05 0.99999999912 -0.00608657886241
1 7.20970133843e-08 2.83029529628e-07 1.01139305568e-07 -7.21089473073e-08 0.999999999111 4.2165166174e-05 279.750000043 -2.83026489394e-07 -4.21651661944e-05 0.999999999111 -0.00615240961498
1 6.20663638819e-08 2.38684175876e-07 9.2870932781e-08 -6.20764814205e-08 0.999999999102 4.23890455855e-05 281.250000037 -2.38681544727e-07 -4.23890456003e-05 0.999999999102 -0.00621859586529
1 5.19486095773e-08 1.9559024391e-07 8.25204594974e-08 -5.19569443086e-08 0.999999999092 4.26134673422e-05 282.750000032 -1.95588030022e-07 -4.26134673524e-05 0.999999999092 -0.0062851374231
1 4.22658183419e-08 1.55456194918e-07 7.12379620692e-08 -4.22724778045e-08 0.999999999082 4.28384431195e-05 284.250000027 -1.55454384173e-07 -4.28384431261e-05 0.999999999082 -0.00635203470737
1 3.32880359292e-08 1.19335763657e-07 5.95390606923e-08 -3.3293174932e-08 0.999999999073 4.30636507928e-05 285.750000022 -1.19334330042e-07 -4.30636507968e-05 0.999999999073 -0.00641928602161
1 2.53359725667e-08 8.7841371759e-08 4.84601778219e-08 -2.5339775127e-08 0.999999999063 4.32892152763e-05 287.250000017 -8.78402749023e-08 -4.32892152785e-05 0.999999999063 -0.00648689228085
1 1.84443402072e-08 6.11398478424e-08 3.81585017341e-08 -1.8447000698e-08 0.999999999053 4.35151266751e-05 288.750000013 -6.11390451767e-08 -4.35151266762e-05 0.999999999053 -0.00655485364364
1 1.2705345811e-08 3.91601290089e-08 2.9186573591e-08 -1.27070587133e-08 0.999999999043 4.37412868522e-05 290.25000001 -3.91595732233e-08 -4.37412868527e-05 0.999999999043 -0.00662316973755
1 7.99154043131e-09 2.15806416041e-08 2.13292766158e-08 -7.99248927248e-09 0.999999999033 4.39675941858e-05 291.750000006 -2.15802902145e-08 -4.3967594186e-05 0.999999999033 -0.0066918400657
1 4.20487791594e-09 7.97951332869e-09 1.44979672912e-08 -4.20523055895e-09 0.999999999023 4.4194063128e-05 293.250000002 -7.97932749026e-09 -4.4194063128e-05 0.999999999023 -0.00676086480027
1 1.34531384851e-09 -2.10061634117e-09 9.05205935671e-09 -1.34522053621e-09 0.999999999013 4.44207624475e-05 294.749999999 2.10067609897e-09 -4.44207624475e-05 0.999999999013 -0.00683024449071
1 -7.81830414441e-10 -9.20481010658e-09 4.59742420584e-09 7.8224138527e-10 0.999999999003 4.46474836824e-05 296.249999996 9.20477519065e-09 -4.46474836824e-05 0.999999999003 -0.0068999779735
1 -2.20565946359e-09 -1.38172334478e-08 1.38580365168e-09 2.20627950086e-09 0.999999998993 4.48743587209e-05 297.749999993 1.38171344563e-08 -4.48743587209e-05 0.999999998993 -0.00697006608789
