0.999999999999 -9.999995e-07 1.0000005e-06 9.98727789704e-07 1.0000005e-06 0.999999999999 -9.999995e-07 9.99819357029e-07 -9.999995e-07 1.0000005e-06 0.999999999999 1.00028908918e-06
1 1.20394505342e-07 -1.79851674824e-08 -4.19611191063e-10 -1.20394505014e-07 1 1.82374622349e-08 8.99882375283e-08 1.79851696781e-08 -1.82374600696e-08 1 3.77691828974e-13
0.999679326748 0.0253227895735 5.89914199953e-07 0.00261884138713 -0.0253227895732 0.999679326748 -5.75664489416e-07 0.255133324417 -6.04302460979e-07 5.6054161606e-07 1 -1.54885493224e-08
0.998932737528 0.0461884778401 0.000102027521919 0.0101398336966 -0.0461884944806 0.998932727967 0.000167252420097 0.47314667276 -9.41934960994e-05 -0.000171786415499 0.999999980809 1.28193035169e-05
0.997789785346 0.0664494466765 0.000123673860996 0.0212350660218 -0.0664494735827 0.997789765191 0.000227906178346 0.68186873915 -0.000108256273279 -0.00023562051973 0.999999966382 -2.48379697274e-06
0.996225999133 0.086797155131 0.000111859289336 0.0362571070254 -0.0867971824689 0.99622596684 0.000268530651715 0.886618189724 -8.81294320348e-05 -0.00027722628795 0.999999957689 -1.53419068232e-05
0.994232797103 0.107243358657 8.47846332419e-05 0.0553448522155 -0.107243380196 0.994232748985 0.000313447355671 1.08913284557 -5.06805117954e-05 -0.000320732231831 0.999999947281 -2.60928237436e-05
0.991806586645 0.127748549266 5.33706463953e-05 0.0785510077079 -0.127748560218 0.99180652173 0.000358910297925 1.29011949742 -7.0830852873e-06 -0.000362787620732 0.999999934167 -3.66951775265e-05
0.988945710015 0.148278056528 2.43807957789e-05 0.105892964455 -0.148278054426 0.988945630566 0.000397943996507 1.4898943755 3.48950809538e-05 -0.000397160145136 0.999999920523 -4.7550420878e-05
0.985649709096 0.168803586923 1.23889652666e-06 0.137371713603 -0.168803572125 0.985649619564 0.000426017258447 1.68859842869 7.06921234268e-05 -0.000420112917017 0.999999909254 -5.8190173198e-05
0.981919063586 0.189301221188 -1.49672848228e-05 0.172979519936 -0.189301196288 0.981918969322 0.000441326570071 1.88628410181 9.82403195439e-05 -0.000430513647497 0.999999902503 -6.79235597081e-05
0.977755001218 0.209750225243 -2.45488427367e-05 0.212703365854 -0.209750193974 0.97775490742 0.000444009312318 2.08295505994 0.000117133804726 -0.000428983201181 0.999999901127 -7.61543953024e-05
0.973159328265 0.230132398841 -2.85232351812e-05 0.256526642012 -0.23013236504 0.97315923929 0.000435367689911 2.27858619722 0.000127949860708 -0.000417118009092 0.999999904821 -8.2489227189e-05
0.968134285047 0.250431638022 -2.81684811407e-05 0.304430048344 -0.250431604936 0.96813420408 0.000417300627655 2.47313451439 0.0001317761498 -0.000396948766864 0.999999912533 -8.67450026339e-05
0.962682433977 0.270633572751 -2.47630024323e-05 0.356392087956 -0.270633542705 0.962682362961 0.000391927914174 2.66654541955 0.000129907757369 -0.000370600419284 0.99999992289 -8.89187613804e-05
0.956806578803 0.290725248956 -1.94497786354e-05 0.412389341127 -0.290725223306 0.95680651856 0.000361352040243 2.85875658158 0.000123663836844 -0.000340089468132 0.999999934523 -8.91426067681e-05
0.950509709706 0.310694852839 -1.31770557837e-05 0.472396619017 -0.3106948321 0.950509660151 0.00032751551984 3.04970040458 0.000114282305054 -0.000307212638553 0.99999994628 -8.76412119894e-05
0.943794969288 0.330531474903 -6.68407821488e-06 0.536387043167 -0.330531458965 0.943794929686 0.000292119620762 3.23930568111 0.000102863128227 -0.000273491730381 0.999999957311 -8.46912558515e-05
0.93666563345 0.350224915037 -5.10591613803e-07 0.604332084975 -0.350224903385 0.936665602663 0.000256587536788 3.42749873779 9.03416018728e-05 -0.000240157905782 0.999999967081 -8.05926724603e-05
0.929125102721 0.369765524986 4.98074219369e-06 0.676201581938 -0.369765516902 0.929125079417 0.000222054069787 3.61420425233 7.74802072038e-05 -0.000208157717112 0.999999975334 -7.56432730802e-05
0.921176899861 0.389144085232 9.5767740796e-06 0.751963745112 -0.389144079942 0.921176882679 0.000189375442144 3.79934585261 6.48724303058e-05 -0.000178175027642 0.999999982023 -7.01219462381e-05
0.912824672809 0.40835170691 1.31851398822e-05 0.831585155485 -0.40835170369 0.912824660471 0.000159151946501 3.98284656506 5.29542481755e-05 -0.000150661997826 0.999999987248 -6.42779287898e-05
0.904072197693 0.427379762165 1.58060500097e-05 0.915030768823 -0.427379760392 0.904072189068 0.000131758590428 4.16462915421 4.20211448074e-05 -0.000125874464279 0.999999991195 -5.83247031381e-05
0.894923384385 0.44621982898 1.75062704844e-05 1.00226391488 -0.446219828158 0.894923378523 0.000107379753994 4.34461638662 3.22482047359e-05 -0.000103908297866 0.999999994082 -5.24370155962e-05
0.885382281662 0.464863652032 1.83964746041e-05 1.09324630211 -0.464863651792 0.885382277798 8.60461230489e-05 4.52273123922 2.37118024153e-05 -8.47355651177e-05 0.999999996129 -4.67530147649e-05
0.875453082175 0.483303114581 1.8611381037e-05 1.18793802421 -0.483303114661 0.875453079713 6.76692127983e-05 4.69889706401 1.64113504601e-05 -6.82361593359e-05 0.999999997537 -4.13747637342e-05
0.865140127408 0.501530218046 1.82945791985e-05 1.28629756831 -0.501530218274 0.865140125902 5.20749804371e-05 4.8730377234 1.02898017422e-05 -5.42274395088e-05 0.999999998477 -3.63743316031e-05
0.854447911559 0.519537069056 1.75860755506e-05 1.38828182701 -0.519537069327 0.854447910684 3.90316935365e-05 5.04507770073 5.25202614892e-06 -4.24871671794e-05 0.999999999084 -3.17958695471e-05
0.843381085475 0.537315870217 1.66142826433e-05 1.49384611027 -0.537315870473 0.843381085002 2.82748674072e-05 5.21494219441 1.18036326395e-06 -3.27736061063e-05 0.999999999462 -2.76617296659e-05
0.831944458598 0.554858916814 1.54906479438e-05 1.60294416303 -0.554858917026 0.831944458372 1.95267513657e-05 5.38255719639 -2.05276660178e-06 -2.48402967352e-05 0.999999999689 -2.39765747406e-05
0.820143001464 0.572158594224 1.43070545195e-05 1.71552818036 -0.572158594385 0.820143001382 1.25113489341e-05 5.54784956238 -4.57535481652e-06 -1.84469994709e-05 0.999999999819 -2.07314465408e-05
0.807981846371 0.58920737925 1.31351969577e-05 1.83154882683 -0.58920737936 0.807981846367 6.96524418389e-06 5.71074707206 -6.50902741889e-06 -1.3367145833e-05 0.999999999889 -1.7907141914e-05
0.795466288078 0.605997841899 1.20275317116e-05 1.9509552544 -0.605997841966 0.795466288114 2.64486144179e-06 5.87117848357 -7.96471567997e-06 -9.39255637501e-06 0.999999999924 -1.54770951078e-05
0.782601781971 0.62252265078 1.10195485213e-05 2.0736951271 -0.622522650812 0.782601782023 -6.68642588531e-07 6.02907358134 -9.04016346653e-06 -6.33663767497e-06 0.999999999939 -1.34114308193e-05
0.769393943587 0.638774576411 1.01317245563e-05 2.19971464032 -0.638774576416 0.769393943643 -3.16821436335e-06 6.1843632215 -9.81906230019e-06 -4.03428311866e-06 0.999999999944 -1.16767923669e-05
0.755848546321 0.654746496697 9.37272080494e-06 2.32895854471 -0.654746496682 0.755848546375 -5.02009889078e-06 6.33697937291 -1.03712495578e-05 -2.34232166243e-06 0.999999999943 -1.02395351634e-05
0.741971518211 0.670431402969 8.74210466354e-06 2.4613701719 -0.67043140294 0.741971518262 -6.36485098432e-06 6.48685515442 -1.07535886451e-05 -1.1384433462e-06 0.999999999942 -9.06706622309e-06
0.727768938846 0.68582240528 8.23231207374e-06 2.59689145977 -0.685822405241 0.727768938892 -7.3198115434e-06 6.63392487063 -1.10113117814e-05 -3.18772587617e-07 0.999999999939 -8.12691863019e-06
0.713247035906 0.700912737586 7.83141152847e-06 2.73546297824 -0.70091273754 0.713247035949 -7.98081548355e-06 6.77812404495 -1.11795862887e-05 2.03156894533e-07 0.999999999937 -7.38916023847e-06
0.698412182384 0.715695761788 7.52493313243e-06 2.87702395367 -0.715695761738 0.698412182425 -8.42493160006e-06 6.91938945243 -1.12851928111e-05 4.98512114991e-07 0.999999999936 -6.82643959963e-06
0.68327089138 0.730164973783 7.29714315698e-06 3.0215123001 -0.730164973731 0.683270891419 -8.71321596622e-06 7.05765914887 -1.13480106172e-05 6.25368498501e-07 0.999999999935 -6.4137502852e-06
0.667829813516 0.744314006403 7.13203592213e-06 3.16886464318 -0.744314006351 0.667829813554 -8.89340174336e-06 7.1928725002 -1.13824697023e-05 6.30804597148e-07 0.999999999935 -6.12779126196e-06
0.652095731674 0.758136634574 7.01478021738e-06 3.31901635294 -0.758136634521 0.652095731711 -9.00155277623e-06 7.32497020962 -1.13987151664e-05 5.51712277909e-07 0.999999999935 -5.94910080515e-06
0.636075558741 0.77162677735 6.93164108163e-06 3.47190156884 -0.771626777297 0.636075558779 -9.06482322693e-06 7.4538943459 -1.14037078081e-05 4.17272629765e-07 0.999999999935 -5.85988891564e-06
0.619776333195 0.784778501721 6.87072123514e-06 3.62745322938 -0.784778501668 0.619776333233 -9.10290036474e-06 7.57958836747 -1.14020709233e-05 2.49767893202e-07 0.999999999935 -5.84496222023e-06
0.603205215147 0.797586025688 6.82180500918e-06 3.78560310485 -0.797586025636 0.603205215186 -9.1297804034e-06 7.70199714913 -1.13967336259e-05 6.61548075485e-08 0.999999999935 -5.89094877368e-06
0.58636948361 0.810043720206 6.77660886384e-06 3.94628182417 -0.810043720155 0.586369483649 -9.15492916192e-06 7.82106700598 -1.13894895169e-05 -1.21178368941e-07 0.999999999935 -5.98660074344e-06
0.998295252537 0.0460622140498 0.0358449605879 3.02975700968 -0.0452451291062 0.998704571848 -0.0232821060499 9.43883270017 -0.0368709513692 0.0216206060691 0.999086123584 0.00134156928933
0.912116820651 0.406073135945 0.0561027071542 3.49329412276 -0.404624687957 0.913787912434 -0.0356442559775 9.1572471429 -0.0657401504556 0.00981118506082 0.997788541358 -0.00487560377886
0.816993426926 0.576106538225 0.0249599073303 3.87552932044 -0.574809076852 0.817079317185 -0.0444512609178 8.99893081846 -0.0460028860855 0.0219692066976 0.998699698823 0.00591706915479
0.710929635321 0.703258298852 -0.00261126745046 4.21134174356 -0.702872384237 0.710405953362 -0.0359693328326 8.89688299337 -0.023440671876 0.0274070524522 0.999349482602 0.00887317280037
0.600452046127 0.799426241195 -0.0193655671257 4.50834634204 -0.799660517013 0.600294860342 -0.0137527516487 8.83381702387 0.000630739856575 0.0237437472874 0.99971787852 0.00596616111959
0.496689838371 0.867517962044 -0.0266793926179 4.7731027333 -0.867689209956 0.497039651649 0.00818655085418 8.80171889429 0.0203626959262 0.0190832444822 0.99961051935 0.00308151649843
0.408762386504 0.912218209884 -0.0277713689765 5.01230135348 -0.91215778949 0.409346764906 0.0200846492194 8.79532778615 0.0296897028046 0.0171220213897 0.999412506391 0.00280327651192
0.340648270721 0.939840854044 -0.0256500433824 5.23267476711 -0.939754704653 0.341194378234 0.0211539912058 8.8097704708 0.0286330357648 0.0168986784201 0.999447139138 0.00445315968994
0.291843325342 0.956217950548 -0.0217877144907 5.44027045893 -0.956234675321 0.292198103642 0.0153464635176 8.84031464833 0.0210408927498 0.0163554051468 0.999644827704 0.00641341072208
0.259363037439 0.965637173288 -0.0166031434937 5.63990358243 -0.96571682575 0.259504246139 0.00696840723881 8.88265833602 0.0110375393043 0.0142265877646 0.999837875321 0.00754777107144
0.239365159 0.970872585617 -0.0105234573435 5.8350588477 -0.970928332919 0.239368408102 -0.000968265220357 8.93312533969 0.00157892107399 0.0104492918535 0.999944158095 0.00751594226876
0.22809690072 0.973628607585 -0.00437474284824 6.02805458371 -0.973621476748 0.22806410532 -0.00692703975248 8.98870912953 -0.0057466422552 0.005839379891 0.999966438309 0.0065649764475
0.222348774818 0.974966774885 0.000900114905519 6.22029614153 -0.97491073471 0.222345740086 -0.0105560983685 9.04703690693 -0.0104919818965 0.00146960385522 0.999943877715 0.00517721240965
0.219597284637 0.975579443409 0.00466713807097 6.41254235899 -0.975504822187 0.219638902099 -0.0122104289518 9.10629086387 -0.0129373285624 -0.00187143865198 0.999914557973 0.00378201509308
0.21796678802 0.975932627235 0.00678132864639 6.60514598243 -0.975860742948 0.218037384195 -0.0124703434967 9.16509938043 -0.0136487982506 -0.00389951169356 0.999899246982 0.00262518078836
0.216115643386 0.976339067639 0.00748690090527 6.79824268917 -0.9762788661 0.216193090542 -0.0118373649582 9.22242303874 -0.0131758981119 -0.00475106338246 0.999901906742 0.00177659865539
0.213118119554 0.976999860659 0.00720689870873 6.99187812277 -0.976953477431 0.213186553106 -0.0106487797543 9.27746393322 -0.0119402702304 -0.00477135683821 0.999917328633 0.00119902131141
0.208371105124 0.978029098345 0.00636909262644 7.18607700564 -0.97799614519 0.208423481757 -0.00912097836554 9.3296075224 -0.0102480507077 -0.00432839969517 0.999938119292 0.000815486292602
0.201525174865 0.97946891975 0.00531405118883 7.38086863559 -0.979447874361 0.201561078408 -0.00741573201975 9.37838724894 -0.00833458491888 -0.00371037944911 0.999958383023 0.000551650008639
0.192430137576 0.98130139088 0.00426877137214 7.57628671241 -0.98128985664 0.192452570238 -0.00567674774995 9.42345838421 -0.00639213648503 -0.00309652469729 0.999974775745 0.000354012700439
0.181087867267 0.9834611926 0.00335663193026 7.77235895939 -0.983456281309 0.181100729364 -0.00403343259764 9.46457382265 -0.00457461292353 -0.00257069504898 0.999986232127 0.000192461910423
0.167610343795 0.985849833847 0.00262254780494 7.96909641674 -0.985848781611 0.167617052441 -0.00258911711496 9.5015611072 -0.00299206441055 -0.00215147274845 0.999993209335 5.49841782687e-05
0.1521836106 0.988350089628 0.00206130969495 8.16648686383 -0.988350764766 0.152186655048 -0.00140989748244 9.53430262648 -0.00170717613063 -0.00182273372397 0.999996881591 -5.99578667915e-05
0.135038505295 0.990838989965 0.00164257511212 8.36449316476 -0.990840076082 0.135039518163 -0.000521694169289 9.56272049188 -0.000738727475456 -0.00155708044822 0.99999851489 -0.000150125264289
0.116427999092 0.993198245142 0.00132923813798 8.56305554975 -0.993199132092 0.116427990183 8.43448655156e-05 9.58676610135 -7.09893524629e-05 -0.00133001826892 0.999999113006 -0.000213847411593
0.0966101484276 0.995321704115 0.00108836473554 8.76209628177 -0.995322242991 0.0966097178291 0.00044162118241 9.60641328589 0.000334408537854 -0.00112593871775 0.999999310216 -0.000251916798784
0.0758354605204 0.997119942936 0.000895726942234 8.96152523296 -0.997120205828 0.0758349442595 0.00059695716514 9.62165361583 0.000527310491703 -0.000938417954536 0.999999420658 -0.000267669796429
0.054337722809 0.998522343381 0.000735968011523 9.16124523326 -0.998522457393 0.0543372858935 0.000601201464488 9.63249273286 0.000560322590914 -0.000767548505958 0.999999548454 -0.00026610082365
0.0323276800853 0.999477143532 0.000600547787163 9.3611564605 -0.999477207265 0.0323273801269 0.000502644210463 9.63894706767 0.000482967263086 -0.000616483146376 0.999999693346 -0.0002527256902
0.00998916506062 0.999949989364 0.000485131048426 9.56115954261 -0.999950049812 0.00998899916622 0.000343185463528 9.64104074749 0.000338322326966 -0.00048853495228 0.999999823436 -0.000232630040437
-0.0125226417036 0.999921513606 0.000387392248467 9.76115737757 -0.999921575607 -0.0125227031721 0.00015665586581 9.63880275858 0.000161494768595 -0.000385400122187 0.999999912693 -0.000209887059025
-0.0350811655988 0.999384419745 0.000305598534391 9.96105587531 -0.999384466255 -0.0350811576242 -3.14180434028e-05 9.63226451144 -2.0677952721e-05 -0.000306512609764 0.999999952811 -0.000187342584608
-0.0575869906833 0.998340463915 0.000237938381352 10.1607639406 -0.998340474349 -0.0575869428567 -0.000203195817201 9.62145791901 -0.000189156462439 -0.000249244952137 0.999999951048 -0.000166678640802
-0.079965406553 0.996797622636 0.000182378301247 10.3601930132 -0.996797584107 -0.0799653398874 -0.000347470560434 9.60641402861 -0.00033177388573 -0.000209579874707 0.999999923001 -0.000148636727344
-0.102163318836 0.994767629937 0.000136800957938 10.559256425 -0.994767541114 -0.102163246668 -0.000458449378052 9.58716218479 -0.00044207457124 -0.00018292186253 0.999999885555 -0.000133300052899
-0.124145851587 0.992263975809 9.92272610034e-05 10.7578687606 -0.992263845523 -0.124145781833 -0.000534528292596 9.56372963888 -0.000518074522897 -0.000164819093665 0.999999852217 -0.000120364250295
-0.145892901795 0.989300387436 6.79997345503e-05 10.9559453235 -0.989300230677 -0.145892839007 -0.000577155629014 9.53614150857 -0.000561059613069 -0.000151475062581 0.999999831134 -0.000109355656938
-0.167395841442 0.985889765904 4.18740303651e-05 11.1534017467 -0.985889599405 -0.16739578812 -0.000589835318975 9.50442098983 -0.000574503068231 -0.000140019150554 0.99999982517 -9.97820626315e-05
-0.188654503695 0.982043521355 2.00168371838e-05 11.3501537497 -0.98204336009 -0.188654460948 -0.000577293840122 9.46858973094 -0.000563151409981 -0.000128566484941 0.999999833166 -9.12227146505e-05
-0.209674537231 0.977771235225 1.93225500967e-06 11.5461170201 -0.977771090335 -0.209674505084 -0.00054481488392 9.42866829498 -0.000532299177406 -0.00011612311175 0.999999851586 -8.33652985779e-05
-0.230465169011 0.973080575139 -1.26463475612e-05 11.7412071804 -0.973080453231 -0.230465146607 -0.000497733878744 9.38467665714 -0.000487249711339 -0.000102404408871 0.999999876051 -7.60120160189e-05
-0.251037383119 0.967977392146 -2.3871686509e-05 11.9353398227 -0.96797729562 -0.251037368964 -0.000441075268842 9.33663469487 -0.000432943573848 -8.76191306997e-05 0.999999902441 -6.90609346578e-05
0.60017914139 0.79985156187 0.00474101413756 12.5980614088 -0.799006774253 0.599798779942 -0.0427738036425 11.0732221358 -0.037056348146 0.0218838423314 0.999073533083 0.00139265493497
0.267184897456 0.963578905991 0.0113102829774 12.6765679516 -0.961540343111 0.267358253543 -0.0629264080651 10.5361712154 -0.0636584569452 0.00593769251143 0.997954079438 -0.00622872477384
0.0748855702012 0.997113331787 -0.0125361456388 12.7981322857 -0.996356986009 0.0743025402507 -0.0418555724182 10.1405820599 -0.0408032818018 0.0156248546915 0.999045022064 0.00320824905641
-0.0905038974326 0.995617979808 -0.0235347154766 12.9335823387 -0.995776685947 -0.0908337220397 -0.0133426633198 9.81703851573 -0.0154219413036 0.0222277579495 0.999633978266 0.00637677458867
-0.234516794896 0.971945428184 -0.0179988206382 13.0743276626 -0.972066286354 -0.234285860547 0.0140453010827 9.5482954692 0.00943439699276 0.0207899057298 0.999739352018 0.00423755111654
-0.352513843658 0.935783026722 -0.00664205759584 13.2183230864 -0.935373095253 -0.352125654461 0.0329347255405 9.32402147571 0.0284809182727 0.0178227486624 0.999435434095 0.00198281446204
-0.442643407098 0.896696780866 0.00130281913034 13.3657955323 -0.895935278945 -0.442326469598 0.0405865770311 9.13571193059 0.0369701243566 0.0167981391185 0.999175176046 0.00203965232393
-0.507294668906 0.86176632476 0.00330460431752 13.5173088043 -0.861043516633 -0.507019431591 0.0391836503423 8.9751576161 0.0354426489489 0.0170322488043 0.999226561464 0.003849369506
-0.551069469401 0.834458338843 0.0013117279607 13.6730823088 -0.834004037889 -0.550820014321 0.0321648349643 8.83474561596 0.0275627407676 0.0166310721213 0.999481717072 0.00588881636176
-0.579006928125 0.815320601492 -0.00181492882225 13.8328771566 -0.815142117571 -0.578830469629 0.02232970199 8.70802473333 0.0171553299551 0.0144084770786 0.999749013724 0.00704854874302
-0.595680696021 0.80321045401 -0.00418030575648 13.9960890734 -0.803190627154 -0.595604351514 0.0118436864988 8.58993125527 0.00702316451063 0.0104126378193 0.999921122956 0.00700462204925
-0.604863338702 0.796312321188 -0.00519890558203 14.1618834056 -0.796328336811 -0.604859835125 0.00239996751521 8.47673055757 -0.00123348547036 0.0055916881994 0.999983605634 0.00603300178206
-0.609471620832 0.792790998953 -0.00517449317254 14.329328338 -0.792776555831 -0.609492578636 -0.00491213919707 8.36581805092 -0.00704811492791 0.00110840743731 0.999974547431 0.00464414353483
-0.611655748996 0.791110145134 -0.00468860166845 14.497505365 -0.791053699307 -0.611669653385 -0.00970978580888 8.25545900949 -0.0105493854179 -0.00223011061711 0.999941866847 0.00327959178308
-0.612954292242 0.79010735847 -0.00417105664689 14.6655793398 -0.790024462679 -0.61295428979 -0.0121814201687 8.14452122147 -0.0121812967766 -0.00417141699174 0.999917104209 0.00218101533067
-0.614447312882 0.788948832548 -0.0037735013453 14.8328318438 -0.788859956993 -0.614439385757 -0.0128144248063 8.0322488677 -0.0124285133395 -0.00489702477941 0.999910771621 0.0014065531178
-0.616871206792 0.78705654754 -0.00345039208623 14.9986734605 -0.786977119082 -0.616862276158 -0.012163317535 7.91810543129 -0.0117016354217 -0.00478782074267 0.999920071056 0.000907240513688
-0.620694774539 0.784046187027 -0.00309410199067 15.1626438131 -0.783984220749 -0.620688053307 -0.0107276324642 7.80168447251 -0.0103314314707 -0.00423285827565 0.999937670275 0.000597616337699
-0.626171760795 0.779680711113 -0.00262958188433 15.3244006055 -0.77963777368 -0.626167332271 -0.00891144477744 7.68266839746 -0.00859463987462 -0.00352997370151 0.999956834794 0.000398261718397
-0.633383583478 0.773835282401 -0.00204741078489 15.4836990489 -0.773808745374 -0.633380431554 -0.00701815552665 7.56081237877 -0.00672768629041 -0.00286088012616 0.999973276444 0.000253278917853
-0.642278951818 0.766469703903 -0.00139321585472 15.6403662943 -0.766455159876 -0.642276317282 -0.00525548839353 7.43593724693 -0.00492300218121 -0.00230765209601 0.999985219286 0.000132078812252
-0.652711336402 0.757606339107 -0.000739105433872 15.7942766904 -0.757599426282 -0.652709034343 -0.00374510124079 7.30792346261 -0.00331973323464 -0.00188452418317 0.999992713943 2.35088082825e-05
-0.664472684082 0.747312536918 -0.000155801905529 15.9453321537 -0.747309877449 -0.664470848431 -0.00253745021925 7.17670397185 -0.00199979418501 -0.00156963405499 0.999996768531 -7.22646556647e-05
-0.677321745275 0.735686862759 0.000305517530168 16.093449295 -0.735686256123 -0.677320509459 -0.00163095613585 7.04225618885 -0.000992939713702 -0.00132944710435 0.99999862332 -0.000150894819248
-0.691006395164 0.722848377803 0.000620120983676 16.238552709 -0.722848586181 -0.691005743272 -0.000992079226971 6.90459383234 -0.000288615698625 -0.00113378666666 0.999999315614 -0.000208577307514
-0.705280266966 0.708928151633 0.000787940276393 16.3805726166 -0.708928573687 -0.705280050442 -0.000572589439873 6.76375909506 0.000149793784626 -0.00096242940931 0.999999525646 -0.000244216589388
-0.719914450256 0.694062317348 0.000827012761145 16.5194448345 -0.694062710373 -0.719914474424 -0.000321845877075 6.6198153976 0.00037199736201 -0.000805700216174 0.999999606232 -0.000259657985633
-0.734705067889 0.678386230016 0.00076559991289 16.6551114295 -0.678386525126 -0.734705168723 -0.000193853216283 6.47284089931 0.000430982860604 -0.000661797604972 0.999999688139 -0.00025884119768
-0.749477450946 0.662029566566 0.000635229626032 16.7875210742 -0.662029764178 -0.749477530538 -0.00015020389716 6.32292294822 0.000376650910509 -0.000533115353487 0.999999786961 -0.000246621229715
-0.764087558869 0.645112382091 0.000465676972223 16.916628712 -0.645112500828 -0.764087583677 -0.000160457897345 6.17015362759 0.000252304616098 -0.000423017919213 0.999999878699 -0.000227729740691
-0.778421258941 0.627742195569 0.000282012650803 17.0423945673 -0.627742252004 -0.778421238485 -0.000201309012618 6.01462645813 9.31544753382e-05 -0.000333734471547 0.999999939972 -0.000206095061461
-0.792392058811 0.61001214287 0.000103366393679 17.1647827543 -0.610012147152 -0.792392021093 -0.000255411675212 5.85643420409 -7.38975177098e-05 -0.000265440938917 0.99999996204 -0.000184539533461
-0.805937849668 0.592000151361 -5.71063246391e-05 17.2837597721 -0.592000109546 -0.805937822673 -0.000310293052374 5.69566761762 -0.000229717680912 -0.000216269964955 0.999999950229 -0.000164777408048
-0.819017139941 0.573769019548 -0.000191543662417 17.3992931412 -0.573768937336 -0.819017141924 -0.000357467886879 5.53241490093 -0.000361981541921 -0.000182870522694 0.999999917764 -0.000147594630383
-0.83160516864 0.555367225949 -0.000296364399813 17.5113503217 -0.555367111184 -0.831605205831 -0.00039172768785 5.36676166075 -0.000464010897036 -0.000161171729334 0.999999879359 -0.000133108783593
-0.843690177605 0.536830277121 -0.000371185404228 17.6198979833 -0.5368301403 -0.843690246434 -0.000410534121305 5.19879115794 -0.000533552651274 -0.000147100093088 0.999999846842 -0.000121031264043
-0.855270028778 0.518182403497 -0.000417826632983 17.7249016184 -0.518182256685 -0.855270119849 -0.000413461883426 5.02858470315 -0.000571603306976 -0.000137111209355 0.999999827235 -0.000110886206748
-0.866349271038 0.499438432071 -0.000439480093379 17.8263254445 -0.499438287081 -0.866349372979 -0.000401667761917 4.85622210327 -0.00058135162056 -0.000128491387693 0.99999982276 -0.000102167838234
-0.876936698788 0.480605693539 -0.000440065043734 17.9241325296 -0.480605560214 -0.87693680107 -0.00037738724475 4.68178209482 -0.00056728369021 -0.000119447017701 0.999999831961 -9.44334373998e-05
-0.171107697213 0.984863871183 -0.0276642584071 19.6419442283 -0.984552530987 -0.171976838415 -0.03286762503 5.38997496351 -0.0371277481216 0.0216130120008 0.999076777846 0.00143157700401
-0.516888691444 0.85521266348 -0.0379128062925 19.3050473948 -0.854010520552 -0.518206944021 -0.0461258491036 4.96413259117 -0.0590940897553 0.00853600565258 0.998215921113 -0.00415438352149
-0.674331554584 0.737462744814 -0.0377578402935 19.1001424386 -0.737672211641 -0.675073448841 -0.0107492717204 4.6041208601 -0.0334165028954 0.0206043364462 0.999229102185 0.0061236136077
-0.787506421148 0.615811275709 -0.0247003919045 18.9572809993 -0.616239729983 -0.787378216814 0.016856419455 4.28352651494 -0.0090681773639 0.0284959013961 0.999552775877 0.00958764509781
-0.869009137171 0.494793219589 -0.00167013843112 18.8579177332 -0.494614730976 -0.868594390468 0.0300008791449 3.99674939272 0.01339355871 0.0268971131709 0.999548477008 0.00725418968585
-0.923146407992 0.383963731142 0.0193018801835 18.7930895897 -0.383239339481 -0.923061170646 0.0329497180662 3.73812760073 0.0304683128066 0.0230201740649 0.999270610746 0.00454923715574
-0.95616362507 0.291298028613 0.0299429560947 18.7567651421 -0.29039005404 -0.956397365313 0.0312681329338 3.50162281683 0.0377457098007 0.0212023146967 0.999062422095 0.00424225031971
-0.975025011581 0.220055507616 0.0300299909983 18.7433608237 -0.219237978153 -0.975261558247 0.0282772336118 3.28119564335 0.0355096568115 0.0209872955194 0.999148936696 0.00586640831051
-0.985290596808 0.169274050212 0.0234251097546 18.7475087492 -0.168700792675 -0.985359952571 0.0246131351224 3.07147734669 0.0272485301073 0.02029925601 0.999422562189 0.00780691798449
-0.990653054993 0.135668180839 0.0141657806168 18.7643896522 -0.135376519851 -0.990595462255 0.019845100963 2.86822051754 0.0167249067445 0.0177418958148 0.999702707122 0.0088525587611
-0.993333949679 0.115159194931 0.00510139566443 18.7899333734 -0.115078862694 -0.993258543456 0.0139399143711 2.66838551008 0.00667231414362 0.0132599273892 0.999889821205 0.00862938226416
-0.994599602658 0.103762742153 -0.00221894863981 18.8208537268 -0.103776809411 -0.994571381143 0.00762506659414 2.47001072745 -0.00141570499447 0.00781416361486 0.999968466816 0.0074136004707
-0.995153507992 0.0980621404902 -0.00730151582798 18.8546036731 -0.0980787303055 -0.995176750276 0.00194894116604 2.27198690126 -0.00707518145135 0.00265561903997 0.99997144434 0.00574728056974
-0.995385965062 0.0953955733839 -0.01031819445 18.8892772665 -0.0953767552525 -0.995438584756 -0.00230185521188 2.07379906696 -0.0104907156783 -0.00130711846481 0.999944116601 0.00411148466286
-0.995520016069 0.0938236800806 -0.0117053262114 18.92347006 -0.0937722080614 -0.995581755492 -0.00487248661421 1.87528785002 -0.0121107638434 -0.00375302366756 0.999919618876 0.00277750681385
-0.995689080394 0.0919874355136 -0.0118981886069 18.9561357442 -0.0919217105067 -0.99574840784 -0.00595881050298 1.6764658344 -0.0123957380584 -0.00483942070127 0.999911458923 0.00181713409821
-0.995971632615 0.0889616001866 -0.0112401387007 18.9864769612 -0.0888986819765 -0.99602272578 -0.0059794708938 1.47739926726 -0.0117273768858 -0.00495614987255 0.99991894932 0.00118179050828
-0.996403180886 0.0841471249002 -0.00999812436741 19.0138791988 -0.0840965252427 -0.996443096485 -0.00537865309309 1.27814711271 -0.0104151601973 -0.00451849953259 0.999935551723 0.00077868486574
-0.996980357754 0.077198437562 -0.00840044581879 19.0378736877 -0.077162535748 -0.997008292009 -0.00451760359488 1.07874154454 -0.00872406607696 -0.00385576234742 0.999954510849 0.00051811781492
-0.997665201764 0.0679696195172 -0.00665402216693 19.0581123041 -0.067946511826 -0.997682326759 -0.00363956088414 0.879192544081 -0.00688597988631 -0.00317894564796 0.999971238379 0.000334071675295
-0.99839215087 0.0564687714958 -0.00493871717937 19.0743451832 -0.0564550409549 -0.998400997592 -0.00287686606556 0.679502064768 -0.00509327325119 -0.00259342501834 0.999983666224 0.000187659656409
-0.999077173173 0.0428169183421 -0.00339316211052 19.0863992391 -0.0428093351501 -0.999080665791 -0.00227685472607 0.479678217648 -0.0034875305634 -0.00212949456944 0.999991651157 6.18464875829e-05
-0.999627476434 0.027211694953 -0.00210523535196 19.0941590987 -0.0272078528589 -0.999628117955 -0.00183263106325 0.279744910865 -0.00215432145019 -0.00177466943131 0.999996104716 -4.68016818662e-05
-0.999950404956 0.00989696709791 -0.00111250664289 19.0975520309 -0.00989528126899 -0.999949899238 -0.00151076872415 0.0797459194516 -0.00112740293381 -0.00149968523136 0.999998239952 -0.000135789071262
-0.999960654228 -0.00886120099496 -0.000411234290368 19.0965371119 0.00886171755796 -0.999959925463 -0.00127178208032 -0.120255690601 -0.000399948293709 -0.00127537628321 0.999999106728 -0.0002020587159
-0.999585402664 -0.0287927395723 3.04764060155e-05 19.0910977956 0.0287926897579 -0.999584818751 -0.00108219136824 -0.320181147989 6.16230070162e-05 -0.00108086519688 0.999999413966 -0.000244714428688
-0.998767293913 -0.0496369341394 0.000259576064696 19.0812366188 0.0496366765094 -0.998766917389 -0.000919279399414 -0.519940908678 0.000304886196969 -0.000905261704949 0.999999543773 -0.000265626136521
-0.997465436287 -0.0711519226255 0.000327596495525 19.0669709953 0.0711516534107 -0.997465211416 -0.000770864320453 -0.719439613922 0.000381614586152 -0.00074560148341 0.999999649224 -0.000268777412874
-0.995654753467 -0.0931210581147 0.000283610802787 19.0483294887 0.0931208646041 -0.995654611012 -0.00063257158566 -0.918580208273 0.000341284138918 -0.000603412823004 0.999999759709 -0.000259148891897
-0.993324125754 -0.115356630484 0.000170289633669 19.0253483954 0.115356532132 -0.993324023641 -0.000504530901558 -1.11726681217 0.000227353768879 -0.000481518695108 0.999999858225 -0.000241673042828
-0.990473794346 -0.137701351554 2.22417734322e-05 18.9980686913 0.137701332629 -0.990473720987 -0.000388620637367 -1.31540632078 7.55434791e-05 -0.000381855835413 0.99999992424 -0.000220516542048
-0.987112467868 -0.160027990593 -0.000134187012062 18.9665334892 0.160028023431 -0.987112430036 -0.000286681101695 -1.51290893791 -8.65806669109e-05 -0.000304460172096 0.999999949904 -0.000198743186077
-0.983254485731 -0.18223758593 -0.000280293066408 18.9307860906 0.182237644482 -0.983254494559 -0.000199656266931 -1.70968797528 -0.000239214541239 -0.000247392868251 0.999999940787 -0.000178283327458
-0.978917286915 -0.204256657591 -0.000403991228892 18.8908686467 0.20425672299 -0.978917348339 -0.000127413482372 -1.9056592434 -0.000369448970498 -0.00020724518501 0.999999910278 -0.000160099912463
-0.974119328064 -0.226033816167 -0.000498640154201 18.8468213774 0.226033877222 -0.97411943908 -6.89498942281e-05 -2.10074030543 -0.000470150059597 -0.000179874992028 0.999999873302 -0.000144446234613
-0.968878505114 -0.24753611179 -0.000561860587117 18.7986822454 0.247536163179 -0.968878654632 -2.27434100589e-05 -2.29484977473 -0.000538744914442 -0.000161116415115 0.999999841898 -0.000131131766997
-0.963211068048 -0.268745390741 -0.000594429031064 18.7464869753 0.268745430807 -0.963211240203 1.29100045637e-05 -2.4879067594 -0.000576030228445 -0.000147315026753 0.999999823244 -0.000119746292361
-0.957130975203 -0.289654858674 -0.000599294471413 18.6902693073 0.289654887719 -0.957131153212 3.96491569753e-05 -2.67983048224 -0.000585087979497 -0.000135639136546 0.999999819637 -0.000109826065096
-0.950649612807 -0.310265976878 -0.000580742336205 18.6300614029 0.310265996135 -0.950649782081 5.89135298482e-05 -2.87054007212 -0.000570361439248 -0.000124178475101 0.999999829634 -0.000100953498268
-0.943775794928 -0.330585772958 -0.000543715331635 18.5658943192 0.330585784071 -0.943775944915 7.19026892601e-05 -3.05995449052 -0.000536915456985 -0.000111884541506 0.999999849602 -9.28086458609e-05
-0.936515965255 -0.350624590538 -0.000493287583146 18.4977985122 0.350624595313 -0.936516089998 7.96006313352e-05 -3.24799255902 -0.000489881697381 -9.84114971239e-05 0.999999875166 -8.51809109416e-05
-0.928874527022 -0.370394282422 -0.000434280528588 18.4258043217 0.370394282666 -0.928874624752 8.28314789132e-05 -3.43457304733 -0.000434072469223 -8.39149740643e-05 0.99999990227 -7.7956814052e-05
-0.920854243286 -0.389906815764 -0.000371004125764 18.349942423 0.389906813153 -0.920854315449 8.23195099245e-05 -3.61961479675 -0.000373737688249 -6.88527663241e-05 0.99999992779 -7.10976122437e-05
-0.912456658177 -0.409173255034 -0.000307103393904 18.27024422 0.409173250997 -0.912456708271 7.87373483369e-05 -3.80303685579 -0.000312435769012 -5.38140763386e-05 0.999999949744 -6.4613943657e-05
-0.903682506135 -0.428203068461 -0.000245490072281 18.1867421817 0.428203064096 -0.903682538621 7.27348403583e-05 -3.98475861487 -0.00025299037355 -3.93903983373e-05 0.999999967222 -5.85425578597e-05
-0.894532084282 -0.447003707724 -0.000188339595752 18.099470113 0.447003703767 -0.894532103728 6.49485456722e-05 -4.16469993425 -0.00019750805553 -2.60899389357e-05 0.999999980155 -5.2927062393e-05
-0.885005574372 -0.465580406079 -0.000137136434814 18.0084633686 0.465580402931 -0.885005584881 5.59939969061e-05 -4.34278125929 -0.000147436218519 -1.4293037184e-05 0.999999989029 -4.78080846102e-05
-0.875103306739 -0.483936146544 -9.27499527021e-05 17.9137590091 0.483936144333 -0.875103311644 4.64509498785e-05 -4.51892372647 -0.000103645084452 -4.23567465794e-06 0.99999999462 -4.32123689783e-05
-0.864825964473 -0.502071755917 -5.55296738451e-05 17.8153959073 0.502071754581 -0.864825966247 3.68428589098e-05 -4.69304925511 -6.65212627043e-05 3.98278021188e-06 0.99999999778 -3.91513358141e-05
-0.85417473024 -0.519986085942 -2.54076770894e-05 17.7134148096 0.519986085312 -0.854174730555 2.76185457892e-05 -4.8650806302 -3.60638552562e-05 1.03794253525e-05 0.999999999296 -3.56211739839e-05
-0.843151382753 -0.537676246227 -1.99985380754e-06 17.607858367 0.537676246098 -0.843151382621 1.91393131987e-05 -5.03494157404 -1.19769335789e-05 1.50620645005e-05 0.999999999815 -3.26031516718e-05
-0.831758346249 -0.555137868651 1.52992673156e-05 17.4987711298 0.555137868827 -0.831758346191 1.16714391333e-05 -5.20255680887 6.24603543579e-06 1.8201019564e-05 0.999999999815 -3.00679795656e-05
-0.819998704372 -0.572365376387 2.72335819569e-05 17.3861995244 0.572365376711 -0.81999870458 5.38710870581e-06 -5.36785211197 1.92481074237e-05 2.0004981555e-05 0.999999999615 -2.79763014004e-05
-0.807876185408 -0.589352244292 3.46142163623e-05 17.2701918174 0.589352244655 -0.807876185885 3.69411883801e-07 -5.53075436321 2.77462873693e-05 2.06984051736e-05 0.999999999401 -2.62843124973e-05
-0.795395123552 -0.606091243927 3.82634148554e-05 17.1507980599 0.606091244265 -0.795395124208 -3.37640332264e-06 -5.69119158444 3.24809421013e-05 2.05055459816e-05 0.999999999262 -2.49449336397e-05
-0.782560407096 -0.622574660363 3.89714996978e-05 17.0280700321 0.622574660645 -0.78256040782 -5.90931301986e-06 -5.84909297375 3.41765412432e-05 1.96382737967e-05 0.999999999223 -2.39102934221e-05
-0.76937741772 -0.638794480015 3.74662607474e-05 16.9020611821 0.638794480235 -0.769377418415 -7.33743611426e-06 -6.00438893579 3.35128086588e-05 1.82879829102e-05 0.999999999271 -2.31339255382e-05
-0.755851965157 -0.654742549087 3.43936846077e-05 16.7728265633 0.654742549251 -0.755851965757 -7.80247933401e-06 -6.1570111061 3.11051493287e-05 1.66214894005e-05 0.999999999378 -2.25712767956e-05
-0.741990223162 -0.670410700849 3.03073258103e-05 16.6404227756 0.670410700971 -0.741990223634 -7.46579247954e-06 -6.30689237299 2.74928866244e-05 1.47788105131e-05 0.999999999513 -2.21814919437e-05
-0.727798668097 -0.685790855916 2.56655831819e-05 16.5049079069 0.685790856006 -0.727798668436 -6.49554113722e-06 -6.45396689684 2.31339599805e-05 1.2873776072e-05 0.99999999965 -2.19269826933e-05
-0.713284023748 -0.700875096598 2.08337918887e-05 16.3663414798 0.700875096666 -0.713284023968 -5.05689767819e-06 -6.59817012843 1.84046645616e-05 1.09948815804e-05 0.99999999977 -2.17751698524e-05
-0.698453211769 -0.715655720797 1.60911450547e-05 16.2247843993 0.715655720849 -0.698453211894 -3.30374859216e-06 -6.73943882508 1.36032585265e-05 9.20820619832e-06 0.999999999865 -2.1697414564e-05
-0.683313311693 -0.730125275503 1.16395800116e-05 16.080298909 0.73012527554 -0.68331331175 -1.37328919379e-06 -6.87771106828 8.95615311604e-06 7.55996477619e-06 0.999999999931 -2.16694315814e-05
-0.667871526873 -0.744276577312 7.61437452584e-06 15.9329485477 0.744276577336 -0.667871526888 6.17451660454e-07 -7.01292627958 4.62586913238e-06 6.07957899389e-06 0.999999999971 -2.16708586087e-05
-0.652135158729 -0.758102720436 4.09500867868e-06 15.7827981089 0.758102720447 -0.652135158724 2.57301522615e-06 -7.14502523895 7.19889291976e-07 4.78239091248e-06 0.999999999988 -2.16856036552e-05
-0.636111587363 -0.771597076473 1.11635074922e-06 15.6299136047 0.771597076469 -0.636111587353 4.41984548389e-06 -7.27395010233 -2.7002162067e-06 3.67288790107e-06 0.99999999999 -2.17005895817e-05
-0.619808258718 -0.784753287616 -1.32132573979e-06 15.4743622319 0.784753287597 -0.619808258713 6.10503133538e-06 -7.39964442089 -5.60991201741e-06 2.74703412311e-06 0.99999999998 -2.17058490871e-05
-0.603232676295 -0.797565256415 -3.24335923412e-06 15.3162123401 0.797565256381 -0.6032326763 7.59421376398e-06 -7.52205315946 -8.01338131894e-06 1.9942872541e-06 0.999999999966 -2.1694587322e-05
-0.586392397182 -0.810027133191 -4.69246382735e-06 15.1555333989 0.810027133144 -0.586392397199 8.86932699109e-06 -7.64112271822 -9.93602062841e-06 1.39988289424e-06 0.99999999995 -2.16622117626e-05
-0.569295031451 -0.822133302532 -5.72189495539e-06 14.9923959689 0.822133302473 -0.569295031479 9.92595496336e-06 -7.7568009532 -1.14179045036e-05 9.4663644697e-07 0.999999999934 -2.16055700194e-05
-0.551948243011 -0.833878370625 -6.3902629848e-06 14.8268716704 0.833878370556 -0.551948243048 1.07702991661e-05 -7.86903719654 -1.25082139469e-05 6.15945616269e-07 0.999999999922 -2.15233494191e-05
-0.534359753587 -0.84525715241 -6.75721968591e-06 14.6590331551 0.845257152333 -0.534359753629 1.14165870944e-05 -7.9777822794 -1.32607381443e-05 3.88976397175e-07 0.999999999912 -2.14154820449e-05
