1 0 0 -1.27221029604e-09 0 1 0 -1.80642970525e-10 0 0 1 2.89089183159e-10
0.999962443274 0.00866672035818 1.06136713458e-18 0.000570466097084 -0.00866672035818 0.999962443274 -4.59937244506e-21 0.199998602256 -1.06136713458e-18 -4.59937244504e-21 1 -2.91190092871e-09
0.999679212396 0.0253273034999 3.10170011622e-18 0.0037302861318 -0.0253273034999 0.999679212396 -3.92851511993e-20 0.39997138545 -3.10170011622e-18 -3.92851511993e-20 1 -1.2075830641e-08
0.998997482823 0.0447663859669 5.48230112838e-18 0.0105200241338 -0.0447663859669 0.998997482823 -1.22772945143e-19 0.599852994467 -5.48230112838e-18 -1.22772945143e-19 1 -2.77209166732e-08
0.997874916125 0.0651586661071 7.97963518847e-18 0.0213001137701 -0.0651586661071 0.997874916125 -2.60247716564e-19 0.799558817909 -7.97963518847e-18 -2.60247716564e-19 1 -5.01225740357e-08
0.996307082928 0.08586149607 1.05150006332e-17 0.0361925501152 -0.08586149607 0.996307082928 -4.52251907167e-19 0.999000021918 -1.05150006332e-17 -4.52251907167e-19 1 -7.88322765399e-08
0.994297178603 0.106644834012 1.30602254618e-17 0.0552349660756 -0.106644834012 0.994297178603 -6.98394196951e-19 1.19808780912 -1.30602254618e-17 -6.98394196951e-19 1 -1.12913986716e-07
0.991848523361 0.127422551795 1.56047620195e-17 0.0784343980104 -0.127422551795 0.991848523361 -9.98267977393e-19 1.39673408417 -1.56047620195e-17 -9.98267977393e-19 1 -1.54542987851e-07
0.98896359776 0.14815870648 1.81442085657e-17 0.105786027013 -0.14815870648 0.98896359776 -1.35156946775e-18 1.59485132683 -1.81442085657e-17 -1.35156946775e-18 1 -2.00020966012e-07
0.985644352718 0.168834860009 2.06763070894e-17 0.137279721063 -0.168834860009 0.985644352718 -1.7580597493e-18 1.79235246652 -2.06763070894e-17 -1.7580597493e-18 1 -2.54368822561e-07
0.981892551266 0.18943869132 2.3199548696e-17 0.172902314205 -0.18943869132 0.981892551266 -2.21752291333e-18 1.98915079768 -2.3199548696e-17 -2.21752291333e-18 1 -3.13661801421e-07
0.977709969855 0.209960031545 2.57126880581e-17 0.212638412199 -0.209960031545 0.977709969855 -2.72974140701e-18 2.18515996915 -2.57126880581e-17 -2.72974140701e-18 1 -3.7865707514e-07
0.973098496958 0.230389485909 2.82145746476e-17 0.256470655841 -0.230389485909 0.973098496958 -3.29448395922e-18 2.38029399155 -2.82145746476e-17 -3.29448395922e-18 1 -4.50925104145e-07
0.968060176967 0.250717956619 3.07040943062e-17 0.304379849421 -0.250717956619 0.968060176967 -3.91150020431e-18 2.57446726867 -3.07040943062e-17 -3.91150020431e-18 1 -5.28527110299e-07
0.962597228398 0.27093647942 3.31801492294e-17 0.356344990453 -0.27093647942 0.962597228398 -4.58051845216e-18 2.76759462918 -3.31801492294e-17 -4.58051845216e-18 1 -6.12863651162e-07
0.956712050808 0.291036169297 3.56416513166e-17 0.412343284914 -0.291036169297 0.956712050808 -5.30124484198e-18 2.95959135673 -3.56416513166e-17 -5.30124484198e-18 1 -7.02330505531e-07
0.950407226909 0.311008204134 3.80875201701e-17 0.472350172444 -0.311008204134 0.950407226909 -6.07336308263e-18 3.15037323658 -3.80875201701e-17 -6.07336308263e-18 1 -7.99281289821e-07
0.943685522695 0.330843821548 4.05166827077e-17 0.536339331812 -0.330843821548 0.943685522695 -6.89653443777e-18 3.33985658608 -4.05166827077e-17 -6.89653443777e-18 1 -8.99939362364e-07
0.93654988671 0.350534320294 4.29280733339e-17 0.604282695727 -0.350534320294 0.93654988671 -7.77039781463e-18 3.52795829252 -4.29280733339e-17 -7.77039781463e-18 1 -1.00756505583e-06
0.92900344895 0.370071063228 4.53206343039e-17 0.676150460921 -0.370071063228 0.92900344895 -8.69456989935e-18 3.71459584634 -4.53206343039e-17 -8.69456989935e-18 1 -1.12135937025e-06
0.921049519559 0.389445480806 4.76933161512e-17 0.751911109289 -0.389445480806 0.921049519559 -9.66864531633e-18 3.89968738221 -4.76933161512e-17 -9.66864531633e-18 1 -1.24076088515e-06
0.912691587402 0.408649074741 5.00450781356e-17 0.831531401968 -0.408649074741 0.912691587402 -1.06921968027e-17 4.08315171506 -5.00450781356e-17 -1.06921968027e-17 1 -1.36598450684e-06
0.903933318547 0.42767342169 5.23748886953e-17 0.914976419491 -0.42767342169 0.903933318547 -1.17647753946e-17 4.26490837044 -5.23748886953e-17 -1.17647753946e-17 1 -1.49737428035e-06
0.894778554663 0.446510176944 5.46817258981e-17 1.00220955829 -0.446510176944 0.894778554663 -1.28859106233e-17 4.44487762257 -5.46817258981e-17 -1.28859106233e-17 1 -1.63303008804e-06
0.885231311332 0.465151078078 5.69645778888e-17 1.09319255563 -0.465151078078 0.885231311332 -1.40551107219e-17 4.62298053323 -5.69645778888e-17 -1.40551107219e-17 1 -1.77569916726e-06
0.875295776291 0.483587948575 5.92224433329e-17 1.18788550418 -0.483587948575 0.875295776291 -1.52718628405e-17 4.7991389792 -5.92224433329e-17 -1.52718628405e-17 1 -1.92222223072e-06
0.864976307593 0.501812701416 6.1454331856e-17 1.28624686723 -0.501812701416 0.864976307593 -1.65356332715e-17 4.97327569258 -6.1454331856e-17 -1.65356332715e-17 1 -2.07615087389e-06
0.854277431699 0.519817342621 6.36592644782e-17 1.38823350109 -0.519817342621 0.854277431699 -1.78458676833e-17 5.14531429027 -6.36592644782e-17 -1.78458676833e-17 1 -2.23435910396e-06
0.84320384149 0.537593974759 6.58362740429e-17 1.49380066772 -0.537593974759 0.84320384149 -1.92019913638e-17 5.31517931202 -6.58362740429e-17 -1.92019913638e-17 1 -2.39781320932e-06
0.831760394207 0.555134800412 6.7984405642e-17 1.60290206533 -0.555134800412 0.831760394207 -2.06034094724e-17 5.48279624759 -6.7984405642e-17 -2.06034094724e-17 1 -2.56670082921e-06
0.819952109325 0.572432125595 7.01027170339e-17 1.71548983767 -0.572432125595 0.819952109325 -2.20495073008e-17 5.64809157618 -7.01027170339e-17 -2.20495073008e-17 1 -2.7411953063e-06
0.807784166349 0.589478363128 7.21902790571e-17 1.83151460192 -0.589478363128 0.807784166349 -2.35396505426e-17 5.81099279403 -7.21902790571e-17 -2.35396505426e-17 1 -2.92071685593e-06
0.79526190254 0.606266035968 7.4246176038e-17 1.95092546108 -0.606266035968 0.79526190254 -2.50731855718e-17 5.97142844779 -7.4246176038e-17 -2.50731855718e-17 1 -3.1038220496e-06
0.782390810577 0.622787780488 7.62695061923e-17 2.07367004351 -0.622787780488 0.782390810577 -2.66494397292e-17 6.12932816378 -7.62695061923e-17 -2.66494397292e-17 1 -3.2936981702e-06
0.769176536145 0.639036349704 7.82593820204e-17 2.19969450642 -0.639036349704 0.769176536145 -2.82677216178e-17 6.28462268229 -7.82593820204e-17 -2.82677216178e-17 1 -3.48708827191e-06
0.755624875464 0.655004616457 8.02149306971e-17 2.32894356905 -0.655004616457 0.755624875464 -2.99273214054e-17 6.4372438873 -8.02149306971e-17 -2.99273214054e-17 1 -3.68506002424e-06
0.741741772739 0.670685576537 8.2135294454e-17 2.46136053964 -0.670685576537 0.741741772739 -3.16275111369e-17 6.58712483347 -8.2135294454e-17 -3.16275111369e-17 1 -3.88952392205e-06
0.727533317557 0.686072351756 8.40196309562e-17 2.59688733785 -0.686072351756 0.727533317557 -3.33675450528e-17 6.7341997784 -8.40196309562e-17 -3.33675450528e-17 1 -4.09695266912e-06
0.713005742217 0.701158192968 8.58671136714e-17 2.73546451864 -0.701158192968 0.713005742217 -3.51466599168e-17 6.87840420898 -8.58671136714e-17 -3.51466599168e-17 1 -4.30880441638e-06
0.698165418993 0.715936483022 8.76769322325e-17 2.87703129141 -0.715936483022 0.698165418993 -3.69640753502e-17 7.01967487408 -8.76769322325e-17 -3.69640753502e-17 1 -4.52594031497e-06
0.683018857343 0.730400739673 8.94482927935e-17 3.02152556657 -0.730400739673 0.683018857343 -3.88189941746e-17 7.15794980779 -8.94482927935e-17 -3.88189941746e-17 1 -4.74802601236e-06
0.667572701047 0.744544618419 9.1180418377e-17 3.16888395764 -0.744544618419 0.667572701047 -4.07106027612e-17 7.29316835776 -9.1180418377e-17 -4.07106027612e-17 1 -4.97220108553e-06
0.651833725301 0.758361915289 9.28725492154e-17 3.31904183643 -0.758361915289 0.651833725301 -4.26380713881e-17 7.42527121213 -9.28725492154e-17 -4.26380713881e-17 1 -5.20205622756e-06
0.63580883374 0.771846569558 9.45239430842e-17 3.47193333536 -0.771846569558 0.63580883374 -4.46005546038e-17 7.55420042875 -9.45239430842e-17 -4.46005546038e-17 1 -5.4354015413e-06
0.61950505541 0.784992666412 9.61338756276e-17 3.62749138685 -0.784992666412 0.61950505541 -4.65971915983e-17 7.67989945151 -9.61338756276e-17 -4.65971915983e-17 1 -5.67289771736e-06
0.602929541689 0.797794439539 9.77016406758e-17 3.78564776476 -0.797794439539 0.602929541689 -4.86271065806e-17 7.80231314759 -9.77016406758e-17 -4.86271065806e-17 1 -5.91350296419e-06
0.586089563144 0.810246273656 9.92265505554e-17 3.94633309208 -0.810246273656 0.586089563144 -5.0689409163e-17 7.92138782259 -9.92265505554e-17 -5.0689409163e-17 1 -6.15753423894e-06
0.568992506345 0.82234270698 1.0070793639e-16 4.10947688756 -0.82234270698 0.568992506345 -5.27831947513e-17 8.03707124449 -1.0070793639e-16 -5.27831947513e-17 1 -6.40557522402e-06
0.551645870628 0.834078433613 1.02145148396e-16 4.27500759117 -0.834078433613 0.551645870628 -5.49075449419e-17 8.14931267182 -1.02145148396e-16 -5.49075449419e-17 1 -6.65779399966e-06
0.534057264801 0.845448305879 1.03537556164e-16 4.44285259936 -0.845448305879 0.534057264801 -5.70615279248e-17 8.25806287266 -1.03537556164e-16 -5.70615279248e-17 1 -6.91359828942e-06
0.516234403806 0.856447336576 1.04884548938e-16 4.61293828774 -0.856447336576 0.516234403806 -5.92441988917e-17 8.36327414442 -1.04884548938e-16 -5.92441988917e-17 1 -7.17167883391e-06
0.49818510534 0.867070701164 1.06185535882e-16 4.78519004586 -0.867070701164 0.49818510534 -6.1454600451e-17 8.46490033824 -1.06185535882e-16 -6.1454600451e-17 1 -7.43298618122e-06
0.479917286421 0.877313739887 1.0743994634e-16 4.95953232558 -0.877313739887 0.479917286421 -6.36917630476e-17 8.56289687896 -1.0743994634e-16 -6.36917630476e-17 1 -7.69586591742e-06
0.461438959919 0.887171959807 1.08647230087e-16 5.13588865235 -0.887171959807 0.461438959919 -6.5954705388e-17 8.65722078023 -1.08647230087e-16 -6.5954705388e-17 1 -7.9643095261e-06
0.442758231039 0.896641036785 1.09806857568e-16 5.31418167124 -0.896641036785 0.442758231039 -6.82424348709e-17 8.74783067046 -1.09806857568e-16 -6.82424348709e-17 1 -8.2333594329e-06
0.423883293765 0.90571681737 1.10918320133e-16 5.4943331758 -0.90571681737 0.423883293765 -7.05539480226e-17 8.83468680497 -1.10918320133e-16 -7.05539480226e-17 1 -8.50756241766e-06
0.404822427269 0.914395320624 1.11981130256e-16 5.6762641456 -0.914395320624 0.404822427269 -7.28882309369e-17 8.91775108335 -1.11981130256e-16 -7.28882309369e-17 1 -8.78226330236e-06
0.385583992277 0.92267273987 1.12994821754e-16 5.85989478201 -0.92267273987 0.385583992277 -7.52442597202e-17 8.9969870741 -1.12994821754e-16 -7.52442597202e-17 1 -9.05840664789e-06
0.366176427403 0.930545444358 1.13958949989e-16 6.04514453608 -0.930545444358 0.366176427403 -7.76210009405e-17 9.0723600196 -1.13958949989e-16 -7.76210009405e-17 1 -9.33819303928e-06
0.346608245445 0.938009980858 1.14873092063e-16 6.23193215087 -0.938009980858 0.346608245445 -8.00174120805e-17 9.14383686079 -1.14873092063e-16 -8.00174120805e-17 1 -9.6214487435e-06
0.326888029655 0.94506307518 1.15736847001e-16 6.42017569964 -0.94506307518 0.326888029655 -8.24324419951e-17 9.2113862442 -1.15736847001e-16 -8.24324419951e-17 1 -9.90560435898e-06
0.307024429972 0.951701633602 1.16549835933e-16 6.60979260844 -0.951701633602 0.307024429972 -8.48650313723e-17 9.27497854142 -1.16549835933e-16 -8.48650313723e-17 1 -1.01911887462e-05
0.287026159226 0.957922744234 1.17311702256e-16 6.80069970719 -0.957922744234 0.287026159226 -8.7314113198e-17 9.33458585799 -1.17311702256e-16 -8.7314113198e-17 1 -1.04794947635e-05
0.26690198932 0.96372367829 1.18022111788e-16 6.99281325667 -0.96372367829 0.26690198932 -8.9778613224e-17 9.39018204942 -1.18022111788e-16 -8.9778613224e-17 1 -1.07682998545e-05
0.246660747381 0.96910189129 1.18680752922e-16 7.1860489905 -0.96910189129 0.246660747381 -9.22574504392e-17 9.44174272835 -1.18680752922e-16 -9.22574504392e-17 1 -1.10606657122e-05
0.226311311886 0.974055024171 1.19287336754e-16 7.38032214956 -0.974055024171 0.226311311886 -9.47495375435e-17 9.48924527798 -1.19287336754e-16 -9.47495375435e-17 1 -1.13521476965e-05
0.20586260877 0.978580904325 1.19841597219e-16 7.57554751776 -0.978580904325 0.20586260877 -9.72537814253e-17 9.53266886491 -1.19841597219e-16 -9.72537814253e-17 1 -1.16452924388e-05
0.18532360751 0.982677546553 1.20343291198e-16 7.77163946664 -0.982677546553 0.18532360751 -9.97690836404e-17 9.57199443882 -1.20343291198e-16 -9.97690836404e-17 1 -1.19410767576e-05
0.16470331719 0.986343153931 1.20792198632e-16 7.96851197935 -0.986343153931 0.16470331719 -1.02294340894e-16 9.60720475302 -1.20792198632e-16 -1.02294340894e-16 1 -1.22376183755e-05
0.144010782552 0.989576118603 1.21188122616e-16 8.16607870327 -0.989576118603 0.144010782552 -1.04828445525e-16 9.63828436174 -1.21188122616e-16 -1.04828445525e-16 1 -1.25328330052e-05
0.123255080026 0.992375022483 1.21530889484e-16 8.36425297823 -0.992375022483 0.123255080026 -1.07370285992e-16 9.66521963221 -1.21530889484e-16 -1.07370285992e-16 1 -1.28306186369e-05
0.102445313747 0.99473863788 1.21820348887e-16 8.56294787993 -0.99473863788 0.102445313747 -1.09918747358e-16 9.68799875018 -1.21820348887e-16 -1.09918747358e-16 1 -1.31294321264e-05
0.0815906115682 0.996665928034 1.22056373859e-16 8.76207625591 -0.996665928034 0.0815906115682 -1.12472711785e-16 9.70661172587 -1.22056373859e-16 -1.12472711785e-16 1 -1.3428317744e-05
0.0607001210505 0.998156047572 1.22238860871e-16 8.96155075843 -0.998156047572 0.0607001210505 -1.1503105902e-16 9.72105039161 -1.22238860871e-16 -1.1503105902e-16 1 -1.37275268601e-05
0.0397830054535 0.999208342878 1.22367729879e-16 9.16128389277 -0.999208342878 0.0397830054535 -1.17592666886e-16 9.73130841483 -1.22367729879e-16 -1.17592666886e-16 1 -1.40255917369e-05
0.0188484397155 0.999822352381 1.22442924356e-16 9.36118805297 -0.999822352381 0.0188484397155 -1.20156411778e-16 9.73738129884 -1.22442924356e-16 -1.20156411778e-16 1 -1.4324930607e-05
-0.00209439357116 0.999997806755 1.2246441132e-16 9.56117554891 -0.999997806755 -0.00209439357116 -1.22721169153e-16 9.73926637931 -1.2246441132e-16 -1.22721169153e-16 1 -1.46244924517e-05
-0.0230363081875 0.999734629042 1.22432181345e-16 9.7611586637 -0.999734629042 -0.0230363081875 -1.25285814023e-16 9.73696282585 -1.22432181345e-16 -1.25285814023e-16 1 -1.49240502028e-05
-0.0439681183178 0.999032934678 1.2234624857e-16 9.96104967683 -0.999032934678 -0.0439681183178 -1.27849221451e-16 9.73047165064 -1.2234624857e-16 -1.27849221451e-16 1 -1.52221208287e-05
-0.0648806425782 0.997893031451 1.22206650686e-16 10.1607609089 -0.997893031451 -0.0648806425782 -1.30410267041e-16 9.71979570379 -1.22206650686e-16 -1.30410267041e-16 1 -1.55200820267e-05
-0.0857647080444 0.99631541936 1.22013448926e-16 10.3602047636 -0.99631541936 -0.0857647080444 -1.32967827433e-16 9.70493966395 -1.22013448926e-16 -1.32967827433e-16 1 -1.58184617476e-05
-0.106611154275 0.994300790397 1.21766728035e-16 10.5592937549 -0.994300790397 -0.106611154275 -1.35520780798e-16 9.68591004914 -1.21766728035e-16 -1.35520780798e-16 1 -1.61158666998e-05
-0.12741083733 0.991850028246 1.21466596233e-16 10.7579405553 -0.991850028246 -0.12741083733 -1.38068007326e-16 9.66271520763 -1.21466596233e-16 -1.38068007326e-16 1 -1.64119704289e-05
-0.148154633781 0.988964207891 1.21113185166e-16 10.9560580352 -0.988964207891 -0.148154633781 -1.40608389719e-16 9.63536531206 -1.21113185166e-16 -1.40608389719e-16 1 -1.67077307065e-05
-0.168833444713 0.985644595149 1.20706649855e-16 11.1535592928 -0.985644595149 -0.168833444713 -1.4314081368e-16 9.60387235864 -1.20706649855e-16 -1.4314081368e-16 1 -1.7001496591e-05
-0.189438199716 0.981892646112 1.20247168617e-16 11.3503576946 -0.981892646112 -0.189438199716 -1.45664168407e-16 9.56825016219 -1.20247168617e-16 -1.45664168407e-16 1 -1.72951559367e-05
-0.209959860863 0.977710006508 1.19734942996e-16 11.5463669244 -0.977710006508 -0.209959860863 -1.4817734707e-16 9.5285143466 -1.19734942996e-16 -1.4817734707e-16 1 -1.7585834418e-05
-0.230389426677 0.973098510982 1.19170197673e-16 11.7415009998 -0.973098510982 -0.230389426677 -1.50679247308e-16 9.48468234179 -1.19170197673e-16 -1.50679247308e-16 1 -1.78769372079e-05
-0.250717936073 0.968060182288 1.18553180362e-16 11.9356743328 -0.968060182288 -0.250717936073 -1.53168771705e-16 9.43677337453 -1.18553180362e-16 -1.53168771705e-16 1 -1.81650882007e-05
-0.270936472296 0.962597230403 1.17884161708e-16 12.1288017524 -0.962597230403 -0.270936472296 -1.55644828272e-16 9.38480845851 -1.17884161708e-16 -1.55644828272e-16 1 -1.84516152908e-05
-0.291036166828 0.956712051559 1.17163435165e-16 12.3207985458 -0.956712051559 -0.291036166828 -1.58106330929e-16 9.32881038766 -1.17163435165e-16 -1.58106330929e-16 1 -1.87361817865e-05
-0.311008203279 0.950407227189 1.16391316866e-16 12.5115804974 -0.950407227189 -0.311008203279 -1.6055219998e-16 9.26880372472 -1.16391316866e-16 -1.6055219998e-16 1 -1.9020458474e-05
-0.330843821252 0.943685522798 1.1556814549e-16 12.7010639231 -0.943685522798 -0.330843821252 -1.62981362586e-16 9.20481478922 -1.1556814549e-16 -1.62981362586e-16 1 -1.93020932375e-05
-0.350534320191 0.936549886748 1.14694282105e-16 12.88916571 -0.936549886748 -0.350534320191 -1.65392753236e-16 9.13687164971 -1.14694282105e-16 -1.65392753236e-16 1 -1.95807243841e-05
-0.370071063192 0.929003448964 1.13770110017e-16 13.0758033502 -0.929003448964 -0.370071063192 -1.67785314214e-16 9.06500410876 -1.13770110017e-16 -1.67785314214e-16 1 -1.9856822445e-05
-0.389445480794 0.921049519564 1.12796034599e-16 13.2608949815 -0.921049519564 -0.389445480794 -1.70157996064e-16 8.98924368794 -1.12796034599e-16 -1.70157996064e-16 1 -2.0131342735e-05
-0.408649074736 0.912691587404 1.11772483112e-16 13.4443594092 -0.912691587404 -0.408649074736 -1.7250975805e-16 8.90962361926 -1.11772483112e-16 -1.7250975805e-16 1 -2.04035595424e-05
-0.427673421689 0.903933318548 1.1069990452e-16 13.6261161689 -0.903933318548 -0.427673421689 -1.7483956861e-16 8.82617882778 -1.1069990452e-16 -1.7483956861e-16 1 -2.06711834525e-05
-0.446510176943 0.894778554664 1.09578769291e-16 13.8060855294 -0.894778554664 -0.446510176943 -1.77146405813e-16 8.73894591258 -1.09578769291e-16 -1.77146405813e-16 1 -2.09387578587e-05
-0.465151078077 0.885231311332 1.08409569193e-16 13.9841885548 -0.885231311332 -0.465151078077 -1.79429257803e-16 8.64796313917 -1.08409569193e-16 -1.79429257803e-16 1 -2.12018412684e-05
-0.483587948575 0.875295776291 1.07192817074e-16 14.16034712 -0.875295776291 -0.483587948575 -1.81687123248e-16 8.5532704149 -1.07192817074e-16 -1.81687123248e-16 1 -2.14604800237e-05
-0.501812701416 0.864976307593 1.05929046643e-16 14.3344839595 -0.864976307593 -0.501812701416 -1.83919011771e-16 8.45490927379 -1.05929046643e-16 -1.83919011771e-16 1 -2.17186350571e-05
-0.519817342621 0.854277431699 1.04618812231e-16 14.5065226882 -0.854277431699 -0.519817342621 -1.86123944393e-16 8.35292286174 -1.04618812231e-16 -1.86123944393e-16 1 -2.19727644124e-05
-0.537593974759 0.84320384149 1.03262688551e-16 14.6763878458 -0.84320384149 -0.537593974759 -1.88300953958e-16 8.24735591167 -1.03262688551e-16 -1.88300953958e-16 1 -2.22221928405e-05
-0.555134800412 0.831760394207 1.01861270442e-16 14.8440049223 -0.831760394207 -0.555134800412 -1.90449085557e-16 8.13825472932 -1.01861270442e-16 -1.90449085557e-16 1 -2.24700974107e-05
-0.572432125595 0.819952109326 1.00415172614e-16 15.009300398 -0.819952109326 -0.572432125595 -1.92567396949e-16 8.02566717126 -1.00415172614e-16 -1.92567396949e-16 1 -2.27119903884e-05
-0.589478363128 0.807784166349 9.89250293721e-17 15.1722017683 -0.807784166349 -0.589478363128 -1.94654958972e-16 7.90964262051 -9.89250293721e-17 -1.94654958972e-16 1 -2.29521533108e-05
-0.606266035968 0.79526190254 9.73914943429e-17 15.3326375773 -0.79526190254 -0.606266035968 -1.96710855953e-16 7.79023197095 -9.73914943429e-17 -1.96710855953e-16 1 -2.31891307765e-05
-0.622787780488 0.782390810577 9.58152401855e-17 15.4905374546 -0.782390810577 -0.622787780488 -1.98734186107e-16 7.66748759496 -9.58152401855e-17 -1.98734186107e-16 1 -2.34185477588e-05
-0.639036349704 0.769176536146 9.4196958297e-17 15.645832139 -0.769176536146 -0.639036349704 -2.00724061935e-16 7.54146333884 -9.4196958297e-17 -2.00724061935e-16 1 -2.36476131579e-05
-0.655004616457 0.755624875464 9.25373585093e-17 15.7984535133 -0.755624875464 -0.655004616457 -2.02679610612e-16 7.41221447659 -9.25373585093e-17 -2.02679610612e-16 1 -2.38713388776e-05
-0.670685576537 0.741741772739 9.08371687778e-17 15.9483346339 -0.741741772739 -0.670685576537 -2.04599974369e-16 7.27979770234 -9.08371687778e-17 -2.04599974369e-16 1 -2.40911539144e-05
-0.686072351756 0.727533317557 8.90971348619e-17 16.0954097575 -0.727533317557 -0.686072351756 -2.06484310871e-16 7.1442710974 -8.90971348619e-17 -2.06484310871e-16 1 -2.43060802405e-05
-0.701158192967 0.713005742217 8.7318019998e-17 16.2396143736 -0.713005742217 -0.701158192967 -2.08331793586e-16 7.00569410955 -8.7318019998e-17 -2.08331793586e-16 1 -2.45174408153e-05
-0.715936483022 0.698165418994 8.55006045646e-17 16.3808852251 -0.698165418994 -0.715936483022 -2.10141612147e-16 6.86412752161 -8.55006045646e-17 -2.10141612147e-16 1 -2.47241747804e-05
-0.730400739673 0.683018857343 8.36456857402e-17 16.5191603498 -0.683018857343 -0.730400739673 -2.11912972708e-16 6.71963342979 -8.36456857402e-17 -2.11912972708e-16 1 -2.49260433045e-05
-0.744544618419 0.667572701047 8.17540771535e-17 16.6543790929 -0.667572701047 -0.744544618419 -2.13645098292e-16 6.57227521507 -8.17540771535e-17 -2.13645098292e-16 1 -2.51217162974e-05
-0.758361915289 0.651833725301 7.98266085266e-17 16.7864821466 -0.651833725301 -0.758361915289 -2.1533722913e-16 6.42211751091 -7.98266085266e-17 -2.1533722913e-16 1 -2.53142761735e-05
-0.771846569558 0.63580883374 7.78641253109e-17 16.9154115645 -0.63580883374 -0.771846569558 -2.16988622999e-16 6.26922618443 -7.78641253109e-17 -2.16988622999e-16 1 -2.55020989082e-05
-0.784992666412 0.619505055411 7.58674883164e-17 17.0411107921 -0.619505055411 -0.784992666412 -2.18598555542e-16 6.11366829647 -7.58674883164e-17 -2.18598555542e-16 1 -2.56853516394e-05
-0.797794439538 0.602929541689 7.38375733341e-17 17.1635246972 -0.602929541689 -0.797794439538 -2.20166320591e-16 5.95551207943 -7.38375733341e-17 -2.20166320591e-16 1 -2.58620276021e-05
-0.810246273656 0.586089563144 7.17752707518e-17 17.2825995792 -0.586089563144 -0.810246273656 -2.2169123047e-16 5.7948269078 -7.17752707518e-17 -2.2169123047e-16 1 -2.6034536595e-05
-0.82234270698 0.568992506345 6.96814851635e-17 17.398283215 -0.568992506345 -0.82234270698 -2.23172616305e-16 5.63168326195 -6.96814851635e-17 -2.23172616305e-16 1 -2.62025866471e-05
-0.834078433613 0.551645870629 6.75571349728e-17 17.5105248587 -0.551645870629 -0.834078433613 -2.24609828311e-16 5.46615270254 -6.75571349728e-17 -2.24609828311e-16 1 -2.63653820647e-05
-0.845448305879 0.534057264801 6.540315199e-17 17.6192752748 -0.534057264801 -0.845448305879 -2.26002236079e-16 5.29830783744 -6.540315199e-17 -2.26002236079e-16 1 -2.65222478202e-05
-0.856447336576 0.516234403806 6.3220481023e-17 17.7244867649 -0.516234403806 -0.856447336576 -2.27349228852e-16 5.12822228535 -6.3220481023e-17 -2.27349228852e-16 1 -2.66732890832e-05
-0.867070701164 0.49818510534 6.10100794637e-17 17.8261131801 -0.49818510534 -0.867070701164 -2.28650215796e-16 4.95597065465 -6.10100794637e-17 -2.28650215796e-16 1 -2.68206938561e-05
-0.877313739887 0.479917286421 5.87729168671e-17 17.9241099441 -0.479917286421 -0.877313739887 -2.29904626255e-16 4.78162850021 -5.87729168671e-17 -2.29904626255e-16 1 -2.69602959486e-05
-0.887171959807 0.461438959919 5.65099745267e-17 18.0184340678 -0.461438959919 -0.887171959807 -2.31111910002e-16 4.60527229182 -5.65099745267e-17 -2.31111910002e-16 1 -2.70959638753e-05
-0.896641036785 0.442758231039 5.42222450438e-17 18.1090441819 -0.442758231039 -0.896641036785 -2.32271537483e-16 4.42697938741 -5.42222450438e-17 -2.32271537483e-16 1 -2.72258694189e-05
-0.90571681737 0.423883293765 5.19107318922e-17 18.1959005413 -0.423883293765 -0.90571681737 -2.33383000047e-16 4.24682799182 -5.19107318922e-17 -2.33383000047e-16 1 -2.73493382199e-05
-0.914395320624 0.404822427269 4.95764489779e-17 18.2789650468 -0.404822427269 -0.914395320624 -2.34445810171e-16 4.06489712313 -4.95764489779e-17 -2.34445810171e-16 1 -2.74675660108e-05
-0.92267273987 0.385583992278 4.72204201945e-17 18.3582012613 -0.385583992278 -0.92267273987 -2.35459501669e-16 3.88126658607 -4.72204201945e-17 -2.35459501669e-16 1 -2.75804573211e-05
-0.930545444357 0.366176427403 4.48436789742e-17 18.4335744338 -0.366176427403 -0.930545444357 -2.36423629904e-16 3.69601692372 -4.48436789742e-17 -2.36423629904e-16 1 -2.76867976301e-05
-0.938009980858 0.346608245445 4.24472678342e-17 18.5050515003 -0.346608245445 -0.938009980858 -2.37337771977e-16 3.5092293928 -4.24472678342e-17 -2.37337771977e-16 1 -2.77885527118e-05
-0.94506307518 0.326888029655 4.00322379197e-17 18.5726011102 -0.326888029655 -0.94506307518 -2.38201526916e-16 3.32098592535 -4.00322379197e-17 -2.38201526916e-16 1 -2.78831934728e-05
-0.951701633602 0.307024429972 3.75996485425e-17 18.6361936286 -0.307024429972 -0.951701633602 -2.39014515848e-16 3.13136909221 -3.75996485425e-17 -2.39014515848e-16 1 -2.79720558862e-05
-0.957922744234 0.287026159226 3.51505667168e-17 18.6958011718 -0.287026159226 -0.957922744234 -2.3977638217e-16 2.94046206288 -3.51505667168e-17 -2.3977638217e-16 1 -2.805489369e-05
-0.96372367829 0.266901989321 3.26860666907e-17 18.7513975834 -0.266901989321 -0.96372367829 -2.40486791703e-16 2.74834857779 -3.26860666907e-17 -2.40486791703e-16 1 -2.81321754645e-05
-0.96910189129 0.246660747381 3.02072294756e-17 18.8029584839 -0.246660747381 -0.96910189129 -2.41145432836e-16 2.555112903 -3.02072294756e-17 -2.41145432836e-16 1 -2.8202788547e-05
-0.974055024171 0.226311311886 2.77151423712e-17 18.8504612549 -0.226311311886 -0.974055024171 -2.41752016669e-16 2.36083979742 -2.77151423712e-17 -2.41752016669e-16 1 -2.82679432495e-05
-0.978580904325 0.20586260877 2.52108984894e-17 18.8938850586 -0.20586260877 -0.978580904325 -2.42306277134e-16 2.16561447834 -2.52108984894e-17 -2.42306277134e-16 1 -2.83277288435e-05
-0.982677546553 0.18532360751 2.26955962743e-17 18.9332108476 -0.18532360751 -0.982677546553 -2.42807971113e-16 1.96952257402 -2.26955962743e-17 -2.42807971113e-16 1 -2.83800097755e-05
-0.986343153931 0.16470331719 2.01703390206e-17 18.9684213764 -0.16470331719 -0.986343153931 -2.43256878547e-16 1.77265009955 -2.01703390206e-17 -2.43256878547e-16 1 -2.84266004887e-05
-0.989576118603 0.144010782552 1.76362343896e-17 18.9995011953 -0.144010782552 -0.989576118603 -2.43652802531e-16 1.57508340932 -1.76362343896e-17 -2.43652802531e-16 1 -2.84674587567e-05
-0.992375022483 0.123255080026 1.50943939232e-17 19.0264366748 -0.123255080026 -0.992375022483 -2.43995569398e-16 1.37690916116 -1.50943939232e-17 -2.43995569398e-16 1 -2.85004709528e-05
-0.99473863788 0.102445313747 1.25459325568e-17 19.0492159987 -0.102445313747 -0.99473863788 -2.44285028802e-16 1.17821428233 -1.25459325568e-17 -2.44285028802e-16 1 -2.85293963246e-05
-0.996665928034 0.0815906115683 9.99196812976e-18 19.0678291771 -0.0815906115683 -0.996665928034 -2.44521053773e-16 0.979085925612 -9.99196812976e-18 -2.44521053773e-16 1 -2.85498314733e-05
-0.998156047572 0.0607001210506 7.43362089524e-18 19.0822680393 -0.0607001210506 -0.998156047572 -2.44703540786e-16 0.779611438408 -7.43362089524e-18 -2.44703540786e-16 1 -2.85665188797e-05
-0.999208342878 0.0397830054536 4.87201302892e-18 19.0925262636 -0.0397830054536 -0.999208342878 -2.44832409793e-16 0.579878312074 -4.87201302892e-18 -2.44832409793e-16 1 -2.85747061036e-05
-0.999822352381 0.0188484397156 2.30826813666e-18 19.098599338 -0.0188484397156 -0.999822352381 -2.44907604271e-16 0.379974159537 -2.30826813666e-18 -2.44907604271e-16 1 -2.857789277e-05
-0.999997806755 -0.00209439357106 -2.56489238295e-19 19.1004846067 0.00209439357106 -0.999997806755 -2.44929091234e-16 0.179986663203 2.56489238295e-19 -2.44929091234e-16 1 -2.85747738872e-05
-0.999734629042 -0.0230363081874 -2.82113410859e-18 19.0981812373 0.0230363081874 -0.999734629042 -2.4489686126e-16 -0.019996452375 2.82113410859e-18 -2.4489686126e-16 1 -2.85655915568e-05
-0.999032934678 -0.0439681183177 -5.38454153623e-18 19.0916902445 0.0439681183177 -0.999032934678 -2.44810928484e-16 -0.219887471148 5.38454153623e-18 -2.44810928484e-16 1 -2.85501563279e-05
-0.997893031451 -0.0648806425781 -7.94558712599e-18 19.0810144715 0.0648806425781 -0.997893031451 -2.44671330601e-16 -0.419598713596 7.94558712599e-18 -2.44671330601e-16 1 -2.85286986177e-05
-0.99631541936 -0.0857647080443 -1.05031475186e-17 19.0661586047 0.0857647080443 -0.99631541936 -2.44478128841e-16 -0.619042579655 1.05031475186e-17 -2.44478128841e-16 1 -2.85008286313e-05
-0.994300790397 -0.106611154275 -1.30561008836e-17 19.0471291572 0.106611154275 -0.994300790397 -2.4423140795e-16 -0.818131587063 1.30561008836e-17 -2.4423140795e-16 1 -2.84665632461e-05
-0.991850028246 -0.12741083733 -1.56033274113e-17 19.0239344806 0.12741083733 -0.991850028246 -2.43931276147e-16 -1.01677840679 1.56033274113e-17 -2.43931276147e-16 1 -2.8426746172e-05
-0.988964207891 -0.148154633781 -1.81437098038e-17 18.9965847417 0.148154633781 -0.988964207891 -2.43577865081e-16 -1.21489590899 1.81437098038e-17 -2.43577865081e-16 1 -2.83789199256e-05
-0.985644595149 -0.168833444713 -2.06761337656e-17 18.9650919399 0.168833444713 -0.985644595149 -2.43171329769e-16 -1.41239719028 2.06761337656e-17 -2.43171329769e-16 1 -2.83255522159e-05
-0.981892646112 -0.189438199716 -2.31994884918e-17 18.9294698919 0.189438199716 -0.981892646112 -2.42711848531e-16 -1.6091956205 2.31994884918e-17 -2.42711848531e-16 1 -2.82676724656e-05
-0.977710006508 -0.209959860863 -2.57126671555e-17 18.8897342201 0.209959860863 -0.977710006508 -2.42199622911e-16 -1.80520487702 2.57126671555e-17 -2.42199622911e-16 1 -2.82027752264e-05
-0.973098510982 -0.230389426676 -2.82145673937e-17 18.8459023543 0.230389426676 -0.973098510982 -2.41634877588e-16 -2.00033898526 2.82145673937e-17 -2.41634877588e-16 1 -2.81310856002e-05
-0.968060182288 -0.250717936073 -3.070409179e-17 18.7979935197 0.250717936073 -0.968060182288 -2.41017860277e-16 -2.19451235031 3.070409179e-17 -2.41017860277e-16 1 -2.80542384853e-05
-0.962597230403 -0.270936472296 -3.3180148357e-17 18.7460287321 0.270936472296 -0.962597230403 -2.40348841623e-16 -2.38763980401 3.3180148357e-17 -2.40348841623e-16 1 -2.79701559096e-05
-0.956712051559 -0.291036166828 -3.56416510142e-17 18.6900307812 0.291036166828 -0.956712051559 -2.39628115079e-16 -2.57963663225 3.56416510142e-17 -2.39628115079e-16 1 -2.78821342972e-05
-0.950407227189 -0.311008203279 -3.80875200654e-17 18.630024235 0.311008203279 -0.950407227189 -2.38855996781e-16 -2.77041862044 3.80875200654e-17 -2.38855996781e-16 1 -2.7786663475e-05
-0.943685522798 -0.330843821252 -4.05166826714e-17 18.5660354103 0.330843821252 -0.943685522798 -2.38032825404e-16 -2.9599020836 4.05166826714e-17 -2.38032825404e-16 1 -2.76851229264e-05
-0.936549886748 -0.350534320191 -4.29280733213e-17 18.4980923777 0.350534320191 -0.936549886748 -2.3715896202e-16 -3.14800390951 4.29280733213e-17 -2.3715896202e-16 1 -2.75787579556e-05
-0.929003448964 -0.370071063192 -4.53206342995e-17 18.4262249341 0.370071063192 -0.929003448964 -2.36234789932e-16 -3.33464158871 4.53206342995e-17 -2.36234789932e-16 1 -2.74664285902e-05
-0.921049519564 -0.389445480794 -4.76933161496e-17 18.3504646079 0.389445480794 -0.921049519564 -2.35260714514e-16 -3.5197332558 4.76933161496e-17 -2.35260714514e-16 1 -2.73479204183e-05
-0.912691587404 -0.408649074736 -5.0045078135e-17 18.2708446285 0.408649074736 -0.912691587404 -2.34237163027e-16 -3.7031977247 5.0045078135e-17 -2.34237163027e-16 1 -2.72237873813e-05
-0.903933318548 -0.427673421689 -5.23748886951e-17 18.1873999216 0.427673421689 -0.903933318548 -2.33164584435e-16 -3.88495452099 5.23748886951e-17 -2.33164584435e-16 1 -2.70944961989e-05
-0.894778554664 -0.446510176943 -5.4681725898e-17 18.1001670855 0.446510176943 -0.894778554664 -2.32043449206e-16 -4.06492392181 5.4681725898e-17 -2.32043449206e-16 1 -2.6957264857e-05
-0.885231311333 -0.465151078077 -5.69645778887e-17 18.0091843839 0.465151078077 -0.885231311333 -2.30874249108e-16 -4.24302698316 5.69645778887e-17 -2.30874249108e-16 1 -2.68177163418e-05
-0.875295776291 -0.483587948575 -5.92224433329e-17 17.9144917254 0.483587948575 -0.875295776291 -2.29657496989e-16 -4.4191855854 5.92224433329e-17 -2.29657496989e-16 1 -2.66715565029e-05
-0.864976307593 -0.501812701416 -6.1454331856e-17 17.8161306474 0.501812701416 -0.864976307593 -2.28393726558e-16 -4.59332245759 6.1454331856e-17 -2.28393726558e-16 1 -2.6519196747e-05
-0.854277431699 -0.519817342621 -6.36592644782e-17 17.7141442888 0.519817342621 -0.854277431699 -2.27083492146e-16 -4.7653612196 6.36592644782e-17 -2.27083492146e-16 1 -2.63625148698e-05
-0.84320384149 -0.537593974759 -6.58362740429e-17 17.6085773922 0.537593974759 -0.84320384149 -2.25727368466e-16 -4.93522640853 6.58362740429e-17 -2.25727368466e-16 1 -2.61995363671e-05
-0.831760394207 -0.555134800412 -6.7984405642e-17 17.4994762576 0.555134800412 -0.831760394207 -2.24325950357e-16 -5.10284351533 6.7984405642e-17 -2.24325950357e-16 1 -2.60334228797e-05
-0.819952109326 -0.572432125594 -7.01027170338e-17 17.3868887368 0.572432125594 -0.819952109326 -2.22879852529e-16 -5.26813901797 7.01027170338e-17 -2.22879852529e-16 1 -2.58598410219e-05
-0.807784166349 -0.589478363127 -7.21902790571e-17 17.2708642224 0.589478363127 -0.807784166349 -2.21389709287e-16 -5.43104041323 7.21902790571e-17 -2.21389709287e-16 1 -2.56819863496e-05
-0.79526190254 -0.606266035968 -7.4246176038e-17 17.151453602 0.606266035968 -0.79526190254 -2.19856174258e-16 -5.59147624639 7.4246176038e-17 -2.19856174258e-16 1 -2.54991237485e-05
-0.782390810577 -0.622787780488 -7.62695061923e-17 17.0287092534 0.622787780488 -0.782390810577 -2.182799201e-16 -5.74937614299 7.62695061923e-17 -2.182799201e-16 1 -2.53110838044e-05
-0.769176536146 -0.639036349704 -7.82593820204e-17 16.902685018 0.639036349704 -0.769176536146 -2.16661638212e-16 -5.90467084458 7.82593820204e-17 -2.16661638212e-16 1 -2.51190714846e-05
-0.755624875464 -0.655004616457 -8.0214930697e-17 16.7734361716 0.655004616457 -0.755624875464 -2.15002038424e-16 -6.0572922336 8.0214930697e-17 -2.15002038424e-16 1 -2.49218853621e-05
-0.741741772739 -0.670685576537 -8.2135294454e-17 16.6410194089 0.670685576537 -0.741741772739 -2.13301848693e-16 -6.20717336493 8.2135294454e-17 -2.13301848693e-16 1 -2.47207456074e-05
-0.727533317557 -0.686072351756 -8.40196309562e-17 16.5054928118 0.686072351756 -0.727533317557 -2.11561814777e-16 -6.35424849518 8.40196309562e-17 -2.11561814777e-16 1 -2.45137712773e-05
-0.713005742217 -0.701158192967 -8.58671136713e-17 16.3669158291 0.701158192967 -0.713005742217 -2.09782699913e-16 -6.49845311328 8.58671136713e-17 -2.09782699913e-16 1 -2.43032270344e-05
-0.698165418994 -0.715936483022 -8.76769322325e-17 16.2253492399 0.715936483022 -0.698165418994 -2.07965284479e-16 -6.63972396543 8.76769322325e-17 -2.07965284479e-16 1 -2.40881393387e-05
-0.683018857343 -0.730400739673 -8.94482927935e-17 16.0808551438 0.730400739673 -0.683018857343 -2.06110365655e-16 -6.77799908635 8.94482927935e-17 -2.06110365655e-16 1 -2.38687576859e-05
-0.667572701047 -0.744544618419 -9.11804183769e-17 15.9334969212 0.744544618419 -0.667572701047 -2.04218757068e-16 -6.91321782192 9.11804183769e-17 -2.04218757068e-16 1 -2.36445722628e-05
-0.651833725301 -0.758361915289 -9.28725492153e-17 15.7833392077 0.758361915289 -0.651833725301 -2.02291288441e-16 -7.04532086209 9.28725492153e-17 -2.02291288441e-16 1 -2.34170266711e-05
-0.63580883374 -0.771846569558 -9.45239430842e-17 15.6304478657 0.771846569558 -0.63580883374 -2.00328805226e-16 -7.17425026187 9.45239430842e-17 -2.00328805226e-16 1 -2.31849335872e-05
-0.619505055411 -0.784992666412 -9.61338756276e-17 15.4748899586 0.784992666412 -0.619505055411 -1.98332168231e-16 -7.29994946969 9.61338756276e-17 -1.98332168231e-16 1 -2.29483019254e-05
-0.602929541689 -0.797794439538 -9.77016406758e-17 15.3167337227 0.797794439538 -0.602929541689 -1.96302253249e-16 -7.42236334638 9.77016406758e-17 -1.96302253249e-16 1 -2.27086532427e-05
-0.586089563144 -0.810246273656 -9.92265505554e-17 15.1560485283 0.810246273656 -0.586089563144 -1.94239950667e-16 -7.54143819894 9.92265505554e-17 -1.94239950667e-16 1 -2.24660443209e-05
-0.568992506346 -0.82234270698 -1.0070793639e-16 14.9929048583 0.82234270698 -0.568992506346 -1.92146165078e-16 -7.65712179799 1.0070793639e-16 -1.92146165078e-16 1 -2.2219207279e-05
-0.551645870629 -0.834078433613 -1.02145148396e-16 14.8273742699 0.834078433613 -0.551645870629 -1.90021814888e-16 -7.76936339868 1.02145148396e-16 -1.90021814888e-16 1 -2.19690038277e-05
-0.534057264801 -0.845448305879 -1.03537556164e-16 14.6595293716 0.845448305879 -0.534057264801 -1.87867831905e-16 -7.87811376984 1.03537556164e-16 -1.87867831905e-16 1 -2.17156664744e-05
