0.999999999999 -9.999995e-07 1.0000005e-06 9.98727789704e-07 1.0000005e-06 0.999999999999 -9.999995e-07 9.99819357029e-07 -9.999995e-07 1.0000005e-06 0.999999999999 1.00028908918e-06
1 -2.71975479841e-11 1.28887932375e-11 8.23860226989e-13 2.71975477955e-11 1 1.46359769479e-08 9.01570658685e-08 -1.28887936356e-11 -1.46359769479e-08 1 5.60828080499e-13
1 -2.97713575934e-09 1.80370620597e-11 -3.22374883327e-07 2.97713575979e-09 1 -2.48638193964e-08 0.256771257275 -1.80369880368e-11 2.48638193964e-08 1 1.17040831188e-07
1 -1.27376879862e-08 -8.03608900348e-08 -1.62088395231e-07 1.27477586144e-08 0.999999992148 0.000125318774393 0.478252774445 8.03592931324e-08 -0.000125318774394 0.999999992148 8.9955346779e-06
1 -3.49690582774e-08 -8.77564612001e-08 -9.48699294061e-08 3.49871871156e-08 0.99999997866 0.000206589738679 0.692483295641 8.77492350788e-08 -0.000206589738683 0.99999997866 -3.7803655333e-07
1 -3.7681314809e-08 -5.76819321498e-08 -6.34949690322e-08 3.76970123766e-08 0.999999962963 0.000272164308954 0.904957981892 5.76716745044e-08 -0.000272164308956 0.999999962963 -1.20736998329e-05
1 -2.98867702636e-08 -1.26735856486e-08 -4.6537558924e-08 2.98909841873e-08 0.99999994468 0.0003326270218 1.11753178769 1.26636438001e-08 -0.0003326270218 0.99999994468 -2.46186356189e-05
1 -1.80766259227e-08 3.68938572467e-08 -3.58399581846e-08 1.80623881054e-08 0.99999992555 0.000385876472269 1.33100878962 -3.69008298446e-08 -0.000385876472269 0.99999992555 -3.81581614915e-05
1 -5.79065137586e-09 8.60562928593e-08 -2.83300292593e-08 5.75382962449e-09 0.999999908462 0.00042787366363 1.54579631593 -8.60587626491e-08 -0.00042787366363 0.999999908462 -5.23178818247e-05
1 5.2401793662e-09 1.3222445133e-07 -2.26900223461e-08 -5.30049397099e-09 0.99999989596 0.000456157309557 1.76212423691 -1.32222047227e-07 -0.000456157309558 0.99999989596 -6.63126925471e-05
1 1.42919710416e-08 1.74001899585e-07 -1.81955957984e-08 -1.43737892812e-08 0.999999889445 0.000470223715229 1.98013291863 -1.73995159924e-07 -0.000470223715232 0.999999889445 -7.92846747559e-05
1 2.10510812285e-08 2.10711554501e-07 -1.45587642983e-08 -2.11503277025e-08 0.999999889071 0.00047101740322 2.19991327847 -2.10701615701e-07 -0.000471017403225 0.999999889071 -9.05156364387e-05
1 2.55557547717e-08 2.42136519559e-07 -1.15219282444e-08 -2.56672166562e-08 0.999999894045 0.000460337798134 2.42152688336 -2.42124729623e-07 -0.000460337798141 0.999999894045 -9.95117013596e-05
1 2.78730924246e-08 2.68386817117e-07 -9.09411255231e-09 -2.79912814137e-08 0.999999903034 0.000440378156958 2.64501684658 -2.68374516391e-07 -0.000440378156965 0.999999903033 -0.000106011639961
1 2.82378708114e-08 2.8978015946e-07 -7.2185430022e-09 -2.83576681278e-08 0.999999914544 0.000413415914155 2.87041412744 -2.89768460712e-07 -0.000413415914163 0.999999914544 -0.000109961062326
1 2.69395354441e-08 3.06768072394e-07 -5.83691977037e-09 -2.70566016023e-08 0.999999927184 0.00038161767914 3.09774138085 -3.06757769454e-07 -0.000381617679148 0.999999927184 -0.000111467834176
1 2.4195819151e-08 3.1988455316e-07 -5.05322609059e-09 -2.43067945179e-08 0.999999939821 0.00034692773345 3.32701541825 -3.19876139709e-07 -0.000346927733457 0.999999939821 -0.000110757547573
1 2.03693079813e-08 3.29685857015e-07 -4.75798661129e-09 -2.04718429463e-08 0.999999951636 0.000311011066956 3.55824884689 -3.2967950599e-07 -0.000311011066963 0.999999951636 -0.000108132351211
1 1.57790225901e-08 3.36724403791e-07 -4.87333736647e-09 -1.58716992886e-08 0.999999962124 0.000275231896276 3.79145119576 -3.36720048147e-07 -0.000275231896281 0.999999962124 -0.000103934273934
1 1.07286766981e-08 3.41522931107e-07 -5.30138550121e-09 -1.08108663425e-08 0.999999971042 0.000240657208003 4.02662970993 -3.41520339284e-07 -0.000240657208007 0.999999971042 -9.85175221797e-05
1 5.38958190835e-09 3.44562822365e-07 -6.12254839735e-09 -5.46127659804e-09 0.999999978352 0.000208074701345 4.26378992309 -3.44561693471e-07 -0.000208074701347 0.999999978352 -9.22249464087e-05
1 6.0384442728e-11 3.46259950775e-07 -7.15714881187e-09 -1.2202654777e-10 0.999999984154 0.000178022626818 4.50293607627 -3.46259934538e-07 -0.000178022626818 0.999999984154 -8.53746077046e-05
1 -5.13466927371e-09 3.46971755439e-07 -8.44755310528e-09 5.08233807078e-09 0.999999988626 0.000150822491213 4.74407142871 -3.46972525917e-07 -0.000150822491212 0.999999988626 -7.82458530812e-05
1 -9.98547086419e-09 3.46987828171e-07 -9.83078680421e-09 9.94153595434e-09 0.999999991984 0.000126617783775 4.9871984883 -3.46989089728e-07 -0.000126617783771 0.999999991984 -7.10770976062e-05
1 -1.44303904666e-08 3.46541651146e-07 -1.13270741767e-08 1.43938615018e-08 0.999999994444 0.000105409795916 5.23231918747 -3.46543170325e-07 -0.000105409795911 0.999999994444 -6.40617894491e-05
1 -1.83637105339e-08 3.45810886183e-07 -1.28263793729e-08 1.83335927492e-08 0.999999996207 8.70930217654e-05 5.47943501443 -3.45812484222e-07 -8.7093021759e-05 0.999999996207 -5.73505047484e-05
1 -2.16746214689e-08 3.44924215918e-07 -1.41370596976e-08 2.16499639166e-08 0.999999997445 7.14867086989e-05 5.72854711648 -3.44925764484e-07 -7.14867086914e-05 0.999999997445 -5.10547124807e-05
1 -2.451532817e-08 3.43981045545e-07 -1.54905271819e-08 2.44952531027e-08 0.999999998297 5.83608480406e-05 5.97965637538 -3.43982475695e-07 -5.83608480322e-05 0.999999998297 -4.52488996859e-05
1 -2.67503800807e-08 3.43041472079e-07 -1.65876855361e-08 2.67340994611e-08 0.999999998874 4.74595370077e-05 6.23276346805 -3.43042741253e-07 -4.74595369985e-05 0.999999998874 -3.99780892465e-05
1 -2.85649000644e-08 3.42148711067e-07 -1.76604803308e-08 2.85517213026e-08 0.999999999258 3.8517580783e-05 6.48786891322 -3.42149811064e-07 -3.85175807733e-05 0.999999999258 -3.52612199204e-05
1 -2.99221928185e-08 3.41323600384e-07 -1.85485413618e-08 2.99115180595e-08 0.999999999511 3.1274556716e-05 6.74497310693 -3.41324536021e-07 -3.12745567058e-05 0.999999999511 -3.10983721741e-05
1 -3.09125675554e-08 3.4057503603e-07 -1.92970279368e-08 3.09038885677e-08 0.999999999675 2.54833054566e-05 7.00407635052 -3.40575823674e-07 -2.54833054461e-05 0.999999999675 -2.74739530366e-05
1 -3.15483996415e-08 3.39901563628e-07 -1.98095551459e-08 3.15412902466e-08 0.999999999781 2.09160202961e-05 7.26517887256 -3.39902223421e-07 -2.09160202854e-05 0.999999999781 -2.43611581333e-05
1 -3.19362204806e-08 3.39298381624e-07 -2.01596340323e-08 3.19303276463e-08 0.999999999849 1.73676910425e-05 7.5282808458 -3.39298936231e-07 -1.73676910317e-05 0.999999999849 -2.17257979809e-05
1 -3.22441403557e-08 3.38761690148e-07 -2.05657728784e-08 3.22391750499e-08 0.999999999893 1.46572132404e-05 7.79338240049 -3.38762162721e-07 -1.46572132295e-05 0.999999999893 -1.95287767742e-05
1 -3.23428785579e-08 3.38277999301e-07 -2.07170717549e-08 3.23386068811e-08 0.99999999992 1.26277035737e-05 8.06048363486 -3.3827840769e-07 -1.26277035627e-05 0.99999999992 -1.77295183438e-05
1 -3.2395679961e-08 3.37837565018e-07 -2.08258790005e-08 3.23919147845e-08 0.999999999938 1.11449254153e-05 8.3295846227 -3.37837926044e-07 -1.11449254043e-05 0.999999999938 -1.62868443079e-05
1 -3.24623860736e-08 3.37433138906e-07 -2.09569993444e-08 3.24589795185e-08 0.999999999949 1.00954914293e-05 8.60068541877 -3.37433466612e-07 -1.00954914184e-05 0.999999999949 -1.51601792443e-05
1 -3.2480823003e-08 3.37054205342e-07 -2.09582060388e-08 3.24776597373e-08 0.999999999956 9.3850313833e-06 8.87378606518 -3.37054510161e-07 -9.38503137235e-06 0.999999999956 -1.43112456153e-05
1 -3.25509857528e-08 3.36694145561e-07 -2.0977165393e-08 3.25479769807e-08 0.99999999996 8.93621359544e-06 9.14888659327 -3.3669443643e-07 -8.93621358448e-06 0.99999999996 -1.37052960369e-05
1 -3.26369115506e-08 3.36346759162e-07 -2.0932171453e-08 3.26339902811e-08 0.999999999962 8.68528756175e-06 9.42598702664 -3.3634704261e-07 -8.68528755077e-06 0.999999999962 -1.33086550648e-05
1 -3.272403965e-08 3.36006079251e-07 -2.07754093301e-08 3.27211561373e-08 0.999999999963 8.58172413176e-06 9.70508738405 -3.36006360068e-07 -8.58172412077e-06 0.999999999963 -1.30929082008e-05
1 -3.2942410287e-08 3.35672150374e-07 -2.07428737778e-08 3.29395287066e-08 0.999999999963 8.58450468146e-06 9.98618767931 -3.35672433156e-07 -8.5845046704e-06 0.999999999963 -1.30308279271e-05
1 -3.31897344431e-08 3.35342580179e-07 -2.06616604942e-08 3.31868297637e-08 0.999999999962 8.66182331539e-06 10.2692879233 -3.3534286765e-07 -8.66182330426e-06 0.999999999962 -1.3099504017e-05
1 -3.34411543816e-08 3.3501377232e-07 -2.04809757335e-08 3.34382098682e-08 0.999999999961 8.78922703657e-06 10.5543881252 -3.35014066229e-07 -8.78922702537e-06 0.999999999961 -1.32795810698e-05
1 -3.37973083011e-08 3.34687159777e-07 -2.03923388804e-08 3.3794313662e-08 0.99999999996 8.94757285642e-06 10.8414882919 -3.34687462167e-07 -8.94757284511e-06 0.99999999996 -1.35532726306e-05
1 -3.42196081179e-08 3.34363875627e-07 -2.03498202174e-08 3.4216557817e-08 0.999999999958 9.12269451176e-06 11.1305884291 -3.34364187788e-07 -9.12269450032e-06 0.999999999958 -1.39059081122e-05
1 -3.46690580874e-08 3.34042955947e-07 -2.02968315225e-08 3.46659500593e-08 0.999999999957 9.30427209891e-06 11.4216885419 -3.34043278503e-07 -9.30427208733e-06 0.999999999957 -1.43253079245e-05
1 -3.51420669765e-08 3.33723776802e-07 -2.02356687167e-08 3.51389017045e-08 0.999999999955 9.48470158391e-06 11.7147886338 -3.33724110099e-07 -9.48470157219e-06 0.999999999955 -1.48006864865e-05
1 -3.56949502153e-08 3.33408220982e-07 -2.02876097868e-08 3.56917298592e-08 0.999999999953 9.65889329637e-06 12.0098887082 -3.3340856574e-07 -9.65889328447e-06 0.999999999953 -1.53234476579e-05
1 -3.62620925982e-08 3.33096374363e-07 -2.03530870205e-08 3.62588203585e-08 0.999999999952 9.8236975101e-06 12.3069887682 -3.33096730574e-07 -9.82369749803e-06 0.999999999952 -1.58869283383e-05
1 -3.68242122674e-08 3.32787067912e-07 -2.04030939018e-08 3.68208920095e-08 0.99999999995 9.97711882301e-06 12.606088816 -3.32787435295e-07 -9.97711881076e-06 0.99999999995 -1.64853069207e-05
1 -3.73472937005e-08 3.32478969923e-07 -2.03725724408e-08 3.73439295646e-08 0.999999999949 1.0118336138e-05 12.9071888537 -3.32479347798e-07 -1.01183361256e-05 0.999999999949 -1.71143047829e-05
1 -3.78850086057e-08 3.32172977776e-07 -2.03582831728e-08 3.78816047295e-08 0.999999999947 1.02472942384e-05 13.2102888831 -3.32173365978e-07 -1.02472942258e-05 0.999999999947 -1.77707118437e-05
1 -3.84188247093e-08 3.31870046294e-07 -2.0331120192e-08 3.84153851927e-08 0.999999999946 1.03640403625e-05 13.5153889056 -3.3187044445e-07 -1.03640403498e-05 0.999999999946 -1.84511420873e-05
1 -3.89872025357e-08 3.31571350909e-07 -2.03689357885e-08 3.89837311871e-08 0.999999999945 1.04693799306e-05 13.8224889225 -3.31571759062e-07 -1.04693799177e-05 0.999999999945 -1.91538163201e-05
1 -3.96104938151e-08 3.31278268398e-07 -2.05270655702e-08 3.96069940774e-08 0.999999999944 1.0564337747e-05 14.1315889346 -3.31278686838e-07 -1.05643377338e-05 0.999999999944 -1.98775329693e-05
1 -4.01296525495e-08 3.30987038141e-07 -2.0510399084e-08 4.01261275198e-08 0.999999999943 1.0650046755e-05 14.4426889431 -3.30987465505e-07 -1.06500467417e-05 0.999999999943 -2.06215925969e-05
1 -4.07175595771e-08 3.30697974741e-07 -2.06310533384e-08 4.07140120855e-08 0.999999999942 1.07272783941e-05 14.7557889486 -3.30698411511e-07 -1.07272783806e-05 0.999999999942 -2.13846595884e-05
1 -4.12725724571e-08 3.30411161581e-07 -2.07115072329e-08 4.12690048725e-08 0.999999999942 1.07974023391e-05 15.0708889518 -3.30411607198e-07 -1.07974023255e-05 0.999999999942 -2.21671404688e-05
1 -4.18415220704e-08 3.30125959833e-07 -2.08362694467e-08 4.18379364601e-08 0.999999999941 1.08613324436e-05 15.3879889532 -3.30126414268e-07 -1.08613324298e-05 0.999999999941 -2.29687058193e-05
1 -4.23788366769e-08 3.29841514799e-07 -2.09205153826e-08 4.23752348797e-08 0.99999999994 1.09197738202e-05 15.707088953 -3.29841977547e-07 -1.09197738062e-05 0.99999999994 -2.37888349196e-05
1 -4.28869102574e-08 3.2955666567e-07 -2.09591895024e-08 4.28832937125e-08 0.99999999994 1.09739620099e-05 16.028188952 -3.29557136289e-07 -1.09739619957e-05 0.99999999994 -2.46286293817e-05
1 -4.34143731412e-08 3.29272118659e-07 -2.104003472e-08 4.34107430772e-08 0.999999999939 1.10245027068e-05 16.3512889499 -3.29272597261e-07 -1.10245026925e-05 0.999999999939 -2.54879907661e-05
1 -4.39665034958e-08 3.28988939716e-07 -2.11805316894e-08 4.39628609333e-08 0.999999999939 1.10719825048e-05 16.6763889475 -3.28989426492e-07 -1.10719824903e-05 0.999999999939 -2.63670629911e-05
1 -4.44602712682e-08 3.28705419052e-07 -2.12227024024e-08 4.4456617007e-08 0.999999999938 1.11171225675e-05 17.0034889446 -3.28705913302e-07 -1.11171225529e-05 0.999999999938 -2.72665620982e-05
1 -4.49343425915e-08 3.28420266946e-07 -2.12240499543e-08 4.49306772685e-08 0.999999999938 1.11604566149e-05 17.3325889414 -3.28420768413e-07 -1.11604566002e-05 0.999999999938 -2.81869805987e-05
1 -4.5413634641e-08 3.28134233151e-07 -2.12269398357e-08 4.54099588107e-08 0.999999999937 1.12022065186e-05 17.663688938 -3.28134741863e-07 -1.12022065037e-05 0.999999999937 -2.91282734727e-05
1 -4.59746628759e-08 3.27849699362e-07 -2.13867721017e-08 4.59709769101e-08 0.999999999937 1.12428435556e-05 17.9967889345 -3.27850216227e-07 -1.12428435405e-05 0.999999999937 -3.00911414107e-05
1 -4.64992924986e-08 3.27566009796e-07 -2.1493768943e-08 4.6495596646e-08 0.999999999936 1.12827628846e-05 18.3318889311 -3.27566534415e-07 -1.12827628694e-05 0.999999999936 -3.10762784243e-05
1 -4.70037012413e-08 3.27280972044e-07 -2.15689058345e-08 4.69999957071e-08 0.999999999936 1.13221710635e-05 18.6689889275 -3.27281504207e-07 -1.13221710482e-05 0.999999999936 -3.2084048955e-05
1 -4.75611206179e-08 3.26995586163e-07 -2.17539601725e-08 4.75574055553e-08 0.999999999935 1.13611915728e-05 19.0080889244 -3.26996126493e-07 -1.13611915573e-05 0.999999999935 -3.31147468134e-05
1 -4.80757810841e-08 3.26709528182e-07 -2.18743022122e-08 4.80720566007e-08 0.999999999935 1.13999744871e-05 19.349188921 -3.26710076223e-07 -1.13999744714e-05 0.999999999935 -3.41687494782e-05
1 -4.85440580997e-08 3.26420952737e-07 -2.1908423167e-08 4.85403242584e-08 0.999999999935 1.14387206411e-05 19.6922889178 -3.26421507997e-07 -1.14387206252e-05 0.999999999935 -3.524666275e-05
1 -4.90523420813e-08 3.26131057796e-07 -2.20153731792e-08 4.90485989063e-08 0.999999999934 1.14775077255e-05 20.0373889146 -3.26131620773e-07 -1.14775077095e-05 0.999999999934 -3.63488537383e-05
1 -4.95757135907e-08 3.25841499311e-07 -2.21583726528e-08 4.95719611137e-08 0.999999999934 1.15162549907e-05 20.3844889116 -3.25842070216e-07 -1.15162549746e-05 0.999999999934 -3.7475335679e-05
1 -5.00637094543e-08 3.25551419497e-07 -2.22404344067e-08 5.00599475599e-08 0.999999999933 1.15554434963e-05 20.7335889085 -3.25551997984e-07 -1.155544348e-05 0.999999999933 -3.86275465128e-05
1 -5.06081061479e-08 3.25261290752e-07 -2.24367339252e-08 5.06043348681e-08 0.999999999933 1.15946057341e-05 21.0846889057 -3.25261877511e-07 -1.15946057177e-05 0.999999999933 -3.98046572856e-05
1 -5.10660920732e-08 3.24970292836e-07 -2.2476191469e-08 5.10623113679e-08 0.999999999932 1.16339921751e-05 21.4377889032 -3.24970886917e-07 -1.16339921585e-05 0.999999999932 -4.10075727263e-05
1 -5.16146433262e-08 3.24678742402e-07 -2.26904867886e-08 5.16108531402e-08 0.999999999932 1.16736393135e-05 21.7928889003 -3.24679344911e-07 -1.16736392967e-05 0.999999999932 -4.22366566028e-05
1 -5.20850358537e-08 3.24387085675e-07 -2.27667802238e-08 5.20812361006e-08 0.999999999931 1.17136278207e-05 22.1499888977 -3.24387695757e-07 -1.17136278038e-05 0.999999999931 -4.34924778951e-05
1 -5.25645613078e-08 3.24093846002e-07 -2.2856757226e-08 5.25607519478e-08 0.999999999931 1.17538682691e-05 22.509088895 -3.24094463816e-07 -1.1753868252e-05 0.999999999931 -4.47751606564e-05
1 -5.30818227865e-08 3.23800721566e-07 -2.30221912724e-08 5.30780037408e-08 0.99999999993 1.17944210792e-05 22.8701888925 -3.23801347613e-07 -1.17944210621e-05 0.99999999993 -4.60852151633e-05
1 -5.35767273395e-08 3.23507873185e-07 -2.31535476133e-08 5.35728985289e-08 0.99999999993 1.18352818105e-05 23.2332888899 -3.23508507258e-07 -1.18352817932e-05 0.99999999993 -4.74230039538e-05
1 -5.41005253407e-08 3.23214960174e-07 -2.33491736732e-08 5.40966867362e-08 0.999999999929 1.18763090257e-05 23.5983888873 -3.23215602665e-07 -1.18763090082e-05 0.999999999929 -4.87885243705e-05
1 -5.45842696539e-08 3.22921715833e-07 -2.34783008956e-08 5.45804211949e-08 0.999999999929 1.19176103075e-05 23.9654888847 -3.22922366325e-07 -1.19176102899e-05 0.999999999929 -5.01823893905e-05
1 -5.5064027623e-08 3.22627280059e-07 -2.36017371808e-08 5.50601692448e-08 0.999999999928 1.1959231352e-05 24.3345888822 -3.22627938559e-07 -1.19592313342e-05 0.999999999928 -5.16050869902e-05
1 -5.5573052015e-08 3.22332651856e-07 -2.37870147222e-08 5.55691836857e-08 0.999999999928 1.2001034559e-05 24.7056888797 -3.22333318767e-07 -1.20010345411e-05 0.999999999928 -5.30566324414e-05
1 -5.60314388145e-08 3.22037710486e-07 -2.38799079161e-08 5.60275604929e-08 0.999999999927 1.20430541795e-05 25.0787888774 -3.22038385253e-07 -1.20430541615e-05 0.999999999927 -5.45374742667e-05
1 -5.65556149068e-08 3.21742489489e-07 -2.41037674926e-08 5.65517265223e-08 0.999999999927 1.20853804307e-05 25.453888875 -3.21743172961e-07 -1.20853804125e-05 0.999999999927 -5.6048182685e-05
1 -5.70493141767e-08 3.21447990826e-07 -2.4283416484e-08 5.70454156684e-08 0.999999999926 1.21279466516e-05 25.8309888728 -3.21448682693e-07 -1.21279466332e-05 0.999999999926 -5.75889622055e-05
1 -5.75317901727e-08 3.21152810292e-07 -2.44490521792e-08 5.75278814733e-08 0.999999999926 1.21708265672e-05 26.2100888704 -3.21153510477e-07 -1.21708265487e-05 0.999999999926 -5.91603572866e-05
1 -5.80152904788e-08 3.20857020431e-07 -2.46227424459e-08 5.80113715553e-08 0.999999999925 1.22139115189e-05 26.5911888681 -3.20857729e-07 -1.22139115003e-05 0.999999999925 -6.0762467282e-05
1 -5.85068859407e-08 3.20561054091e-07 -2.48201560073e-08 5.85029567471e-08 0.999999999925 1.22572257935e-05 26.9742888656 -3.20561771199e-07 -1.22572257747e-05 0.999999999925 -6.23956923645e-05
1 -5.8986913172e-08 3.2026498694e-07 -2.50039595435e-08 5.89829736671e-08 0.999999999924 1.23007529823e-05 27.3593888634 -3.20265712499e-07 -1.23007529634e-05 0.999999999924 -6.40603854544e-05
1 -5.94675141373e-08 3.19968576517e-07 -2.51960184181e-08 5.94635642973e-08 0.999999999924 1.23444479581e-05 27.7464888611 -3.19969310586e-07 -1.23444479391e-05 0.999999999924 -6.57567686391e-05
1 -5.99326625529e-08 3.1967182155e-07 -2.53635882869e-08 5.99287023132e-08 0.999999999923 1.23884398106e-05 28.1355888587 -3.19672563997e-07 -1.23884397914e-05 0.999999999923 -6.74855190055e-05
1 -6.03739964223e-08 3.19374318277e-07 -2.54838028545e-08 6.03700257368e-08 0.999999999923 1.2432686815e-05 28.5266888565 -3.19375068863e-07 -1.24326867957e-05 0.999999999923 -6.92469164627e-05
1 -6.08630546805e-08 3.19076559605e-07 -2.56978560051e-08 6.08590734696e-08 0.999999999922 1.24772755757e-05 28.9197888541 -3.19077318985e-07 -1.24772755562e-05 0.999999999922 -7.10415614466e-05
1 -6.12890272188e-08 3.18779114572e-07 -2.57907970028e-08 6.12850354565e-08 0.999999999922 1.25220170277e-05 29.3148888519 -3.18779882009e-07 -1.25220170082e-05 0.999999999922 -7.28693570848e-05
0.98293337135 0.183953207301 -0.00179025401082 0.3897004445 -0.18395318768 0.982934989408 0.000177032308618 29.7119887688 0.00179226896813 0.000155311968099 0.999998381824 -7.38324487778e-05
0.963414610422 0.267839762663 -0.0097030903031 0.653413903718 -0.267898587191 0.963432240254 -0.0053540097185 30.1040334396 0.0079142533358 0.00775757537073 0.999938590424 0.0031078692363
0.955190035856 0.295598792488 -0.01527577428 0.829398619502 -0.295734664252 0.955240532485 -0.0075188733565 30.4931285585 0.0123694688723 0.0116995288889 0.999855048126 0.00541121974094
0.957203711832 0.288963901783 -0.016152941596 0.942822363024 -0.289094606865 0.957279167685 -0.00639557640635 30.8837957571 0.0136147837742 0.0107915977759 0.999849078151 0.00571716327392
0.965781011536 0.258980086693 -0.0140125819658 1.01052437237 -0.259059795459 0.965852253057 -0.00417703729972 31.2781095259 0.0124523143808 0.00766419992647 0.999893094239 0.00464790325135
0.999009054518 0.0438404054647 -0.00767644712545 0.668816988585 -0.0438371366993 0.999038514291 0.000593641114129 31.7062170516 0.00769509179839 -0.000256539386146 0.999970359436 0.000244270116512
0.996813314484 -0.0797574406389 0.00140240135518 0.431350049535 0.0797670061402 0.996771058773 -0.00920223468437 32.1128282445 -0.00066392639704 0.0092847754139 0.999956675135 0.00376925366563
0.988364721862 -0.15174408058 0.0104360235563 0.261508695618 0.151901959075 0.988257691841 -0.0165084628499 32.501871272 -0.00780841903484 0.0179016347161 0.999809261843 0.00812913204438
0.981181580716 -0.192465431551 0.0154842927539 0.138906409109 0.192731761172 0.98108494778 -0.0180774299794 32.881136814 -0.0117121261856 0.0207215563354 0.999716681467 0.0106645418009
0.978143348056 -0.207367633534 0.0153053982456 0.0546202582405 0.207599404591 0.978090720156 -0.0155251524225 33.2564843519 -0.0117506538742 0.0183632161325 0.99976232897 0.010847664564
0.979441223066 -0.201389657959 0.0117088097787 0.00105205364091 0.201517387918 0.979423235747 -0.010993982253 33.6318536251 -0.00925380603467 0.0131274881865 0.999871009745 0.00914802999872
0.983431555018 -0.18112715193 0.00743850988939 -0.0298000205471 0.181174980759 0.983430359782 -0.0063524644776 34.0087491391 -0.00616465265821 0.00759488590549 0.999952156238 0.00667349149984
0.988199068189 -0.153118691546 0.0041554699582 -0.045107515919 0.153131255073 0.988201622073 -0.00289358809634 34.3867244637 -0.00366337972999 0.00349577339064 0.999987179526 0.00446747823762
0.992493712824 -0.122276299185 0.00217638742418 -0.0502066607684 0.122278779567 0.992495243184 -0.00104514314213 34.7645169507 -0.00203225793028 0.00130342399566 0.999997085503 0.00301696968535
0.995781921645 -0.0917435669142 0.00121756084554 -0.0487307199372 0.0917442102581 0.995782489418 -0.000483376928977 35.1409113713 -0.00116807904616 0.000593042165431 0.999999141946 0.0022831558717
0.997983638205 -0.0634643990757 0.00096328899138 -0.0432227263604 0.0634649767029 0.99798389703 -0.000581379311477 35.5150851315 -0.000924450012945 0.000641342153841 0.999999367036 0.00198655391037
0.999252505728 -0.0386392470617 0.00119932580491 -0.0355731141104 0.0386402099547 0.999252875669 -0.000790343171674 35.8866448889 -0.00116789149435 0.000836094595586 0.999998968487 0.00183923927408
0.999837753774 -0.0179276119326 0.00175124494254 -0.0271912759866 0.0179290267034 0.999838945594 -0.000795533901458 36.2555372311 -0.00173670087376 0.000826802946424 0.999998150132 0.00164916383209
0.999995853628 -0.00154246506285 0.00243177458971 -0.0190596739477 0.00154370647207 0.999998679096 -0.000508700888416 36.6219167343 -0.00243098672422 0.000512452725326 0.999996913843 0.00133753424556
0.999938528878 0.0106596469744 0.00305129344826 -0.0117836675613 -0.0106597168097 0.999943183583 6.62456945263e-06 36.9860179779 -0.00305104946913 -3.91500862947e-05 0.999995344771 0.000914336916586
0.999812134434 0.0190715725215 0.00345990751411 -0.00566795525535 -0.0190738192598 0.999817887455 0.000617530111598 37.3480612957 -0.00344750015124 -0.000683407749533 0.999993823829 0.000439150091446
0.999700047345 0.0242282994084 0.00357838584647 -0.000805474688594 -0.0242326835652 0.999705640789 0.00118693798725 37.7082027848 -0.0035485750267 -0.00127329585394 0.999992893141 -1.64805170332e-05
0.999637202825 0.0267189252912 0.0034002586301 0.00284313050316 -0.0267245315655 0.999641532706 0.00161415681036 38.0665224302 -0.00335591121337 -0.00170444151792 0.999992916344 -0.000395447464851
0.999627607758 0.0271258827966 0.00297191684122 0.00539116092141 -0.0271314550831 0.999630160616 0.00185098143074 38.4230362084 -0.00292060820398 -0.0019309245679 0.99999387077 -0.000667056564976
0.999659439819 0.0259885647228 0.00236619638115 0.00698850974559 -0.0259930810149 0.99966032031 0.00189835098325 38.7777181432 -0.00231605721491 -0.00195920921473 0.999995398679 -0.000826875874337
0.999715741152 0.023783994454 0.00166087376059 0.00779922862649 -0.0237869637953 0.999715444859 0.00179155355713 39.1305224755 -0.00161779085056 -0.00183055143619 0.999997015913 -0.000889548525942
0.999780767093 0.0209179463472 0.000925889219367 0.00798768871667 -0.0209193937177 0.999779913648 0.00158216061001 39.481400795 -0.000892589893033 -0.00160118278946 0.999998319747 -0.000879567693368
0.999842920959 0.0177224694129 0.000217912465172 0.0077093351123 -0.0177227425006 0.999842065079 0.00132260962989 39.8303125497 -0.000194438140473 -0.00132626388214 0.999999101609 -0.000823323454535
0.999895392549 0.0144577631814 -0.000420765647029 0.00710429384123 -0.0144573120284 0.99989492976 0.00105620541137 40.1772295373 0.00043599180479 -0.00105001178417 0.999999353693 -0.00074384058001
0.99993549547 0.0113172654223 -0.000961458954209 0.00629331514288 -0.0113164855778 0.999935636257 0.00081271025216 40.5221360183 0.000970594728747 -0.000801777492278 0.999999207549 -0.000658259297777
0.999963461604 0.00843503068782 -0.00138770117535 0.0053758624285 -0.00843419321928 0.999964246574 0.000608242750765 40.8650263109 0.00139278210654 -0.000596516386707 0.999998852162 -0.000577443085628
0.999981193109 0.00589448714021 -0.00169364956061 0.00443005700185 -0.00589373667751 0.99998253154 0.000447753753316 41.2059014452 0.0016962592539 -0.000437763407925 0.999998465533 -0.000506884186287
0.999991243186 0.00373771198561 -0.00188230195835 0.00351403225492 -0.00373710000202 0.999992963049 0.000328537394428 41.5447659615 0.00188351669084 -0.000321500166835 0.9999981745 -0.000448179628068
0.999996122931 0.00197451405041 -0.00196352179566 0.00266819279068 -0.00197403932151 0.999998021892 0.000243682845434 41.8816254249 0.00196399906681 -0.000239805831425 0.999998042598 -0.000400554273696
0.999997920395 0.000590814880812 -0.00195195879195 0.00191792485088 -0.00059045518305 0.999999808597 0.000184846418335 42.2164848311 0.00195206762836 -0.000183693489742 0.999998077842 -0.000362116825554
0.999998162279 -0.000443976995585 -0.00186502642316 0.00127641730383 0.000444246556267 0.999999890937 0.000144122731414 42.5493478226 0.00186496223258 -0.000144950998122 0.999998250451 -0.000330736642251
0.999997833582 -0.00117074139175 -0.00172110294155 0.000747364737751 0.00117094113937 0.999999307829 0.000115054839639 42.8802165044 0.00172096705079 -0.000117069900622 0.999998512282 -0.000304544796036
0.999997479578 -0.00163559277057 -0.00153807469487 0.000327425574139 0.00163573769391 0.999998657858 9.29706413554e-05 43.2090916344 0.00153792056845 -9.54862937846e-05 0.999998812841 -0.000282143306524
0.999997334124 -0.00188594679064 -0.00133227243779 8.3650210523e-06 0.00188604821182 0.999998218606 7.48741899458e-05 43.535972985 0.00133212885575 -7.73867203894e-05 0.999999109722 -0.000262617179961
0.999997439532 -0.00196760574595 -0.00111779083605 -0.000221138353308 0.00196767303854 0.999998062383 5.91048812326e-05 43.8608597331 0.0011176723751 -6.13041767873e-05 0.999999373525 -0.000245441740608
0.999997740989 -0.00192273860515 -0.000906141545962 -0.000374024273321 0.00192278010297 0.999998150447 4.49272433367e-05 44.1837507953 0.000906053486661 -4.66694527806e-05 0.999999588444 -0.000230355946453
0.999998151083 -0.00178861722466 -0.000706171851243 -0.000463703206583 0.00178864037622 0.999998399865 3.2154412207e-05 44.5046450714 0.000706113209337 -3.34174402418e-05 0.999999750144 -0.000217244720723
0.999998587463 -0.0015969686722 -0.000524178397171 -0.000503202778169 0.00159697982321 0.999998724609 2.08554484049e-05 44.8235415905 0.000524144423141 -2.16925212698e-05 0.999999862401 -0.000206048677947
0.999998990022 -0.00137380789584 -0.000364152303456 -0.000504572408125 0.00137381205062 0.999999056258 1.11595650938e-05 45.1404395789 0.000364136628691 -1.16598306456e-05 0.999999933634 -0.000196706661103
0.999999324609 -0.00113962722802 -0.000228102469921 -0.000478508880664 0.00113962797554 0.999999350619 3.14719203538e-06 45.4553384704 0.00022809873517 -3.40714186581e-06 0.99999997398 -0.000189127638313
0.999999579327 -0.000909831595111 -0.00011641505463 -0.000434159661977 0.000909831229574 0.999999586098 -3.19286740884e-06 45.7682378824 0.000116417911417 3.08694801339e-06 0.999999993219 -0.000183184853865
0.999999757861 -0.000695328170317 -2.82172850777e-05 -0.000379067459611 0.000695327945833 0.999999758228 -7.96458668546e-06 46.0791375768 2.8222816257e-05 7.94496449006e-06 0.99999999957 -0.000178720691747
0.999999872666 -0.000503193548139 3.82773716963e-05 -0.000319216674135 0.000503193982627 0.999999873334 -1.13422614267e-05 46.3880374182 -3.82716594951e-05 1.13615209256e-05 0.999999999203 -0.000175559892339
0.999999939442 -0.000337361564603 8.5458238801e-05 -0.00025915265693 0.000337362723022 0.999999943002 -1.35413221718e-05 46.6949373377 -8.54536656084e-05 1.3570151776e-05 0.999999996257 -0.000173521192378
0.999999973408 -0.000199287566421 0.000116050008847 -0.00020214469812 0.000199289284125 0.999999980033 -1.47900347827e-05 46.9998373057 -0.00011604705906 1.48131619126e-05 0.999999993157 -0.00017242853889
0.999999987248 -8.85602225667e-05 0.000132893198455 -0.000150372216288 8.85622575983e-05 0.999999995961 -1.53074800524e-05 47.3027373104 -0.000132891842284 1.53192491788e-05 0.999999991053 -0.000172118891737
0.999999990365 -3.44229635182e-06 0.000138772852475 -0.000105116921838 3.44441811524e-06 0.999999999877 -1.52892343471e-05 47.6036373481 -0.000138772799828 1.52897121915e-05 0.999999990254 -0.000172446838723
0.999999988991 5.8668728224e-05 0.000136292930895 -6.69489580319e-05 -5.8666697997e-05 0.999999998168 -1.4900005347e-05 47.9025374156 -0.000136293804809 1.48920093267e-05 0.999999990601 -0.000173286651126
0.999999986748 0.000100862578749 0.000127791787425 -3.5898374019e-05 -0.000100860755684 0.999999994812 -1.42722656004e-05 48.1994375084 -0.0001277932263 1.4259376235e-05 0.999999991733 -0.000174531130146
0.999999985363 0.000126417691353 0.000115292940614 -1.16070328404e-05 -0.000126416134873 0.999999991918 -1.35074099667e-05 48.4943376207 -0.000115294647258 1.3492834881e-05 0.999999993263 -0.000176092082823
0.99999998535 0.000138575816444 0.000100484805592 6.54141206007e-06 -0.000138574542928 0.999999990318 -1.2680572303e-05 48.7872377449 -0.000100486561839 1.26666474813e-05 0.999999994871 -0.000177896162374
0.999999986557 0.000140382155387 8.47230090439e-05 1.93159348592e-05 -0.000140381152406 0.999999990076 -1.18441887877e-05 49.0781378741 -8.47246709159e-05 1.18322951149e-05 0.999999996341 -0.000179885650245
0.99999998856 0.000134579718609 6.90493434263e-05 2.75529718363e-05 -0.00013457895699 0.999999990883 -1.10345878982e-05 49.3670380021 -6.90508278286e-05 1.10252951834e-05 0.999999997555 -0.000182011808142
0.999999990898 0.000123549773961 5.42219978799e-05 3.20930716931e-05 -0.000123549217043 0.999999992315 -1.02743052899e-05 49.6539381237 -5.42232668513e-05 1.0267606111e-05 0.999999998477 -0.00018423735296
0.999999993198 0.000109287543975 4.07525069339e-05 3.37345800559e-05 -0.000109287153796 0.999999993982 -9.5764552263e-06 49.9388382353 -4.07535532759e-05 9.57200143566e-06 0.999999999124 -0.000186532772065
0.999999995219 9.34053181145e-05 2.89456769033e-05 3.32033554646e-05 -9.34050591505e-05 0.999999995598 -8.94777637549e-06 50.2217383345 -2.89465125458e-05 8.94507266005e-06 0.999999999541 -0.00018887408977
0.999999996844 7.71546197523e-05 1.89395868226e-05 3.11346452164e-05 -7.71544608613e-05 0.999999996988 -8.38994671203e-06 50.5026384206 -1.89402340887e-05 8.38848541194e-06 0.999999999785 -0.000191243544355
0.999999998054 6.14612867828e-05 1.07435209532e-05 2.80652954093e-05 -6.14612018921e-05 0.99999999808 -7.90172208919e-06 50.7815384935 -1.07440065826e-05 7.9010617641e-06 0.999999999911 -0.000193627093405
0.999999998888 4.69676736652e-05 4.27238384898e-06 2.44331743377e-05 -4.69676417088e-05 0.999999998869 -7.47954099943e-06 51.0584385535 -4.27273514079e-06 7.47934032731e-06 0.999999999963 -0.000196014716358
0.999999999419 3.4077878114e-05 -6.23274693349e-07 2.05819718605e-05 -3.40778825502e-05 0.999999999394 -7.11894916318e-06 51.3333386018 6.23032094289e-07 7.11897039893e-06 0.999999999974 -0.000198398291558
0.999999999727 2.30030497287e-05 -4.13203819331e-06 1.67701374947e-05 -2.30030778857e-05 0.999999999712 -6.81439293109e-06 51.6062386399 4.1318814403e-06 6.81448797882e-06 0.999999999968 -0.000200772805078
0.999999999884 1.38037382192e-05 -6.46122229243e-06 1.31811033955e-05 -1.38037806057e-05 0.999999999883 -6.56014113288e-06 51.877138669 6.46113173721e-06 6.56023032141e-06 0.999999999958 -0.000203134613558
0.999999999949 6.42871730885e-06 -7.82107588479e-06 9.93540143404e-06 -6.42876697554e-06 0.999999999959 -6.35035784773e-06 52.1460386904 7.82103505982e-06 6.35040812728e-06 0.999999999949 -0.000205481568344
0.999999999964 7.48208879436e-07 -8.41314310764e-06 7.10157729655e-06 -7.48260869052e-07 0.999999999981 -6.1795696354e-06 52.4129387052 8.41313848387e-06 6.1795759304e-06 0.999999999946 -0.000207812043967
0.999999999959 -3.41747352904e-06 -8.42228392357e-06 4.70783442274e-06 3.41742263833e-06 0.999999999976 -6.04239555381e-06 52.6778387149 8.42230457309e-06 6.04236677106e-06 0.999999999946 -0.000210125670284
0.999999999948 -6.2751456785e-06 -8.01175539624e-06 2.75164172113e-06 6.27509813706e-06 0.999999999963 -5.93397159885e-06 52.9407387203 8.01179263247e-06 5.933921324e-06 0.99999999995 -0.000212422292393
0.999999999941 -8.04046792387e-06 -7.3207846633e-06 1.20904255191e-06 8.04042509858e-06 0.999999999951 -5.84983311547e-06 53.2016387225 7.32083169833e-06 5.84977425291e-06 0.999999999956 -0.000214702227457
0.999999999939 -8.92477938439e-06 -6.46405614862e-06 4.15479816247e-08 8.9247419848e-06 0.999999999943 -5.78578346972e-06 53.4605387219 6.4641077851e-06 5.78572577933e-06 0.999999999962 -0.00021696649045
0.999999999943 -9.12558342884e-06 -5.53261861059e-06 -7.97794043457e-07 9.12555167983e-06 0.999999999942 -5.73851231113e-06 53.7174387193 5.53267097754e-06 5.7384618226e-06 0.999999999968 -0.000219215281149
0.999999999951 -8.82020886344e-06 -4.59578200588e-06 -1.35926798168e-06 8.82018264421e-06 0.999999999945 -5.7050536455e-06 53.972338715 4.59583232539e-06 5.70501310958e-06 0.999999999973 -0.000221449083639
0.99999999996 -8.16240268423e-06 -3.70362014889e-06 -1.69286937961e-06 8.16238163849e-06 0.999999999951 -5.68245580214e-06 54.2252387102 3.7036665312e-06 5.68242557155e-06 0.999999999977 -0.000223669435956
0.999999999969 -7.28143172241e-06 -2.88976124301e-06 -1.84643952702e-06 7.28141534072e-06 0.999999999957 -5.66884308341e-06 54.4761387043 2.88980252018e-06 5.66882204169e-06 0.99999999998 -0.000225876186686
0.999999999978 -6.28191831266e-06 -2.17427512803e-06 -1.86304447572e-06 6.28190600172e-06 0.999999999964 -5.66205259349e-06 54.7250386979 2.1743106965e-06 5.66203893477e-06 0.999999999982 -0.000228070637341
0.999999999985 -5.24576062967e-06 -1.56644413332e-06 -1.7807748047e-06 5.2457517627e-06 0.99999999997 -5.66052429862e-06 54.9719386915 1.56647382703e-06 5.66051608136e-06 0.999999999983 -0.000230253445996
0.99999999999 -4.23402700854e-06 -1.06732912091e-06 -1.63170340453e-06 4.23402096401e-06 0.999999999975 -5.6631659665e-06 55.216838685 1.06735309888e-06 5.66316144735e-06 0.999999999983 -0.000232424719405
0.999999999994 -3.28992243817e-06 -6.72032305233e-07 -1.44244340884e-06 3.2899186284e-06 0.999999999979 -5.6689427226e-06 55.4597386785 6.720509556e-07 5.66894051164e-06 0.999999999984 -0.000234584870834
0.999999999997 -2.44125926849e-06 -3.71646349846e-07 -1.23377909426e-06 2.44125715862e-06 0.999999999981 -5.67696547889e-06 55.7006386723 3.71660208783e-07 5.67696457159e-06 0.999999999984 -0.000236734427289
0.999999999999 -1.70358894884e-06 -1.54850611367e-07 -1.02173692493e-06 1.70358806824e-06 0.999999999982 -5.68661264889e-06 55.9395386665 1.54860299015e-07 5.68661238508e-06 0.999999999984 -0.00023887360608
0.999999999999 -1.08262623997e-06 -9.1893105267e-09 -8.17782277502e-07 1.0826261876e-06 0.999999999983 -5.69709814973e-06 56.1764386609 9.19547835449e-09 5.69709813978e-06 0.999999999984 -0.000241003288585
1 -5.76964326017e-07 7.79648063757e-08 -6.30067949759e-07 5.76964771076e-07 0.999999999984 -5.70858465744e-06 56.4113386555 -7.79615127247e-08 5.70858470243e-06 0.999999999984 -0.000243122376214
1 -1.79717661684e-07 1.18692145188e-07 -4.63248452003e-07 1.79718340652e-07 0.999999999984 -5.72043584608e-06 56.6442386504 -1.18691117122e-07 5.72043586741e-06 0.999999999984 -0.000245231757972
1 1.19316608935e-07 1.24055454068e-07 -3.19787512236e-07 -1.19315897777e-07 0.999999999984 -5.73256660585e-06 56.8751386456 -1.24056138057e-07 5.73256659105e-06 0.999999999984 -0.00024733120819
1 3.32372292818e-07 1.03811447563e-07 -2.00231752059e-07 -3.32371696454e-07 0.999999999983 -5.74463189774e-06 57.1040386412 -1.03813356917e-07 5.74463186324e-06 0.999999999983 -0.00024942121969
1 4.72561773823e-07 6.6271126665e-08 -1.03700818214e-07 -4.725613923e-07 0.999999999983 -5.75688397496e-06 57.3309386371 -6.62738471472e-08 5.75688394364e-06 0.999999999983 -0.000251500987529
1 5.52904369822e-07 1.82806227633e-08 -2.8496145938e-08 -5.5290426435e-07 0.999999999983 -5.76908097043e-06 57.5558386333 -1.8283812513e-08 5.76908096032e-06 0.999999999983 -0.0002535708606
1 5.85820044428e-07 -3.47212271994e-08 2.77755650264e-08 -5.8582024515e-07 0.999999999983 -5.78124940038e-06 57.7787386297 3.4717840427e-08 5.78124942072e-06 0.999999999983 -0.000255630627222
1 5.82558991639e-07 -8.85818039299e-08 6.76486703041e-08 -5.82559504813e-07 0.999999999983 -5.79333324371e-06 57.9996386263 8.857842897e-08 5.79333329531e-06 0.999999999983 -0.00025768028554
1 5.53048955466e-07 -1.40284913247e-07 9.37549466209e-08 -5.5304976988e-07 0.999999999983 -5.80549785324e-06 58.2185386234 1.4028170252e-07 5.80549793083e-06 0.999999999983 -0.0002597193862
1 5.05818055342e-07 -1.8778690861e-07 1.08750207398e-07 -5.05819147835e-07 0.999999999983 -5.81776883836e-06 58.4354386204 1.87783965874e-07 5.81776893334e-06 0.999999999983 -0.000261747699808
1 4.47879641803e-07 -2.29843375088e-07 1.15019674407e-07 -4.47880981788e-07 0.999999999983 -5.83002484222e-06 58.6503386178 2.29840763935e-07 5.83002494516e-06 0.999999999983 -0.000263765407641
1 3.84892167081e-07 -2.65847777361e-07 1.14789819854e-07 -3.84893720224e-07 0.999999999983 -5.84225166448e-06 58.863238615 2.6584552872e-07 5.84225176681e-06 0.999999999983 -0.00026577243281
1 3.21207154987e-07 -2.95680173452e-07 1.09977757743e-07 -3.2120888607e-07 0.999999999983 -5.85459804852e-06 59.0741386124 2.95678292908e-07 5.85459814349e-06 0.999999999983 -0.000267768347884
1 2.59956358481e-07 -3.19570580994e-07 1.02058341148e-07 -2.59958233428e-07 0.999999999983 -5.86709567073e-06 59.2830386099 3.19569055799e-07 5.8670957538e-06 0.999999999983 -0.000269752981418
1 2.03298674011e-07 -3.37987866832e-07 9.22188424423e-08 -2.03300661316e-07 0.999999999983 -5.87982218549e-06 59.4899386073 3.37986671466e-07 5.8798222542e-06 0.999999999983 -0.000271726024805
1 1.52664727907e-07 -3.51552411418e-07 8.15441080272e-08 -1.5266679953e-07 0.999999999983 -5.8927922996e-06 59.6948386049 3.5155151179e-07 5.89279235327e-06 0.999999999983 -0.000273687316536
