0.999999999999 -9.999995e-07 1.0000005e-06 9.98727789704e-07 1.0000005e-06 0.999999999999 -9.999995e-07 9.99819357029e-07 -9.999995e-07 1.0000005e-06 0.999999999999 1.00028908918e-06
1 1.09706337603e-08 -4.48725819674e-09 -1.04282549501e-10 -1.09706336928e-08 1 1.50435111565e-08 8.99905319429e-08 4.48725836177e-09 -1.50435111073e-08 1 4.9123819581e-13
0.999979956754 0.00633135766491 1.47205626393e-07 0.000654504140432 -0.0063313576649 0.999979956754 -5.84741893897e-08 0.255155969585 -1.47572896921e-07 5.75410059062e-08 1 6.88870241719e-08
0.999933287524 0.0115507523256 2.49340628433e-05 0.00253544251477 -0.0115507556274 0.999933278465 0.000136609097436 0.473315071231 -2.33544613545e-05 -0.000136887991172 0.999999990358 9.87969795082e-06
0.999861813752 0.0166238515108 3.10077543836e-05 0.00531060694642 -0.0166238580025 0.999861789393 0.000222389071432 0.682324125976 -2.7306505882e-05 -0.000222873808827 0.999999974791 -1.04803790747e-07
0.999763983743 0.0217250085706 2.84952518176e-05 0.00906958011497 -0.0217250158779 0.999763942578 0.000287761266446 0.887603845129 -2.22369093221e-05 -0.000288312409907 0.999999958191 -1.21613672595e-05
0.999639221415 0.0268593843472 2.19611392461e-05 0.0138485916643 -0.0268593903317 0.999639161889 0.000345209254889 1.09097947899 -1.26811067729e-05 -0.000345674573594 0.999999940174 -2.4427701544e-05
0.999487251269 0.0320192808991 1.42251801659e-05 0.019662744648 -0.0320192840188 0.999487173616 0.000393990386268 1.2932406224 -1.60259626877e-06 -0.000394243848282 0.999999922285 -3.69706303283e-05
0.999307907044 0.0371982105889 7.02073479544e-06 0.0265187597898 -0.0371982101579 0.999307814101 0.000431089524679 1.49478544735 9.01988377989e-06 -0.000431052329424 0.999999907056 -4.95030346291e-05
0.999101085904 0.0423912743959 1.22488024242e-06 0.0344196996369 -0.0423912705698 0.99910098259 0.000454716082007 1.69583660581 1.80522151508e-05 -0.00045435925554 0.999999896616 -6.14206809982e-05
0.998866732303 0.0475946540159 -2.87512064403e-06 0.0433668753634 -0.0475946475418 0.998866624505 0.000464731797441 1.89652799448 2.49906111621e-05 -0.000464068291553 0.999999892008 -7.20772893839e-05
0.998604826244 0.0528053119806 -5.34333476973e-06 0.0533607027302 -0.0528053038739 0.998604719711 0.000462227225301 2.09694438299 2.9743932158e-05 -0.00046130018159 0.999999893159 -8.09555581445e-05
0.998315372803 0.058020827162 -6.42199470005e-06 0.0644011215409 -0.0580208184358 0.998315272356 0.00044900831029 2.29714135213 3.24630089537e-05 -0.00044787928929 0.999999899175 -8.77279414281e-05
0.997998393235 0.0632392841503 -6.42060796887e-06 0.0764878174355 -0.0632392756437 0.997998302362 0.00042719763514 2.49715612748 3.342342849e-05 -0.000425936518866 0.99999990873 -9.22588682101e-05
0.997653918011 0.0684591837865 -5.65150287299e-06 0.0896203448765 -0.0684591760897 0.997653838782 0.00039896432262 2.69701385157 3.29510154227e-05 -0.000397641422379 0.999999920398 -9.45751030128e-05
0.997281982012 0.0736793616584 -4.39556792807e-06 0.103798189632 -0.0736793551086 0.997281915214 0.000366357979993 2.89673141853 3.13766425061e-05 -0.000365038349804 0.999999932881 -9.48296748861e-05
0.996882621007 0.0788989222078 -2.88739494311e-06 0.119020808651 -0.0788989169271 0.996882566407 0.000331211344571 3.09631992762 2.90106117907e-05 -0.000329951020949 0.999999945145 -9.3260509743e-05
0.996455869754 0.0841171779805 -1.31096363341e-06 0.135287643894 -0.0841171739327 0.996455826402 0.00029509252247 3.29578631351 2.6128667584e-05 -0.000293936401579 0.999999956459 -9.01567333207e-05
0.996001760673 0.0893336036186 1.98283543026e-07 0.152598133703 -0.0893336006669 0.996001727188 0.000259287839059 3.49513446899 2.29656262863e-05 -0.000258268857607 0.999999966385 -8.583016073e-05
0.995520323479 0.0945477949872 1.54834262139e-06 0.170951711849 -0.0945477929448 0.995520298293 0.000224803990921 3.69436603454 1.97133151376e-05 -0.000223943334138 0.99999997473 -8.0590067184e-05
0.99501158516 0.0997594375996 2.68434480915e-06 0.190347804981 -0.0997594362677 0.995011566698 0.000192386726464 3.89348096621 1.65214374996e-05 -0.000191694810387 0.99999998149 -7.472985784e-05
0.994475570026 0.104968283821 3.58137105731e-06 0.210785832207 -0.104968283014 0.994475556834 0.00016254498231 4.0924779514 1.35004818603e-05 -0.000162022944308 0.999999986783 -6.85122625619e-05
0.993912300204 0.110174132557 4.23778830789e-06 0.232265198887 -0.110174132117 0.993912291014 0.000135583096165 4.29135471599 1.07257601234e-05 -0.000135224601627 0.9999999908 -6.21646339281e-05
0.993321795792 0.115376817355 4.66875466441e-06 0.254785297292 -0.115376817155 0.993321789553 0.000111634357816 4.4901082532 8.24244117404e-06 -0.000111427506831 0.999999993758 -5.58755369054e-05
0.992704075489 0.120576193688 4.90060378794e-06 0.278345500326 -0.120576193635 0.992704071364 9.06949103833e-05 4.68873499635 6.07079774844e-06 -9.06241033148e-05 0.999999995875 -4.97942786707e-05
0.99205915691 0.125772131913 4.96602422416e-06 0.302945160477 -0.125772131941 0.992059154259 7.26566806852e-05 4.88723094843 4.21159583566e-06 -7.27043128384e-05 0.999999997348 -4.40335964886e-05
0.99138705705 0.130964510801 4.90016309905e-06 0.328583606975 -0.130964510866 0.991387055396 5.73371597538e-05 5.085591783 2.65117481217e-06 -5.74850655314e-05 0.999999998344 -3.86733780409e-05
0.990687792637 0.13615321332 4.73750723927e-06 0.355260144162 -0.136153213396 0.990687791638 4.45044886225e-05 5.28381291896 1.36603854837e-06 -4.473508043e-05 0.999999998998 -3.37629064685e-05
0.989961380291 0.141338124767 4.5098371075e-06 0.382974052686 -0.141338124839 0.98996137971 3.39003876501e-05 5.48188957934 3.26852654137e-07 -3.41974864706e-05 0.999999999415 -2.9328103295e-05
0.989207837174 0.146519127951 4.24495722145e-06 0.41172458369 -0.146519128012 0.989207836852 2.5257249612e-05 5.67981683683 -4.98474762965e-07 -2.56066366922e-05 0.999999999672 -2.53756887882e-05
0.988427181041 0.151696103324 3.9659044145e-06 0.441510960511 -0.151696103372 0.988427180872 1.83108443152e-05 5.87758964825 -1.14232398883e-06 -1.8700548475e-05 0.999999999824 -2.1896406813e-05
0.987619430315 0.156868928886 3.69081811279e-06 0.472332379775 -0.156868928921 0.987619430234 1.28105219359e-05 6.07520288295 -1.6355508271e-06 -1.32308950605e-05 0.999999999911 -1.88707251435e-05
0.986784604534 0.162037477894 3.43308639402e-06 0.504188007415 -0.162037477918 0.9867846045 8.52463636706e-06 6.27265134388 -2.00640622266e-06 -8.96826858703e-06 0.999999999958 -1.6270494413e-05
0.985922724243 0.167201620242 3.2018131879e-06 0.537076980759 -0.167201620257 0.985922724231 5.24447594219e-06 6.4699297835 -2.27985550584e-06 -5.70599636093e-06 0.999999999981 -1.40624370805e-05
0.985033811227 0.172361221655 3.00251065193e-06 0.57099840667 -0.172361221664 0.985033811226 2.78619282992e-06 6.66703291831 -2.47734291079e-06 -3.2620105461e-06 0.999999999992 -1.22114791884e-05
0.984117888415 0.177516144884 2.83762451774e-06 0.605951362709 -0.177516144887 0.984117888418 9.90134824794e-07 6.86395543775 -2.61679213151e-06 -1.47813355805e-06 0.999999999995 -1.0681012677e-05
0.983174979872 0.182666250156 2.70725292668e-06 0.641934897253 -0.182666250156 0.983174979876 -2.7976325712e-07 7.06069201272 -2.71280664682e-06 -2.19467505652e-07 0.999999999996 -9.43527309455e-06
0.982205110802 0.187811395577 2.60970679787e-06 0.67894802933 -0.187811395574 0.982205110805 -1.13804719724e-06 7.25723730142 -2.77700558691e-06 6.27663097716e-07 0.999999999996 -8.43960380294e-06
0.981208307575 0.192951437259 2.54215115006e-06 0.716989747973 -0.192951437255 0.981208307577 -1.67949461997e-06 7.45358595444 -2.81844072835e-06 1.15742235552e-06 0.999999999995 -7.66202268868e-06
0.980184597655 0.198086229997 2.50102593731e-06 0.756059012414 -0.198086229992 0.980184597657 -1.98168773744e-06 7.64973261742 -2.84401215503e-06 1.44700099856e-06 0.999999999995 -7.07298436586e-06
0.979134009398 0.203215628418 2.48230681057e-06 0.796154753883 -0.203215628413 0.9791340094 -2.10770311876e-06 7.84567193521 -2.85882923379e-06 1.55928026687e-06 0.999999999995 -6.64477388724e-06
0.978056572079 0.208339486914 2.48201158236e-06 0.837275874741 -0.208339486909 0.978056572081 -2.10726262487e-06 8.04139855261 -2.86657375417e-06 1.54392103978e-06 0.999999999995 -6.35387955808e-06
0.976952315946 0.213457659413 2.49624184328e-06 0.879421247632 -0.213457659408 0.976952315948 -2.01980223588e-06 8.23690711654 -2.86985150771e-06 1.44040853091e-06 0.999999999995 -6.17864642739e-06
0.975821271986 0.218570000531 2.52143878649e-06 0.922589717356 -0.218570000527 0.975821271989 -1.8756578592e-06 8.43219227739 -2.87043614316e-06 1.27919596108e-06 0.999999999995 -6.10059541502e-06
0.974663471838 0.223676365892 2.55435539341e-06 0.966780101292 -0.223676365889 0.97466347184 -1.69811002153e-06 8.62724868922 -2.86946397456e-06 1.08373687756e-06 0.999999999995 -6.10320684585e-06
0.97347894801 0.228776611075 2.59228990721e-06 1.01199118736 -0.228776611072 0.973478948013 -1.50416051453e-06 8.82207101104 -2.86765639684e-06 8.71213295435e-07 0.999999999996 -6.1731305898e-06
0.972267733721 0.233870592332 2.63294146637e-06 1.05822173525 -0.233870592329 0.972267733725 -1.30641912524e-06 9.01665390731 -2.86545704719e-06 6.54421581878e-07 0.999999999996 -6.29839173647e-06
0.971029862782 0.238958167004 2.67441923982e-06 1.10547047724 -0.238958167002 0.971029862786 -1.11386095262e-06 9.21099204816 -2.86310711901e-06 4.42517928642e-07 0.999999999996 -6.46863859364e-06
0.969765369626 0.244039193302 2.71533719817e-06 1.1537361179 -0.2440391933 0.969765369629 -9.32120468654e-07 9.40508010933 -2.86071390888e-06 2.4128945144e-07 0.999999999996 -6.67612621079e-06
0.968474289434 0.249113529737 2.75457934792e-06 1.20301733324 -0.249113529735 0.968474289438 -7.65078052287e-07 9.59891277337 -2.85833057081e-06 5.47554387537e-08 0.999999999996 -6.91349415308e-06
0.967156657907 0.254181035992 2.79142904678e-06 1.2533127725 -0.254181035991 0.967156657911 -6.14573549455e-07 9.79248472951 -2.85596212917e-06 -1.15139426877e-07 0.999999999996 -7.17546985759e-06
0.965812511459 0.259241572093 2.82542310882e-06 1.30462105651 -0.259241572093 0.965812511463 -4.81309091464e-07 9.98579067302 -2.85360431421e-06 -2.67612786142e-07 0.999999999996 -7.4575960052e-06
0.964441887316 0.264294998027 2.85630363955e-06 1.35694077726 -0.264294998027 0.96444188732 -3.65304126235e-07 10.1788253067 -2.85128692621e-06 -4.0259216383e-07 0.999999999996 -7.75585626933e-06
0.963044823068 0.269341175379 2.88402296171e-06 1.4102705012 -0.269341175379 0.963044823072 -2.65708806381e-07 10.3715833404 -2.84900970511e-06 -5.20896643898e-07 0.999999999996 -8.06760605993e-06
0.961621357157 0.27437996547 2.90864482533e-06 1.46460876581 -0.274379965471 0.961621357161 -1.81398279109e-07 10.5640594912 -2.846787038e-06 -6.23637407399e-07 0.999999999996 -8.3905591296e-06
0.960171528723 0.27941122995 2.93030943682e-06 1.51995408077 -0.279411229951 0.960171528727 -1.11137368457e-07 10.7562484838 -2.84465272041e-06 -7.12050426909e-07 0.999999999996 -8.72266092702e-06
0.958695377446 0.284434831297 2.9492173008e-06 1.57630492913 -0.284434831298 0.95869537745 -5.35254549219e-08 10.9481450503 -2.84262549711e-06 -7.87545519204e-07 0.999999999996 -9.06236970015e-06
0.957192943679 0.28945063234 2.96572234137e-06 1.63365976665 -0.289450632341 0.957192943683 -6.7034759724e-09 11.1397439309 -2.84070882345e-06 -8.5201368716e-07 0.999999999996 -9.40954778098e-06
0.955664268652 0.294458495569 2.98007087237e-06 1.69201702041 -0.294458495571 0.955664268656 3.06251808882e-08 11.3310398739 -2.83892940609e-06 -9.06774576867e-07 0.999999999996 -9.76316901962e-06
0.954109394095 0.299458284391 2.99246052209e-06 1.75137509125 -0.299458284392 0.9541093941 5.95747019314e-08 11.5220276352 -2.83729455756e-06 -9.52957876818e-07 0.999999999996 -1.01221219229e-05
0.952528362709 0.304449861598 3.0032904868e-06 1.81173235106 -0.304449861599 0.952528362713 8.17353176217e-08 11.7127019797 -2.835835064e-06 -9.92206581317e-07 0.999999999995 -1.04868492241e-05
0.950921217633 0.309433091066 3.01275310859e-06 1.87308714597 -0.309433091068 0.950921217637 9.80429141842e-08 11.9030576804 -2.83455313247e-06 -1.02547659435e-06 0.999999999995 -1.08567055443e-05
0.949288003019 0.314407835963 3.02111250101e-06 1.93543779301 -0.314407835964 0.949288003023 1.09520520804e-07 12.0930895193 -2.83347174305e-06 -1.05382796013e-06 0.999999999995 -1.12316285927e-05
0.94762876353 0.319373960305 3.02859546571e-06 1.99878258301 -0.319373960307 0.947628763534 1.17068757192e-07 12.2827922869 -2.83259546381e-06 -1.07819224968e-06 0.999999999995 -1.16116210099e-05
0.945943544439 0.32433132862 3.03537477739e-06 2.06311978036 -0.324331328622 0.945943544444 1.21475908982e-07 12.4721607825 -2.83189473268e-06 -1.09937648632e-06 0.999999999995 -1.19967764748e-05
0.944232391894 0.329279805163 3.04159505192e-06 2.12844762129 -0.329279805165 0.944232391899 1.23383021779e-07 12.6611898148 -2.83134503369e-06 -1.11803807186e-06 0.999999999995 -1.23871370136e-05
0.94249535289 0.33421925404 3.04736168497e-06 2.19476431405 -0.334219254041 0.942495352895 1.23202404223e-07 12.8498742014 -2.83094761104e-06 -1.13460464259e-06 0.999999999995 -1.27824321701e-05
0.940732474958 0.339149540099 3.05281301539e-06 2.26206804095 -0.339149540101 0.940732474962 1.21451342217e-07 13.03820877 -2.83069017671e-06 -1.14961335194e-06 0.999999999995 -1.31828995956e-05
0.938943806307 0.344070528508 3.0580567787e-06 2.33035695739 -0.34407052851 0.938943806312 1.18581330782e-07 13.2261883573 -2.83054313056e-06 -1.16352841814e-06 0.999999999995 -1.35888267211e-05
0.937129396072 0.34898208408 3.06310163395e-06 2.39962919048 -0.348982084082 0.937129396076 1.14688150517e-07 13.4138078096 -2.83049847455e-06 -1.1764452292e-06 0.999999999995 -1.39997806337e-05
0.935289293982 0.353884072194 3.06808631093e-06 2.46988284124 -0.353884072196 0.935289293987 1.10209893218e-07 13.6010619838 -2.83054675383e-06 -1.18882501078e-06 0.999999999995 -1.44163287338e-05
0.933423550356 0.358776358797 3.07304827484e-06 2.54111598414 -0.358776358799 0.93342355036 1.05351486682e-07 13.7879457457 -2.83065800834e-06 -1.20087462919e-06 0.999999999995 -1.4838573176e-05
0.931532216507 0.363658809327 3.07793011175e-06 2.61332666554 -0.363658809329 0.931532216511 9.99861646188e-08 13.9744539725 -2.83083020969e-06 -1.21245673318e-06 0.999999999995 -1.52659404666e-05
0.929615344223 0.36853129009 3.08290702121e-06 2.68651290591 -0.368531290092 0.929615344227 9.46109456095e-08 14.1605815505 -2.8310505779e-06 -1.22409948853e-06 0.999999999995 -1.56993869335e-05
0.927672986045 0.373393667532 3.08783727986e-06 2.76067269895 -0.373393667534 0.927672986049 8.89154116832e-08 14.3463233773 -2.83130277817e-06 -1.23546331213e-06 0.999999999995 -1.61380331972e-05
0.925705195037 0.378245808795 3.09282775147e-06 2.83580401249 -0.378245808797 0.925705195042 8.32732471709e-08 14.5316743603 -2.83154896018e-06 -1.24693561184e-06 0.999999999995 -1.65826526001e-05
0.923712025456 0.383087580089 3.09786912509e-06 2.91190478536 -0.383087580091 0.92371202546 7.76206028429e-08 14.7166294186 -2.83180347524e-06 -1.25845427084e-06 0.999999999995 -1.70330604086e-05
0.921693531825 0.387918848965 3.10291033912e-06 2.98897293173 -0.387918848967 0.921693531829 7.18461261649e-08 14.9011834813 -2.83206192285e-06 -1.26989751697e-06 0.999999999995 -1.74889403238e-05
0.919649769311 0.392739483369 3.10803198555e-06 3.06700633958 -0.392739483371 0.919649769315 6.62179255916e-08 15.0853314884 -2.83229450465e-06 -1.2815441763e-06 0.999999999995 -1.79508917333e-05
0.917580794311 0.397549350272 3.11316979788e-06 3.14600286802 -0.397549350274 0.917580794315 6.05139928945e-08 15.2690683921 -2.83252751742e-06 -1.29316510811e-06 0.999999999995 -1.84184141848e-05
0.915486663325 0.402348318331 3.11828014399e-06 3.22596035216 -0.402348318333 0.91548666333 5.46571714783e-08 15.4523891546 -2.83275266332e-06 -1.30467268357e-06 0.999999999995 -1.88912663181e-05
0.913367433941 0.407136255577 3.12348225064e-06 3.30687659925 -0.407136255579 0.913367433946 4.88966821721e-08 15.6352887505 -2.83297935615e-06 -1.31634350502e-06 0.999999999995 -1.93700560817e-05
0.911223164027 0.411913031271 3.12876707138e-06 3.38874939196 -0.411913031273 0.911223164031 4.32581337739e-08 15.8177621652 -2.83318644129e-06 -1.32819774205e-06 0.999999999995 -1.98548808073e-05
0.909053912426 0.416678514316 3.13394816195e-06 3.47157648556 -0.416678514318 0.909053912431 3.73474639809e-08 15.9998043964 -2.83336595217e-06 -1.33979972232e-06 0.999999999995 -2.03447874391e-05
0.906859738856 0.42143257353 3.13924213317e-06 3.55535560814 -0.421432573532 0.906859738861 3.15766947802e-08 16.1814104534 -2.83354485337e-06 -1.35161452431e-06 0.999999999995 -2.08407714733e-05
0.904640703294 0.426175078969 3.14460578077e-06 3.64008446346 -0.426175078971 0.904640703298 2.58539693892e-08 16.3625753569 -2.83372006766e-06 -1.36354117e-06 0.999999999995 -2.13426228218e-05
0.902396866488 0.430905900799 3.14992651924e-06 3.72576072935 -0.430905900801 0.902396866492 1.99766603782e-08 16.5432941408 -2.83387575981e-06 -1.37534879996e-06 0.999999999995 -2.1849893525e-05
0.900128290039 0.435624909137 3.15535732578e-06 3.81238205632 -0.43562490914 0.900128290044 1.42618632399e-08 16.7235618501 -2.83401357126e-06 -1.38738975492e-06 0.999999999995 -2.23633477873e-05
0.897835036279 0.440331974333 3.16071590941e-06 3.8999460692 -0.440331974335 0.897835036283 8.28627821915e-09 16.9033735432 -2.83415276996e-06 -1.39920398761e-06 0.999999999995 -2.28819853336e-05
0.895517167847 0.445026967813 3.16614549908e-06 3.98845036818 -0.445026967815 0.895517167852 2.37664924268e-09 17.08272429 -2.83427997734e-06 -1.41114846132e-06 0.999999999995 -2.34065787651e-05
0.898150448247 -0.437625165861 0.0425439363359 2.41965482472 0.438060972167 0.898944671514 -0.00103064134199 18.0873436729 -0.0377936102862 0.0195625090944 0.999094065271 0.000313806172674
0.9931909097 -0.0975713976304 0.0636524881972 2.95493226468 0.098143094132 0.995154764189 -0.00591002413124 18.049067216 -0.0627674275674 0.0121168343841 0.9979546244 -0.00427967289222
0.995764665085 0.083280296197 0.0389502764142 3.36015109088 -0.0821768866636 0.996192163133 -0.029122730131 18.0882460478 -0.041227309707 0.0257985731648 0.998816671145 0.00742257426848
0.972507532923 0.232569712397 0.0118502018036 3.69579389722 -0.23204385511 0.972082277323 -0.0348094156743 18.1596126336 -0.0196149869481 0.0311026524496 0.999323709965 0.010842460178
0.933800341848 0.357606407455 -0.0116008151282 3.97649611765 -0.357785410701 0.933517023179 -0.0231423275656 18.2506172696 0.00255371378404 0.025760915797 0.999664870726 0.00785239436567
0.88949985027 0.456122026153 -0.0272527728451 4.21196327199 -0.45645707143 0.889715237523 -0.0073306248477 18.3566151401 0.0209035478066 0.0189603105857 0.999601694832 0.00453693797613
0.848687314056 0.527837697681 -0.033424659566 4.41072318826 -0.528058259801 0.849204276228 0.00256349206842 18.4755241665 0.0297374715864 0.0154745643667 0.999437952372 0.0037887898059
0.816935229561 0.575840088793 -0.032015977907 4.58098562683 -0.576008438368 0.817430713065 0.0046160878278 18.6057806654 0.0288289720746 0.0146704286677 0.999476697523 0.00507973516095
0.795950343328 0.604806928221 -0.0259158355399 4.73013947172 -0.604973938209 0.796243435046 0.00171062375056 18.7458477144 0.0216699110083 0.014316833527 0.99966266472 0.00681489854434
0.784892547384 0.619386154457 -0.0174493761224 4.864246748 -0.619513805132 0.784981507805 -0.0025841158679 18.8941715031 0.0120968719887 0.012838382685 0.999844408705 0.00783410026529
0.781731977701 0.623557837202 -0.00841063041964 4.98795811373 -0.623607902584 0.781714839578 -0.00592396989506 19.0492243016 0.00288077675382 0.00987589229731 0.999947082538 0.00775488655124
0.78415186112 0.620568934433 -0.000237317210978 5.1046746439 -0.620552933626 0.784128777741 -0.0074910938315 19.2095553943 -0.00446265286216 0.00602142306126 0.999971913202 0.00678234312085
0.790051199727 0.61301050631 0.00610089848166 5.21677949917 -0.612968016927 0.790071614023 -0.00755347204741 19.3738444311 -0.00945050443458 0.00222797400939 0.999952860938 0.00537485587583
0.797758820719 0.602889985014 0.0102239882318 5.32588080422 -0.602852073509 0.797823991577 -0.00680117124291 19.5409461311 -0.0122573011296 -0.000737858154803 0.999924604225 0.00395952142779
0.806057756517 0.591709846872 0.0122617402633 5.43304702718 -0.591686643225 0.806146962807 -0.00583014468569 19.7099090573 -0.0133345186912 -0.00255567459099 0.999907825321 0.00279083196813
0.814115976337 0.58056488822 0.0126328000864 5.53900888279 -0.580553306702 0.81420724923 -0.00494098971702 19.8799698574 -0.0131542825512 -0.00331147519551 0.999907995259 0.00194572573928
0.821396253714 0.570235123005 0.0118363371036 5.64430353956 -0.570229382617 0.821474854353 -0.00418507659281 20.0505374718 -0.012109730964 -0.00331182096421 0.999921190023 0.00138672603263
0.827579174986 0.56125392323 0.0103316401334 5.74935729238 -0.561250531848 0.827638570209 -0.00349822859943 20.22117547 -0.0105142583937 -0.0029035773815 0.999940508035 0.00103049144808
0.832504780307 0.55395276136 0.00849287633153 5.85452221119 -0.553950687253 0.83254473879 -0.00280962723381 20.3915813387 -0.00862710027157 -0.00236560657757 0.999959987723 0.000793957453175
0.836128056136 0.548494577289 0.00660094134331 5.96008806711 -0.548493779929 0.836152017706 -0.00209204814049 20.5615606929 -0.00666686748346 -0.00187135512343 0.999976025167 0.000616006522815
0.83848371307 0.544905092381 0.00484801134286 6.06628580161 -0.544905437226 0.838496392332 -0.00136547697546 20.7309983602 -0.00480909537843 -0.00149677753596 0.999987316049 0.00046193955905
0.839658200381 0.543104872927 0.00334716820917 6.17329080589 -0.543105885476 0.839663943315 -0.000677832722685 20.8998308554 -0.00317863071217 -0.00124871894999 0.999994168487 0.00031860839258
0.839768319746 0.5429406619 0.00214634701661 6.28122833815 -0.542941763651 0.839770346361 -8.15877012612e-05 21.0680242377 -0.00184673585807 -0.0010968266678 0.999997693266 0.000186150787335
0.83894587016 0.544213446584 0.00124559153763 6.39018059795 -0.544214229542 0.838946199255 0.000383562080957 21.2355591287 -0.000836244644258 -0.000999656462742 0.999999150691 7.01524653339e-05
0.837327265059 0.546701630797 0.000614876675417 6.50019441199 -0.546701960451 0.837326983922 0.000698881216601 21.4024224425 -0.000132773331262 -0.000921346581583 0.999999566746 -2.38593009075e-05
0.835046753394 0.550178948861 0.000209466768637 6.61128876618 -0.550178905858 0.835046358111 0.000866806652472 21.5686040632 0.000301984310627 -0.00083906827855 0.999999602385 -9.31759951966e-05
0.832231967537 0.554427589365 -1.90027122784e-05 6.72346181288 -0.554427347504 0.832231635546 0.000906165712078 21.7340963779 0.000518217929632 -0.000743604450113 0.999999589251 -0.000138472138724
0.829000893268 0.559247266889 -0.000115920319271 6.83669715371 -0.55924698953 0.829000657368 0.000845449884637 21.898894907 0.000568913558153 -0.00063605062 0.999999635888 -0.000163058314271
0.82545977005 0.564460940611 -0.000120638804242 6.9509692399 -0.564460728535 0.825459613022 0.00071638761731 22.0629989171 0.000503955288974 -0.000523253290519 0.999999736117 -0.00017165714499
0.821701712215 0.569917793925 -6.56563689365e-05 7.06624777704 -0.56991767964 0.821701610689 0.000549021805034 22.2264114882 0.000366847240049 -0.000413713431802 0.999999847132 -0.000169252639385
0.817805986034 0.575494021405 2.30882636433e-05 7.18250107798 -0.575493989414 0.817805925784 0.000368647000835 22.3891389712 0.000193272426166 -0.000314768880969 0.999999931783 -0.000160278363187
0.81383790565 0.581091944161 0.000125533047672 7.29969840096 -0.581091957619 0.813837882497 0.000194430217404 22.5511900066 1.08182833339e-05 -0.000231180925345 0.999999973219 -0.000148198324733
0.809849280047 0.586637956651 0.000226766822934 7.41781142739 -0.586637978498 0.809849295017 3.92956789466e-05 22.7125743553 -0.000160594614884 -0.0001648536079 0.999999973516 -0.000135407940645
0.805879322481 0.592079739152 0.000316359783891 7.53681504169 -0.592079743626 0.805879376332 -8.93874363178e-05 22.8733017707 -0.000307872315317 -0.000115274733122 0.999999945963 -0.000123343632811
0.801955900743 0.597383112351 0.000387738006454 7.65668762499 -0.597383087941 0.801955990458 -0.000188710394284 23.0333810666 -0.000423681219675 -8.02907133796e-05 0.999999907024 -0.000112701857582
0.798097010903 0.602528812362 0.00043756290346 7.77741101688 -0.602528759373 0.798097128822 -0.000259024663789 23.1928194577 -0.000505287519975 -5.69174234495e-05 0.999999870722 -0.00010367443053
0.794312356166 0.607509394597 0.000465100765994 7.89897029059 -0.607509320576 0.794312491222 -0.000302824683295 23.3516221809 -0.000553404188123 -4.20156626547e-05 0.999999845989 -9.6159456505e-05
0.79060493598 0.612326394014 0.000471591094467 8.02135342042 -0.612326309267 0.790605075952 -0.000323817922864 23.5097923666 -0.000571124574083 -3.27555861829e-05 0.999999836372 -8.99213116098e-05
0.786972564351 0.616987821346 0.000459640532895 8.1445509093 -0.616987735691 0.786972698122 -0.00032621792359 23.6673311039 -0.000562997036298 -2.68680157573e-05 0.999999841156 -8.46969352981e-05
0.783409262357 0.621506026075 0.000432673242625 8.26855540147 -0.621505947043 0.783409381509 -0.000314252518757 23.8242376389 -0.000534270111517 -2.27206595045e-05 0.99999985702 -8.02544768642e-05
0.779906484834 0.625895933293 0.000394463391157 8.39336130849 -0.625895865545 0.779906584352 -0.000291854021196 23.9805096505 -0.000490314841031 -1.92741618785e-05 0.99999987961 -7.64176624082e-05
0.776454163102 0.630173635568 0.000348764660196 8.51896445104 -0.630173581102 0.776454241266 -0.000262489384025 24.1361435538 -0.000436213689042 -1.59712998821e-05 0.999999904731 -7.30676653564e-05
0.773041557215 0.63435531163 0.000299040116402 8.64536173085 -0.634355270389 0.773041614952 -0.000229089239287 24.2911348032 -0.000376494430297 -1.26021716179e-05 0.999999929047 -7.01326625852e-05
0.769657923128 0.638456435256 0.000248287244351 8.77255083717 -0.638456405836 0.769657963121 -0.000194039912678 24.4454781673 -0.000314982285702 -9.17622544758e-06 0.999999950351 -6.75754462497e-05
0.766293011039 0.642491230799 0.000198943821107 8.90052998762 -0.642491211098 0.766293036842 -0.000159214518689 24.5991679689 -0.000254743196911 -5.814683636e-06 0.999999967536 -6.53769485008e-05
0.762937412046 0.646472336557 0.000152861527367 9.02929770806 -0.64647232428 0.762937427355 -0.000126021446985 24.7521982794 -0.00019809315972 -2.67427026496e-06 0.999999980376 -6.3527855973e-05
0.759582777185 0.650410633531 0.000111327754672 9.15885265336 -0.650410626526 0.759582785343 -9.54623287358e-05 24.9045630756 -0.000146652359691 1.02786112017e-07 0.999999989247 -6.20200415157e-05
0.75622193045 0.65431520406 7.51208170144e-05 9.28919346379 -0.654315200511 0.756221934177 -6.81916065746e-05 25.0562563545 -0.000101426814511 2.415295917e-06 0.999999994853 -6.08406275044e-05
0.752848898039 0.658193387033 4.45859079976e-05 9.42031866123 -0.658193385537 0.752848899348 -4.45730303929e-05 25.2072722173 -6.2904125607e-05 4.21060708136e-06 0.999999998013 -5.99725270424e-05
0.749458875858 0.662050899107 1.97187570324e-05 9.55222657244 -0.662050898668 0.749458876098 -2.47339105011e-05 25.357604926 -3.11535051692e-05 5.48222794579e-06 0.9999999995 -5.93934931317e-05
0.746048151008 0.665892000536 2.49832076741e-07 9.68491528265 -0.66589200051 0.746048150981 -8.6147771245e-06 25.5072489372 -5.92289793251e-06 6.2606773637e-06 0.999999999963 -5.90774838923e-05
0.742613993659 0.669719684807 -1.42774133561e-05 9.81838261332 -0.669719684828 0.742613993767 3.98517842197e-06 25.6561989191 1.32715593897e-05 6.6024155096e-06 0.99999999989 -5.89957679447e-05
0.739154532579 0.673535876083 -2.44371275712e-05 9.95262611533 -0.673535875982 0.739154532954 1.33679304704e-05 25.8044497559 2.70665943774e-05 6.57831572678e-06 0.999999999612 -5.91195037119e-05
0.735668623165 0.677341624247 -3.08637208585e-05 10.0876430785 -0.677341623984 0.735668623786 1.99005016749e-05 25.9519965411 3.61849091767e-05 6.26510814099e-06 0.999999999326 -5.94193072744e-05
0.732155717242 0.681137287585 -3.42053125744e-05 10.2234305486 -0.681137287187 0.732155718019 2.39849807666e-05 26.0988345664 4.13806799302e-05 5.73777301809e-06 0.999999999127 -5.98673601126e-05
0.728615738687 0.684922699366 -3.5088804416e-05 10.3599853524 -0.68492269889 0.728615739514 2.60334070297e-05 26.2449593037 4.33971265947e-05 5.06476852794e-06 0.999999999046 -6.04381169937e-05
0.725048970275 0.688697313441 -3.40950113351e-05 10.4973041257 -0.688697312947 0.725048971064 2.64479278984e-05 26.3903663866 4.29351697766e-05 4.3050998028e-06 0.999999999069 -6.11092292903e-05
0.721455953548 0.692460328165 -3.17433429748e-05 10.6353833389 -0.6924603277 0.721455954238 2.56050490192e-05 26.5350515886 4.06319044432e-05 3.50809062283e-06 0.999999999168 -6.18594383364e-05
0.717837402453 0.696210789078 -2.84821501902e-05 10.774219328 -0.696210788674 0.717837403013 2.38461351364e-05 26.6790108045 3.70474892845e-05 2.7119325422e-06 0.99999999931 -6.2671976957e-05
0.714194131421 0.699947670925 -2.46865693032e-05 10.9138083197 -0.699947670599 0.714194131845 2.14700914365e-05 26.8222400298 3.26589434273e-05 1.94549337379e-06 0.999999999465 -6.35321513442e-05
0.710526997498 0.703669940668 -2.06598988393e-05 11.0541464532 -0.70366994042 0.710526997797 1.87303242755e-05 26.9647353412 2.78593820687e-05 1.22934871574e-06 0.999999999611 -6.44272121033e-05
0.706836856394 0.707376602784 -1.66377144663e-05 11.1952297999 -0.707376602607 0.70683685659 1.58347418585e-05 27.1064928833 2.29612756961e-05 5.7655077724e-07 0.999999999736 -6.53474014558e-05
0.703124528068 0.711066732357 -1.27949859999e-05 11.3370543829 -0.711066732239 0.703124528185 1.29470749975e-05 27.2475088523 1.82027028064e-05 -5.31711344967e-09 0.999999999834 -6.62842243259e-05
0.699390774152 0.714739494463 -9.25349335772e-06 11.4796161881 -0.714739494391 0.699390774213 1.01905809953e-05 27.3877794847 1.37554185925e-05 -5.13361167507e-07 0.999999999905 -6.72310968366e-05
0.695636283909 0.718394153979 -6.0897911264e-06 11.622911175 -0.718394153939 0.695636283935 7.65263422915e-06 27.5273010477 9.73388736188e-06 -9.48579693361e-07 0.999999999952 -6.81838190573e-05
0.69186166585 0.722030079232 -3.34430203851e-06 11.7669352864 -0.722030079213 0.691861665857 5.38885584797e-06 27.6660698313 6.20471039437e-06 -1.31365611823e-06 0.99999999998 -6.91375740117e-05
0.688067446675 0.725646738313 -1.02797752592e-06 11.9116844525 -0.725646738307 0.688067446674 3.42930992517e-06 27.8040821432 3.19578543336e-06 -1.61364798533e-06 0.999999999994 -7.00899593952e-05
0.993988372208 -0.102075479661 0.0395943476658 10.7836153251 0.102757759 0.994584199502 -0.0155920834644 29.2865799525 -0.0377883431794 0.0195669760974 0.999094177025 0.00026999353952
0.96620315499 0.250659170824 0.0601784294309 11.2731387679 -0.249445515373 0.968011816862 -0.0270195720752 29.0666689711 -0.0650261343418 0.0110951564418 0.997821877569 -0.00518557289142
0.906607002584 0.420843659131 0.030892676056 11.6671296131 -0.419562468909 0.906821548144 -0.0405217781513 28.964265296 -0.0450674777192 0.0237759203918 0.998700970292 0.0061451325149
0.833396829848 0.552662809932 0.00368001579929 12.0068883336 -0.552185860458 0.832920784755 -0.0365204303643 28.9159108632 -0.0232486453126 0.0284039581997 0.999326130775 0.00939367449685
0.753956496832 0.656752229955 -0.0150369322967 12.301824255 -0.656924343173 0.753755785723 -0.0173960580625 28.9048615339 -9.07252067498e-05 0.0229939978678 0.999735598962 0.00643609135156
0.678492002266 0.73417653591 -0.0251677766221 12.5594259965 -0.734356645876 0.678757647024 0.00289365951448 28.9234525006 0.0192072777593 0.0165187991865 0.999679053374 0.00328993075865
0.615565087943 0.787581321247 -0.0282007965894 12.7869685378 -0.787563662364 0.616065768123 0.0143682661071 28.9668065917 0.0286897234171 0.0133653196537 0.999499008504 0.00269865166164
0.569278039887 0.821716429613 -0.0265447284252 12.9916255942 -0.821662098162 0.569753528374 0.0158843743661 29.0306391324 0.0281764040707 0.012768171749 0.999521417501 0.00408019895809
0.539633410601 0.841611512205 -0.0220418848385 13.179820043 -0.841632234107 0.539937183525 0.0110914543303 29.110961158 0.0212359288708 0.0125658414518 0.999695521123 0.00587260291561
0.524256776475 0.851414264228 -0.0157665148129 13.3567214414 -0.851479025282 0.52437261719 0.00410217584938 29.204212775 0.0117601796689 0.0112742631776 0.999867285775 0.00695885526924
0.519866767505 0.854203438346 -0.00866198373767 13.5261750425 -0.854243473386 0.51986824769 -0.0022568164917 29.3073455678 0.0025753099003 0.00857268696887 0.999959937606 0.006976960634
0.523165897672 0.852228945685 -0.00180766434788 13.6908731672 -0.852217640857 0.5231447889 -0.00668000440534 29.4178229802 -0.00474722292785 0.00503527394718 0.999976054659 0.00612867012606
0.531295961682 0.84717767252 0.00381998492743 13.8525967939 -0.847130898241 0.531307385332 -0.00903900086994 29.5335886458 -0.0096872259227 0.00156635739699 0.99995185093 0.00485517561881
0.542006159384 0.840339559234 0.007664748938 14.0124624123 -0.840282848954 0.542059205677 -0.00982605180022 29.6530190375 -0.0124119677599 -0.00111477647599 0.99992234715 0.003564689897
0.553640519231 0.832699584705 0.00967352565676 14.1711489366 -0.832648139936 0.55371837061 -0.00964578196319 29.774856958 -0.0133884474996 -0.00271434741024 0.999906686542 0.00249930990555
0.565039321907 0.82500153439 0.0101505149361 14.3290831573 -0.824959800408 0.565120717989 -0.00893878131959 29.8981366441 -0.0131107745929 -0.00332300384023 0.999908528434 0.00173184490301
0.575426543371 0.817797739782 0.00954725049715 14.4865683652 -0.817765596114 0.57549663081 -0.00794089031395 30.0221201275 -0.0119884526452 -0.00323801392941 0.999922893162 0.00122667454594
0.584316971963 0.811482991948 0.0083084327014 14.6438557081 -0.811459623657 0.584369372152 -0.00676136564925 30.146252541 -0.010341926828 -0.00279117697054 0.999942625294 0.0009052412152
0.591446526759 0.806315576652 0.00679682516767 14.8011718265 -0.806300156841 0.591481316453 -0.00546894548817 30.2701299745 -0.00842989103285 -0.0022456923847 0.999961946177 0.000689965053827
0.596718191869 0.802433551989 0.00527201430438 14.9587215564 -0.802424818168 0.596738880868 -0.00413754132211 30.3934710044 -0.00646611789552 -0.00176144894306 0.999977543056 0.000524657836404
0.600157174662 0.799872607547 0.00389581789039 15.1166814994 -0.799868753587 0.60016817644 -0.00285254677117 30.5160883021 -0.00461981994303 -0.00140416658941 0.999988342722 0.000378421015298
0.601872982334 0.798587099481 0.00274912325329 15.2751937875 -0.798586159491 0.601878115693 -0.00169697345588 30.6378617495 -0.00300981823353 -0.00117404930598 0.999994781288 0.000240638341857
0.602028423204 0.798472506261 0.00185321343038 15.4343636419 -0.798472841809 0.602030381934 -0.000734929787823 30.7587159607 -0.00170251201891 -0.00103729197291 0.999998012737 0.000112850292447
0.600815689451 0.79938669474 0.00119146234943 15.5942609229 -0.799387260867 0.600816117594 -1.77419798554e-06 30.8786039653 -0.000717268053307 -0.00095137385795 0.999999290207 1.20653893559e-06
0.598438865425 0.801168143524 0.00072811422482 15.7549245357 -0.801168473507 0.598438660178 0.000497054479858 30.9974969376 -3.75074862991e-05 -0.000880798881018 0.999999611393 -8.87051323208e-05
0.595101561049 0.803650392864 0.000422003101666 15.9163683882 -0.803650415577 0.595101167918 0.000780695781205 31.1153785504 0.000376271932606 -0.000803736246127 0.999999606214 -0.000154339165975
0.590998284666 0.806672779035 0.000234703067767 16.0785878215 -0.806672608427 0.590997902342 0.000884444493979 31.2322421289 0.000574748277136 -0.000712033714706 0.999999581336 -0.000196560355226
0.586308487473 0.810087859157 0.000134027100222 16.2415657202 -0.810087639872 0.586308187941 0.00085116374909 31.3480890533 0.000610936233026 -0.000607618227619 0.999999628778 -0.000218798380413
0.581192612074 0.81376602211 9.44923139272e-05 16.4052777767 -0.813765852076 0.581192406534 0.000724280169235 31.462927429 0.000534476376881 -0.000497840901789 0.999999733245 -0.000225796769604
0.575789767494 0.817597782758 9.63302935065e-05 16.5696966215 -0.817597696135 0.575789642513 0.000542999916587 31.576770601 0.000388489542578 -0.00039141322176 0.999999847936 -0.000222475801633
0.570216783102 0.821494251259 0.000124164918345 16.7347947533 -0.821494234253 0.57021671996 0.000339656274421 31.689635466 0.000208224764368 -0.000295678472678 0.999999934608 -0.000213153079898
0.564568422264 0.825386254458 0.000165933495437 16.9005463727 -0.825386270874 0.564568405599 0.000138750343357 31.8015407322 2.08418172539e-05 -0.000215293291449 0.999999976607 -0.000201155715882
0.558918518128 0.829222554603 0.000212205695251 17.0669283444 -0.829222567432 0.558918537738 -4.28364519174e-05 31.9125053111 -0.000154126648978 -0.000152023665212 0.999999976567 -0.000188746175257
0.553321789729 0.832967545326 0.000255822592222 17.2339205319 -0.832967529166 0.55332183886 -0.000194924852438 32.0225469907 -0.000303918303009 -0.000105235744334 0.99999994828 -0.000177248001227
0.547816099086 0.836598730869 0.000291704110977 17.4015057437 -0.836598675558 0.547816171927 -0.00031277831564 32.131681465 -0.000421470171318 -7.26942761452e-05 0.999999908539 -0.000167270190073
0.542424939329 0.84010421074 0.000316687168278 17.5696694722 -0.840104119092 0.542425029342 -0.000395762610245 32.2399217307 -0.000504260881866 -5.13786846828e-05 0.999999871541 -0.000158942660734
0.53715997704 0.84348032023 0.000329318975378 17.7383995521 -0.843480203132 0.537160076634 -0.000446089556283 32.3472778143 -0.000553164767836 -3.81525804365e-05 0.999999846277 -0.000152124131763
0.532023514613 0.846729514825 0.000329580574861 17.9076858065 -0.846729386172 0.53202361584 -0.000467740515827 32.4537567687 -0.000571394349179 -3.02166046889e-05 0.999999836298 -0.000146556299391
0.994689645479 0.096372032867 0.0361239596193 17.0915449597 -0.0955755629636 0.995152571574 -0.0231661618371 34.1273227326 -0.0381814214205 0.0195905735277 0.999078769911 0.000402036510369
0.89761698495 0.437311095911 0.0551611613571 17.5296521678 -0.435766661254 0.899252869238 -0.0381011037359 33.8160033503 -0.0662658680511 0.0101628027432 0.997750245388 -0.00564925588583
0.805336137462 0.592299276782 0.0248046854577 17.8964951343 -0.590961608578 0.805419700818 -0.0454255734254 33.6382364864 -0.0468837166276 0.0219242390261 0.99865972426 0.00518331665746
0.707338058301 0.706874442394 -0.00118066480121 18.2205149242 -0.706445704932 0.706848836326 -0.0360442584708 33.5239286132 -0.0246442135672 0.0263295513774 0.999349497154 0.00830032553411
0.608745200798 0.793198450605 -0.0162941235782 18.507782295 -0.793365341526 0.6085945593 -0.013568244366 33.4548687127 -0.000845795450333 0.0211867965586 0.999775176868 0.00542950852869
