1 0 0 -1.27221029604e-09 0 1 0 -1.80642970525e-10 0 0 1 2.89089183159e-10
0.999997652691 0.00216670551911 2.65344897868e-19 0.000142617344126 -0.00216670551911 0.999997652691 -2.87462464721e-22 0.199999912772 -2.65344897868e-19 -2.87462464721e-22 1 -2.6240876555e-09
0.99997994977 0.00633246069618 7.7550277223e-19 0.000932610925999 -0.00633246069618 0.99997994977 -2.45544502858e-21 0.399998211471 -7.7550277223e-19 -2.45544502858e-21 1 -1.27155132534e-08
0.999937332859 0.0111951040538 1.37100483456e-18 0.00263037687301 -0.0111951040538 0.999937332859 -7.67451136039e-21 0.599990811412 -1.37100483456e-18 -7.67451136039e-21 1 -2.86053729592e-08
0.999867138132 0.0163004933704 1.99623470306e-18 0.00532666848909 -0.0163004933704 0.999867138132 -1.62708861617e-20 0.799972420791 -1.99623470306e-18 -1.62708861617e-20 1 -5.00523553715e-08
0.999769059374 0.0214901819215 2.63178825033e-18 0.00905307299247 -0.0214901819215 0.999769059374 -2.82820698786e-20 0.99993748075 -2.63178825033e-18 -2.82820698786e-20 1 -7.82667091137e-08
0.999643255587 0.0267088292386 3.2708882236e-18 0.0138205259389 -0.0267088292386 0.999643255587 -4.36885903415e-20 1.19988042539 -3.2708882236e-18 -4.36885903415e-20 1 -1.12865645496e-07
0.999489882426 0.0319370463364 3.91116015701e-18 0.019632751908 -0.0319370463364 0.999489882426 -6.24713854576e-20 1.39979572733 -3.91116015701e-18 -6.24713854576e-20 1 -1.52693358513e-07
0.999309031927 0.0371679796085 4.55176472583e-18 0.0264909265349 -0.0371679796085 0.999309031927 -8.46191838333e-20 1.59967788066 -4.55176472583e-18 -8.46191838333e-20 1 -2.00227439073e-07
0.999100751881 0.0423991461101 5.19239785703e-18 0.0343953340856 -0.0423991461101 0.999100751881 -1.1012613306e-19 1.79952139353 -5.19239785703e-18 -1.1012613306e-19 1 -2.5493896405e-07
0.998865067196 0.0476295867696 5.83294209821e-18 0.0433459189903 -0.0476295867696 0.998865067196 -1.38989182586e-19 1.99932078473 -5.83294209821e-18 -1.38989182586e-19 1 -3.14014803493e-07
0.998601992516 0.0528588738289 6.47334506411e-18 0.0533424933204 -0.0528588738289 0.998601992516 -1.71206539009e-19 2.19907057357 -6.47334506411e-18 -1.71206539009e-19 1 -3.80736708494e-07
0.998311538427 0.0580867647895 7.11357705723e-18 0.0643848013836 -0.0580867647895 0.998311538427 -2.06776906098e-19 2.39876528261 -7.11357705723e-18 -2.06776906098e-19 1 -4.53036119508e-07
0.997993714247 0.0633130817666 7.75361629297e-18 0.0764725469063 -0.0633130817666 0.997993714247 -2.45699142516e-19 2.59839943831 -7.75361629297e-18 -2.45699142516e-19 1 -5.32469895287e-07
0.997648529227 0.0685376694306 8.39344374892e-18 0.0896054062165 -0.0685376694306 0.997648529227 -2.8797211553e-19 2.79796756549 -8.39344374892e-18 -2.8797211553e-19 1 -6.16188288172e-07
0.997275993039 0.0737603803469 9.03304136958e-18 0.103783013573 -0.0737603803469 0.997275993039 -3.33594640616e-19 2.99746419368 -9.03304136958e-18 -3.33594640616e-19 1 -7.08013189632e-07
0.996876115976 0.0789810698685 9.67239144077e-18 0.119004985484 -0.0789810698685 0.996876115976 -3.8256545715e-19 3.19688385596 -9.67239144077e-18 -3.8256545715e-19 1 -8.05146006311e-07
0.996448909032 0.0841995943572 1.03114763719e-17 0.13527089884 -0.0841995943572 0.996448909032 -4.34883218805e-19 3.39622108083 -1.03114763719e-17 -4.34883218805e-19 1 -9.0799687702e-07
0.99599438393 0.0894158105667 1.09502786204e-17 0.152580313404 -0.0894158105667 0.99599438393 -4.90546489837e-19 3.59547040584 -1.09502786204e-17 -4.90546489837e-19 1 -1.01916989559e-06
0.995512553137 0.0946295754297 1.15887806655e-17 0.170932754374 -0.0946295754297 0.995512553137 -5.49553743672e-19 3.79462636901 -1.15887806655e-17 -5.49553743672e-19 1 -1.1340846644e-06
0.995003429864 0.0998407459867 1.22269649997e-17 0.190327714931 -0.0998407459867 0.995003429864 -6.11903362395e-19 3.99368350905 -1.22269649997e-17 -6.11903362395e-19 1 -1.25809664309e-06
0.994467028068 0.105049179363 1.2864814126e-17 0.21076466663 -0.105049179363 0.994467028068 -6.77593636585e-19 4.19263636913 -1.2864814126e-17 -6.77593636585e-19 1 -1.38695828089e-06
0.993903362457 0.110254732765 1.35023105571e-17 0.232243044258 -0.110254732765 0.993903362457 -7.46622765282e-19 4.39147949528 -1.35023105571e-17 -7.46622765282e-19 1 -1.52190176572e-06
0.993312448482 0.115457263478 1.41394368156e-17 0.254762265105 -0.115457263478 0.993312448482 -8.18988856007e-19 4.59020743574 -1.41394368156e-17 -8.18988856007e-19 1 -1.66328544049e-06
0.992694302346 0.120656628872 1.47761754343e-17 0.278321708981 -0.120656628872 0.992694302346 -8.94689924804e-19 4.78881474291 -1.47761754343e-17 -8.94689924804e-19 1 -1.81026999302e-06
0.992048940993 0.125852686403 1.54125089568e-17 0.302920730751 -0.125852686403 0.992048940993 -9.73723896287e-19 4.98729596925 -1.54125089568e-17 -9.73723896287e-19 1 -1.9637794022e-06
0.991376382117 0.13104529362 1.60484199375e-17 0.328558654751 -0.13104529362 0.991376382117 -1.0560886037e-18 5.18564567657 -1.60484199375e-17 -1.0560886037e-18 1 -2.1257049756e-06
0.990676644158 0.136234308163 1.66838909426e-17 0.355234776584 -0.136234308163 0.990676644158 -1.14178178898e-18 5.38385842587 -1.66838909426e-17 -1.14178178898e-18 1 -2.29137382846e-06
0.989949746297 0.141419587774 1.73189045505e-17 0.382948371502 -0.141419587774 0.989949746297 -1.23080110279e-18 5.58192878309 -1.73189045505e-17 -1.23080110279e-18 1 -2.46309455987e-06
0.989195708464 0.146600990296 1.79534433518e-17 0.41169867312 -0.146600990296 0.989195708464 -1.32314410463e-18 5.77985131847 -1.79534433518e-17 -1.32314410463e-18 1 -2.64218974078e-06
0.988414551331 0.151778373678 1.85874899504e-17 0.441484892806 -0.151778373678 0.988414551331 -1.41880826287e-18 5.97762060385 -1.85874899504e-17 -1.41880826287e-18 1 -2.8263793177e-06
0.987606296314 0.156951595979 1.92210269636e-17 0.472306219497 -0.156951595979 0.987606296314 -1.51779095482e-18 6.17523121923 -1.92210269636e-17 -1.51779095482e-18 1 -3.01849643458e-06
0.986770965572 0.162120515372 1.98540370227e-17 0.504161804001 -0.162120515372 0.986770965572 -1.62008946683e-18 6.37267774747 -1.98540370227e-17 -1.62008946683e-18 1 -3.21635472833e-06
0.985908582005 0.16728499015 2.04865027733e-17 0.537050775123 -0.16728499015 0.985908582005 -1.72570099434e-18 6.56995477288 -2.04865027733e-17 -1.72570099434e-18 1 -3.4191715641e-06
0.985019169256 0.172444878725 2.1118406876e-17 0.570972228786 -0.172444878725 0.985019169256 -1.83462264194e-18 6.76705689008 -2.1118406876e-17 -1.83462264194e-18 1 -3.62944455423e-06
0.984102751709 0.177600039637 2.1749732007e-17 0.605925235656 -0.177600039637 0.984102751709 -1.9468514235e-18 6.96397869365 -2.1749732007e-17 -1.9468514235e-18 1 -3.84530004371e-06
0.983159354488 0.182750331554 2.23804608581e-17 0.641908838816 -0.182750331554 0.983159354488 -2.0623842622e-18 7.16071478547 -2.23804608581e-17 -2.0623842622e-18 1 -4.06769300865e-06
0.982189003456 0.187895613278 2.30105761375e-17 0.678922052588 -0.187895613278 0.982189003456 -2.18121799067e-18 7.35725977161 -2.30105761375e-17 -2.18121799067e-18 1 -4.29551329795e-06
0.981191725217 0.193035743749 2.36400605704e-17 0.716963860768 -0.193035743749 0.981191725217 -2.303349351e-18 7.55360826476 -2.36400605704e-17 -2.303349351e-18 1 -4.53034542724e-06
0.980167547112 0.198170582048 2.4268896899e-17 0.756033218323 -0.198170582048 0.980167547112 -2.4287749949e-18 7.74975487929 -2.4268896899e-17 -2.4287749949e-18 1 -4.77206115468e-06
0.979116497217 0.2032999874 2.48970678836e-17 0.796129057079 -0.2032999874 0.979116497217 -2.55749148378e-18 7.94569424101 -2.48970678836e-17 -2.55749148378e-18 1 -5.01773422235e-06
0.97803860435 0.20842381918 2.55245563025e-17 0.837250277929 -0.20842381918 0.97803860435 -2.6894952888e-18 8.14142097613 -2.55245563025e-17 -2.6894952888e-18 1 -5.27127869798e-06
0.97693389806 0.213541936916 2.61513449528e-17 0.879395750398 -0.213541936916 0.97693389806 -2.82478279101e-18 8.33692971893 -2.61513449528e-17 -2.82478279101e-18 1 -5.53012274418e-06
0.975802408633 0.218654200292 2.67774166508e-17 0.922564320649 -0.218654200292 0.975802408633 -2.96335028143e-18 8.53221511053 -2.67774166508e-17 -2.96335028143e-18 1 -5.79568649606e-06
0.974644167091 0.223760469153 2.74027542324e-17 0.966754808099 -0.223760469153 0.974644167091 -3.10519396117e-18 8.72727179568 -2.74027542324e-17 -3.10519396117e-18 1 -6.06633770284e-06
0.973459205187 0.228860603507 2.80273405536e-17 1.01196599801 -0.228860603507 0.973459205187 -3.25030994151e-18 8.92209442722 -2.80273405536e-17 -3.25030994151e-18 1 -6.34466908433e-06
0.972247555406 0.233954463532 2.86511584911e-17 1.05819665017 -0.233954463532 0.972247555406 -3.39869424403e-18 9.11667766455 -2.86511584911e-17 -3.39869424403e-18 1 -6.62878272095e-06
0.971009250968 0.239041909578 2.92741909426e-17 1.10544549873 -0.239041909578 0.971009250968 -3.55034280069e-18 9.31101617315 -2.92741909426e-17 -3.55034280069e-18 1 -6.91774062389e-06
0.969744325821 0.244122802168 2.98964208274e-17 1.15371124901 -0.244122802168 0.969744325821 -3.70525145397e-18 9.50510462359 -2.98964208274e-17 -3.70525145397e-18 1 -7.21437815976e-06
0.968452814643 0.249197002009 3.05178310867e-17 1.20299257587 -0.249197002009 0.968452814643 -3.86341595697e-18 9.69893769653 -3.05178310867e-17 -3.86341595697e-18 1 -7.51567248969e-06
0.967134752842 0.254264369988 3.11384046843e-17 1.25328813129 -0.254264369988 0.967134752842 -4.02483197354e-18 9.89251007875 -3.11384046843e-17 -4.02483197354e-18 1 -7.82401702537e-06
0.965790176553 0.259324767181 3.17581246068e-17 1.30459653467 -0.259324767181 0.965790176553 -4.18949507836e-18 10.0858164607 -3.17581246068e-17 -4.18949507836e-18 1 -8.13887278461e-06
0.964419122639 0.264378054854 3.23769738642e-17 1.35691637567 -0.264378054854 0.964419122639 -4.35740075713e-18 10.2788515443 -3.23769738642e-17 -4.35740075713e-18 1 -8.45879263167e-06
0.963021628687 0.26942409447 3.29949354906e-17 1.41024622598 -0.26942409447 0.963021628687 -4.52854440661e-18 10.4716100378 -3.29949354906e-17 -4.52854440661e-18 1 -8.78551742201e-06
0.961597733011 0.274462747688 3.36119925441e-17 1.4645846198 -0.274462747688 0.961597733011 -4.70292133482e-18 10.6640866559 -3.36119925441e-17 -4.70292133482e-18 1 -9.1183565365e-06
0.960147474647 0.279493876371 3.42281281079e-17 1.51993006657 -0.279493876371 0.960147474647 -4.88052676113e-18 10.8562761222 -3.42281281079e-17 -4.88052676113e-18 1 -9.45633849003e-06
0.958670893355 0.284517342588 3.48433252902e-17 1.57628105138 -0.284517342588 0.958670893355 -5.0613558164e-18 11.0481731669 -3.48433252902e-17 -5.0613558164e-18 1 -9.79949405355e-06
0.957168029617 0.289533008618 3.54575672252e-17 1.63363603058 -0.289533008618 0.957168029617 -5.24540354311e-18 11.2397725302 -3.54575672252e-17 -5.24540354311e-18 1 -1.01511693726e-05
0.955638924633 0.294540736955 3.60708370731e-17 1.69199342831 -0.294540736955 0.955638924633 -5.43266489549e-18 11.4310689591 -3.60708370731e-17 -5.43266489549e-18 1 -1.05082316759e-05
0.954083620326 0.299540390309 3.66831180207e-17 1.75135164814 -0.299540390309 0.954083620326 -5.62313473967e-18 11.6220572079 -3.66831180207e-17 -5.62313473967e-18 1 -1.08694177161e-05
0.952502159334 0.304531831612 3.72943932822e-17 1.81170905842 -0.304531831612 0.952502159334 -5.81680785385e-18 11.8127320422 -3.72943932822e-17 -5.81680785385e-18 1 -1.12388106412e-05
0.950894585014 0.30951492402 3.7904646099e-17 1.87306400892 -0.30951492402 0.950894585014 -6.01367892835e-18 12.0030882338 -3.7904646099e-17 -6.01367892835e-18 1 -1.16130342054e-05
0.949260941439 0.314489530921 3.85138597408e-17 1.93541481246 -0.314489530921 0.949260941439 -6.21374256588e-18 12.1931205648 -3.85138597408e-17 -6.21374256588e-18 1 -1.19933322393e-05
0.947601273395 0.319455515932 3.91220175056e-17 1.99875976239 -0.319455515932 0.947601273395 -6.41699328158e-18 12.3828238241 -3.91220175056e-17 -6.41699328158e-18 1 -1.23797225671e-05
0.945915626384 0.324412742909 3.97291027206e-17 2.06309712488 -0.324412742909 0.945915626384 -6.62342550322e-18 12.5721928121 -3.97291027206e-17 -6.62342550322e-18 1 -1.27723865679e-05
0.944204046619 0.329361075947 4.03350987422e-17 2.12842513378 -0.329361075947 0.944204046619 -6.83303357138e-18 12.7612223363 -4.03350987422e-17 -6.83303357138e-18 1 -1.31711119407e-05
0.942466581022 0.334300379384 4.09399889567e-17 2.19474199522 -0.334300379384 0.942466581022 -7.04581173953e-18 12.9499072136 -4.09399889567e-17 -7.04581173953e-18 1 -1.35747780332e-05
0.940703277228 0.339230517808 4.15437567807e-17 2.26204589459 -0.339230517808 0.940703277228 -7.26175417425e-18 13.1382422734 -4.15437567807e-17 -7.26175417425e-18 1 -1.39847546308e-05
0.938914183579 0.344151356056 4.21463856616e-17 2.33033498737 -0.344151356056 0.938914183579 -7.48085495537e-18 13.3262223512 -4.21463856616e-17 -7.48085495537e-18 1 -1.44013266636e-05
0.937099349122 0.34906275922 4.2747859078e-17 2.39960739751 -0.34906275922 0.937099349122 -7.70310807615e-18 13.5138422922 -4.2747859078e-17 -7.70310807615e-18 1 -1.48222631466e-05
0.935258823614 0.353964592652 4.33481605403e-17 2.4698612284 -0.353964592652 0.935258823614 -7.92850744338e-18 13.701096956 -4.33481605403e-17 -7.92850744338e-18 1 -1.52504678681e-05
0.933392657513 0.358856721967 4.39472735909e-17 2.54109455494 -0.358856721967 0.933392657513 -8.15704687764e-18 13.887981205 -4.39472735909e-17 -8.15704687764e-18 1 -1.56848191466e-05
0.931500901981 0.363739013043 4.45451818048e-17 2.61330542083 -0.363739013043 0.931500901981 -8.3887201134e-18 14.0744899193 -4.45451818048e-17 -8.3887201134e-18 1 -1.61231254525e-05
0.92958360888 0.36861133203 4.514186879e-17 2.68649184853 -0.36861133203 0.92958360888 -8.62352079923e-18 14.2606179829 -4.514186879e-17 -8.62352079923e-18 1 -1.6569936963e-05
0.927640830776 0.373473545352 4.57373181881e-17 2.76065183171 -0.373473545352 0.927640830776 -8.86144249794e-18 14.4463602947 -4.57373181881e-17 -8.86144249794e-18 1 -1.70199479204e-05
0.925672620929 0.378325519707 4.63315136745e-17 2.83578334015 -0.378325519707 0.925672620929 -9.10247868679e-18 14.6317117615 -4.63315136745e-17 -9.10247868679e-18 1 -1.7477880478e-05
0.9236790333 0.383167122078 4.69244389591e-17 2.91188430697 -0.383167122078 0.9236790333 -9.34662275765e-18 14.816667303 -4.69244389591e-17 -9.34662275765e-18 1 -1.79411886831e-05
0.921660122544 0.387998219728 4.75160777864e-17 2.98895265106 -0.387998219728 0.921660122544 -9.59386801719e-18 15.0012218476 -4.75160777864e-17 -9.59386801719e-18 1 -1.84092665814e-05
0.91961594401 0.392818680211 4.81064139365e-17 3.06698626095 -0.392818680211 0.91961594401 -9.84420768705e-18 15.1853703346 -4.81064139365e-17 -9.84420768705e-18 1 -1.88848731124e-05
0.91754655374 0.397628371371 4.8695431225e-17 3.14598299031 -0.397628371371 0.91754655374 -1.0097634904e-17 15.3691077188 -4.8695431225e-17 -1.0097634904e-17 1 -1.93648601163e-05
0.915452008468 0.402427161349 4.92831135036e-17 3.22594067977 -0.402427161349 0.915452008468 -1.03541427203e-17 15.5524289591 -4.92831135036e-17 -1.03541427203e-17 1 -1.98496479351e-05
0.913332365617 0.407214918582 4.98694446607e-17 3.30685713313 -0.407214918582 0.913332365617 -1.06137241037e-17 15.7353290328 -4.98694446607e-17 -1.06137241037e-17 1 -2.03418449143e-05
0.911187683298 0.411991511814 5.04544086218e-17 3.38873013705 -0.411991511814 0.911187683298 -1.08763719374e-17 15.9178029239 -5.04544086218e-17 -1.08763719374e-17 1 -2.08402737094e-05
0.909018020308 0.416756810089 5.10379893499e-17 3.47155744395 -0.416756810089 0.909018020308 -1.1142079021e-17 16.0998456306 -5.10379893499e-17 -1.1142079021e-17 1 -2.1341530565e-05
0.90682343613 0.421510682766 5.16201708456e-17 3.55533677949 -0.421510682766 0.90682343613 -1.14108380699e-17 16.2814521619 -5.16201708456e-17 -1.14108380699e-17 1 -2.18512597749e-05
0.904603990929 0.426252999515 5.22009371483e-17 3.6400658517 -0.426252999515 0.904603990929 -1.16826417161e-17 16.4626175376 -5.22009371483e-17 -1.16826417161e-17 1 -2.236629983e-05
0.902359745553 0.430983630323 5.2780272336e-17 3.72574233881 -0.430983630323 0.902359745553 -1.19574825077e-17 16.6433367945 -5.2780272336e-17 -1.19574825077e-17 1 -2.28857051621e-05
0.900090761528 0.435702445497 5.33581605258e-17 3.8123638877 -0.435702445497 0.900090761528 -1.223535291e-17 16.8236049737 -5.33581605258e-17 -1.223535291e-17 1 -2.34131003536e-05
0.897797101061 0.440409315668 5.39345858747e-17 3.8999281242 -0.440409315668 0.897797101061 -1.25162453049e-17 17.0034171371 -5.39345858747e-17 -1.25162453049e-17 1 -2.39432838427e-05
0.895478827032 0.445104111795 5.45095325797e-17 3.98843265102 -0.445104111795 0.895478827032 -1.28001519918e-17 17.1827683517 -5.45095325797e-17 -1.28001519918e-17 1 -2.44812862142e-05
0.893136003 0.449786705168 5.50829848783e-17 4.07787503895 -0.449786705168 0.893136003 -1.30870651871e-17 17.3616537024 -5.50829848783e-17 -1.30870651871e-17 1 -2.50246375648e-05
0.890768693192 0.454456967411 5.5654927049e-17 4.16825283547 -0.454456967411 0.890768693192 -1.33769770249e-17 17.5400682863 -5.5654927049e-17 -1.33769770249e-17 1 -2.55730270196e-05
0.888376962511 0.459114770487 5.62253434119e-17 4.25956356506 -0.459114770487 0.888376962511 -1.36698795572e-17 17.7180072088 -5.62253434119e-17 -1.36698795572e-17 1 -2.61275762012e-05
0.885960876527 0.4637599867 5.67942183285e-17 4.35180472009 -0.4637599867 0.885960876527 -1.39657647539e-17 17.8954655937 -5.67942183285e-17 -1.39657647539e-17 1 -2.6687110056e-05
0.883520501477 0.468392488698 5.73615362029e-17 4.44497377871 -0.468392488698 0.883520501477 -1.42646245032e-17 18.0724385751 -5.73615362029e-17 -1.42646245032e-17 1 -2.72511597128e-05
0.881055904267 0.47301214948 5.79272814819e-17 4.53906818297 -0.47301214948 0.881055904267 -1.45664506117e-17 18.2489213022 -5.79272814819e-17 -1.45664506117e-17 1 -2.7821895296e-05
0.878567152464 0.477618842395 5.84914386551e-17 4.63408534928 -0.477618842395 0.878567152464 -1.48712348046e-17 18.4249089361 -5.84914386551e-17 -1.48712348046e-17 1 -2.83984986478e-05
0.876054314299 0.482212441148 5.90539922561e-17 4.73002267818 -0.482212441148 0.876054314299 -1.51789687262e-17 18.600396652 -5.90539922561e-17 -1.51789687262e-17 1 -2.89799202644e-05
0.873517458663 0.486792819803 5.9614926862e-17 4.82687753655 -0.486792819803 0.873517458663 -1.54896439397e-17 18.7753796389 -5.9614926862e-17 -1.54896439397e-17 1 -2.95665649244e-05
0.870956655104 0.491359852787 6.01742270945e-17 4.92464727251 -0.491359852787 0.870956655104 -1.58032519279e-17 18.949853099 -6.01742270945e-17 -1.58032519279e-17 1 -3.01596003016e-05
0.868371973828 0.495913414893 6.07318776202e-17 5.02332920332 -0.495913414893 0.868371973828 -1.6119784093e-17 19.1238122515 -6.07318776202e-17 -1.6119784093e-17 1 -3.07577985588e-05
0.865763485696 0.500453381281 6.12878631509e-17 5.12292062148 -0.500453381281 0.865763485696 -1.64392317571e-17 19.297252323 -6.12878631509e-17 -1.64392317571e-17 1 -3.13608848028e-05
0.86313126222 0.504979627488 6.18421684438e-17 5.22341880106 -0.504979627488 0.86313126222 -1.67615861625e-17 19.4701685618 -6.18421684438e-17 -1.67615861625e-17 1 -3.19700528184e-05
0.860475375565 0.509492029423 6.23947783024e-17 5.324820983 -0.509492029423 0.860475375565 -1.70868384716e-17 19.6425562271 -6.23947783024e-17 -1.70868384716e-17 1 -3.25845235114e-05
0.857795898543 0.513990463377 6.29456775766e-17 5.42712438582 -0.513990463377 0.857795898543 -1.74149797674e-17 19.8144105917 -6.29456775766e-17 -1.74149797674e-17 1 -3.32051763046e-05
0.855092904614 0.518474806022 6.34948511633e-17 5.5303262125 -0.518474806022 0.855092904614 -1.77460010539e-17 19.9857269448 -6.34948511633e-17 -1.77460010539e-17 1 -3.3829359511e-05
0.85236646788 0.522944934419 6.40422840066e-17 5.63442362797 -0.522944934419 0.85236646788 -1.80798932558e-17 20.1565005894 -6.40422840066e-17 -1.80798932558e-17 1 -3.44604097133e-05
0.849616663089 0.527400726016 6.45879610983e-17 5.739413779 -0.527400726016 0.849616663089 -1.84166472194e-17 20.3267268433 -6.45879610983e-17 -1.84166472194e-17 1 -3.50957913202e-05
0.846843565628 0.531842058656 6.51318674785e-17 5.84529378726 -0.531842058656 0.846843565628 -1.87562537123e-17 20.4964010415 -6.51318674785e-17 -1.87562537123e-17 1 -3.57381602214e-05
0.844047251522 0.536268810577 6.56739882355e-17 5.95206074989 -0.536268810577 0.844047251522 -1.90987034241e-17 20.6655185314 -6.56739882355e-17 -1.90987034241e-17 1 -3.63838417332e-05
0.841227797435 0.540680860418 6.62143085071e-17 6.05971174187 -0.540680860418 0.841227797435 -1.94439869664e-17 20.8340746742 -6.62143085071e-17 -1.94439869664e-17 1 -3.70355792843e-05
0.838385280663 0.54507808722 6.67528134799e-17 6.16824380814 -0.54507808722 0.838385280663 -1.97920948731e-17 21.0020648518 -6.67528134799e-17 -1.97920948731e-17 1 -3.76922332244e-05
0.835519779135 0.54946037043 6.72894883906e-17 6.27765397796 -0.54946037043 0.835519779135 -2.01430176005e-17 21.1694844586 -6.72894883906e-17 -2.01430176005e-17 1 -3.83556760237e-05
0.832631371411 0.553827589907 6.7824318526e-17 6.38793924607 -0.553827589907 0.832631371411 -2.0496745528e-17 21.3363289031 -6.7824318526e-17 -2.0496745528e-17 1 -3.90219223565e-05
0.829720136676 0.558179625922 6.83572892234e-17 6.4990965941 -0.558179625922 0.829720136676 -2.08532689579e-17 21.5025936132 -6.83572892234e-17 -2.08532689579e-17 1 -3.96954641708e-05
0.826786154745 0.562516359159 6.88883858712e-17 6.61112297269 -0.562516359159 0.826786154745 -2.12125781159e-17 21.6682740276 -6.88883858712e-17 -2.12125781159e-17 1 -4.03721359596e-05
0.823829506054 0.566837670727 6.94175939092e-17 6.72401530989 -0.566837670727 0.823829506054 -2.15746631515e-17 21.8333656089 -6.94175939092e-17 -2.15746631515e-17 1 -4.10559256796e-05
0.820850271661 0.571143442153 6.99448988287e-17 6.83777051356 -0.571143442153 0.820850271661 -2.19395141379e-17 21.9978638254 -6.99448988287e-17 -2.19395141379e-17 1 -4.17443984535e-05
0.817848533243 0.575433555394 7.04702861735e-17 6.95238546039 -0.575433555394 0.817848533243 -2.23071210724e-17 22.161764171 -7.04702861735e-17 -2.23071210724e-17 1 -4.24379494977e-05
0.814824373094 0.579707892832 7.09937415398e-17 7.06785700829 -0.579707892832 0.814824373094 -2.26774738771e-17 22.3250621517 -7.09937415398e-17 -2.26774738771e-17 1 -4.31371022316e-05
0.811777874123 0.583966337286 7.15152505768e-17 7.18418199967 -0.583966337286 0.811777874123 -2.30505623984e-17 22.4877532904 -7.15152505768e-17 -2.30505623984e-17 1 -4.3839730413e-05
0.808709119852 0.588208772008 7.20347989871e-17 7.30135723478 -0.588208772008 0.808709119852 -2.34263764079e-17 22.649833127 -7.20347989871e-17 -2.34263764079e-17 1 -4.45479335891e-05
0.805618194412 0.59243508069 7.25523725269e-17 7.41937950849 -0.59243508069 0.805618194412 -2.38049056026e-17 22.8112972182 -7.25523725269e-17 -2.38049056026e-17 1 -4.52633332095e-05
0.802505182542 0.596645147464 7.30679570069e-17 7.53824557955 -0.596645147464 0.802505182542 -2.41861396048e-17 22.9721411369 -7.30679570069e-17 -2.41861396048e-17 1 -4.59803674655e-05
0.799370169588 0.60083885691 7.35815382919e-17 7.65795219568 -0.60083885691 0.799370169588 -2.45700679628e-17 23.1323604732 -7.35815382919e-17 -2.45700679628e-17 1 -4.6704208037e-05
0.796213241496 0.605016094056 7.40931023018e-17 7.77849607021 -0.605016094056 0.796213241496 -2.49566801511e-17 23.2919508351 -7.40931023018e-17 -2.49566801511e-17 1 -4.74333229139e-05
0.793034484816 0.60917674438 7.46026350119e-17 7.89987390207 -0.60917674438 0.793034484816 -2.53459655704e-17 23.4509078483 -7.46026350119e-17 -2.53459655704e-17 1 -4.81674015695e-05
0.789833986695 0.613320693815 7.51101224531e-17 8.02208235938 -0.613320693815 0.789833986695 -2.57379135484e-17 23.6092271542 -7.51101224531e-17 -2.57379135484e-17 1 -4.89058532427e-05
0.786611834876 0.617447828754 7.56155507124e-17 8.1451180942 -0.617447828754 0.786611834876 -2.61325133395e-17 23.7669044116 -7.56155507124e-17 -2.61325133395e-17 1 -4.96494637847e-05
0.783368117696 0.621558036049 7.61189059331e-17 8.26897773031 -0.621558036049 0.783368117696 -2.65297541256e-17 23.9239352973 -7.61189059331e-17 -2.65297541256e-17 1 -5.0398083161e-05
0.780102924084 0.625651203016 7.66201743156e-17 8.39365787719 -0.625651203016 0.780102924084 -2.69296250162e-17 24.0803155093 -7.66201743156e-17 -2.69296250162e-17 1 -5.11519369368e-05
0.776816343556 0.629727217439 7.71193421173e-17 8.51915511463 -0.629727217439 0.776816343556 -2.73321150486e-17 24.236040758 -7.71193421173e-17 -2.73321150486e-17 1 -5.19109772004e-05
0.773508466216 0.633785967573 7.76163956533e-17 8.64546600007 -0.633785967573 0.773508466216 -2.77372131883e-17 24.3911067752 -7.76163956533e-17 -2.77372131883e-17 1 -5.26732542756e-05
0.77017938275 0.637827342144 7.81113212965e-17 8.77258707292 -0.637827342144 0.77017938275 -2.81449083293e-17 24.5455093076 -7.81113212965e-17 -2.81449083293e-17 1 -5.34422846759e-05
0.766829184428 0.641851230356 7.86041054785e-17 8.90051484877 -0.641851230356 0.766829184428 -2.85551892945e-17 24.699244126 -7.86041054785e-17 -2.85551892945e-17 1 -5.42137885517e-05
0.763457963096 0.645857521893 7.90947346892e-17 9.029245818 -0.645857521893 0.763457963096 -2.89680448359e-17 24.8523070105 -7.90947346892e-17 -2.89680448359e-17 1 -5.49911096339e-05
0.760065811178 0.64984610692 7.95831954777e-17 9.15877645346 -0.64984610692 0.760065811178 -2.93834636347e-17 25.0046937701 -7.95831954777e-17 -2.93834636347e-17 1 -5.57753518873e-05
0.756652821672 0.653816876087 8.00694744528e-17 9.2891032001 -0.653816876087 0.756652821672 -2.98014343021e-17 25.1564002241 -8.00694744528e-17 -2.98014343021e-17 1 -5.65623392408e-05
0.753219088147 0.657769720534 8.05535582828e-17 9.42022249011 -0.657769720534 0.753219088147 -3.02219453792e-17 25.3074222137 -8.05535582828e-17 -3.02219453792e-17 1 -5.73542013615e-05
0.74976470474 0.661704531892 8.10354336963e-17 9.55213072696 -0.661704531892 0.74976470474 -3.06449853374e-17 25.4577555996 -8.10354336963e-17 -3.06449853374e-17 1 -5.81504609691e-05
0.746289766155 0.665621202286 8.15150874824e-17 9.68482429216 -0.665621202286 0.746289766155 -3.1070542579e-17 25.6073962589 -8.15150874824e-17 -3.1070542579e-17 1 -5.89515027229e-05
0.742794367659 0.669519624339 8.19925064913e-17 9.81829955075 -0.669519624339 0.742794367659 -3.1498605437e-17 25.7563400904 -8.19925064913e-17 -3.1498605437e-17 1 -5.9756570959e-05
0.73927860508 0.673399691173 8.24676776341e-17 9.95255284136 -0.673399691173 0.73927860508 -3.19291621758e-17 25.9045830105 -8.24676776341e-17 -3.19291621758e-17 1 -6.05681906798e-05
0.735742574804 0.677261296414 8.2940587884e-17 10.087580485 -0.677261296414 0.735742574804 -3.23622009917e-17 26.0521209546 -8.2940587884e-17 -3.23622009917e-17 1 -6.13837342449e-05
0.732186373775 0.681104334195 8.34112242757e-17 10.2233787781 -0.681104334195 0.732186373775 -3.27977100125e-17 26.1989498789 -8.34112242757e-17 -3.27977100125e-17 1 -6.22033471789e-05
0.728610099486 0.684928699156 8.38795739065e-17 10.3599439989 -0.684928699156 0.728610099486 -3.32356772986e-17 26.3450657569 -8.38795739065e-17 -3.32356772986e-17 1 -6.30272824775e-05
0.725013849983 0.688734286451 8.43456239365e-17 10.4972724058 -0.688734286451 0.725013849983 -3.36760908428e-17 26.4904645848 -8.43456239365e-17 -3.36760908428e-17 1 -6.38576073886e-05
0.721397723859 0.692520991747 8.48093615886e-17 10.6353602278 -0.692520991747 0.721397723859 -3.41189385711e-17 26.6351423718 -8.48093615886e-17 -3.41189385711e-17 1 -6.46892901628e-05
0.717761820252 0.696288711231 8.52707741492e-17 10.7742036828 -0.696288711231 0.717761820252 -3.45642083425e-17 26.7790951561 -8.52707741492e-17 -3.45642083425e-17 1 -6.55272084167e-05
0.714106238843 0.700037341608 8.57298489684e-17 10.9137989663 -0.700037341608 0.714106238843 -3.50118879497e-17 26.9223189915 -8.57298489684e-17 -3.50118879497e-17 1 -6.63700856922e-05
0.71043107985 0.703766780108 8.61865734605e-17 11.0541422497 -0.703766780108 0.71043107985 -3.54619651194e-17 27.0648099467 -8.61865734605e-17 -3.54619651194e-17 1 -6.72163439184e-05
0.70673644403 0.707476924486 8.66409351042e-17 11.1952296817 -0.707476924486 0.70673644403 -3.59144275125e-17 27.2065641189 -8.66409351042e-17 -3.59144275125e-17 1 -6.80682223582e-05
0.703022432673 0.711167673026 8.70929214429e-17 11.3370573996 -0.711167673026 0.703022432673 -3.63692627245e-17 27.3475776225 -8.70929214429e-17 -3.63692627245e-17 1 -6.89237240188e-05
0.699289147602 0.714838924546 8.75425200851e-17 11.4796215139 -0.714838924546 0.699289147602 -3.68264582858e-17 27.4878465895 -8.75425200851e-17 -3.68264582858e-17 1 -6.97832018091e-05
0.695536691165 0.718490578396 8.7989718705e-17 11.622918113 -0.718490578396 0.695536691165 -3.72860016623e-17 27.6273671756 -8.7989718705e-17 -3.72860016623e-17 1 -7.06495140808e-05
0.691765166239 0.722122534463 8.84345050422e-17 11.766943272 -0.722122534463 0.691765166239 -3.77478802552e-17 27.7661355547 -8.84345050422e-17 -3.77478802552e-17 1 -7.1517066381e-05
0.68797467622 0.725734693176 8.88768669028e-17 11.9116930416 -0.725734693176 0.68797467622 -3.8212081402e-17 27.9041479247 -8.88768669028e-17 -3.8212081402e-17 1 -7.23894049788e-05
0.684165325029 0.729326955506 8.93167921592e-17 12.0571634518 -0.729326955506 0.684165325029 -3.86785923763e-17 28.0414004988 -8.93167921592e-17 -3.86785923763e-17 1 -7.32670104089e-05
0.6803372171 0.732899222969 8.97542687507e-17 12.2033505146 -0.732899222969 0.6803372171 -3.91474003885e-17 28.1778895164 -8.97542687507e-17 -3.91474003885e-17 1 -7.4150048242e-05
0.676490457382 0.73645139763 9.01892846835e-17 12.3502502247 -0.73645139763 0.676490457382 -3.96184925861e-17 28.313611235 -9.01892846835e-17 -3.96184925861e-17 1 -7.50353999042e-05
0.672625151337 0.739983382103 9.06218280315e-17 12.4978585536 -0.739983382103 0.672625151337 -4.00918560537e-17 28.4485619335 -9.06218280315e-17 -4.00918560537e-17 1 -7.59248212763e-05
0.668741404933 0.743495079559 9.10518869364e-17 12.646171452 -0.743495079559 0.668741404933 -4.05674778139e-17 28.5827379122 -9.10518869364e-17 -4.05674778139e-17 1 -7.68195837697e-05
0.664839324646 0.746986393721 9.14794496077e-17 12.7951848574 -0.746986393721 0.664839324646 -4.10453448273e-17 28.7161354938 -9.14794496077e-17 -4.10453448273e-17 1 -7.77186267698e-05
0.660919017453 0.750457228874 9.19045043238e-17 12.9448946832 -0.750457228874 0.660919017453 -4.15254439928e-17 28.848751019 -9.19045043238e-17 -4.15254439928e-17 1 -7.86219985649e-05
0.656980590831 0.753907489863 9.23270394314e-17 13.0952968245 -0.753907489863 0.656980590831 -4.20077621484e-17 28.9805808547 -9.23270394314e-17 -4.20077621484e-17 1 -7.95273735239e-05
0.653024152754 0.757337082097 9.27470433466e-17 13.2463871575 -0.757337082097 0.653024152754 -4.24922860711e-17 29.1116213837 -9.27470433466e-17 -4.24922860711e-17 1 -8.0437793569e-05
0.649049811691 0.760745911553 9.31645045547e-17 13.3981615406 -0.760745911553 0.649049811691 -4.29790024773e-17 29.2418690168 -9.31645045547e-17 -4.29790024773e-17 1 -8.13520512235e-05
0.645057676599 0.764133884775 9.35794116109e-17 13.550615817 -0.764133884775 0.645057676599 -4.34678980235e-17 29.3713201803 -9.35794116109e-17 -4.34678980235e-17 1 -8.22722827483e-05
0.641047856925 0.76750090888 9.39917531403e-17 13.7037458002 -0.76750090888 0.641047856925 -4.39589593064e-17 29.499971327 -9.39917531403e-17 -4.39589593064e-17 1 -8.31941680914e-05
0.6370204626 0.770846891561 9.44015178383e-17 13.8575472957 -0.770846891561 0.6370204626 -4.44521728633e-17 29.6278189287 -9.44015178383e-17 -4.44521728633e-17 1 -8.41208137405e-05
0.632975604037 0.774171741084 9.48086944709e-17 14.0120160859 -0.774171741084 0.632975604037 -4.49475251725e-17 29.7548594824 -9.48086944709e-17 -4.49475251725e-17 1 -8.50527266447e-05
0.628913392129 0.777475366299 9.52132718754e-17 14.1671479388 -0.777475366299 0.628913392129 -4.54450026536e-17 29.8810895034 -9.52132718754e-17 -4.54450026536e-17 1 -8.59877571102e-05
0.624833938242 0.780757676633 9.56152389598e-17 14.3229385956 -0.780757676633 0.624833938242 -4.59445916681e-17 30.0065055316 -9.56152389598e-17 -4.59445916681e-17 1 -8.69264232026e-05
0.620737354217 0.784018582101 9.60145847042e-17 14.4793837915 -0.784018582101 0.620737354217 -4.64462785195e-17 30.1311041289 -9.60145847042e-17 -4.64462785195e-17 1 -8.78684550436e-05
0.616623752364 0.787257993304 9.64112981603e-17 14.6364792329 -0.787257993304 0.616623752364 -4.69500494537e-17 30.2548818797 -9.64112981603e-17 -4.69500494537e-17 1 -8.88153337328e-05
0.612493245459 0.790475821431 9.68053684519e-17 14.7942206164 -0.790475821431 0.612493245459 -4.74558906597e-17 30.377835389 -9.68053684519e-17 -4.74558906597e-17 1 -8.97662504755e-05
0.608345946742 0.793671978264 9.71967847754e-17 14.9526036139 -0.793671978264 0.608345946742 -4.79637882695e-17 30.4999612885 -9.71967847754e-17 -4.79637882695e-17 1 -9.07192214328e-05
0.604181969915 0.796846376179 9.75855364e-17 15.1116238867 -0.796846376179 0.604181969915 -4.84737283589e-17 30.6212562274 -9.75855364e-17 -4.84737283589e-17 1 -9.16773482391e-05
0.600001429133 0.799998928148 9.79716126678e-17 15.2712770748 -0.799998928148 0.600001429133 -4.89856969476e-17 30.7417168832 -9.79716126678e-17 -4.89856969476e-17 1 -9.26392505232e-05
0.595804439009 0.803129547743 9.83550029944e-17 15.4315587988 -0.803129547743 0.595804439009 -4.94996799998e-17 30.8613399513 -9.83550029944e-17 -4.94996799998e-17 1 -9.36044945021e-05
0.591591114605 0.806238149135 9.87356968689e-17 15.5924646663 -0.806238149135 0.591591114605 -5.00156634243e-17 30.9801221534 -9.87356968689e-17 -5.00156634243e-17 1 -9.45737345539e-05
0.587361571432 0.809324647101 9.91136838543e-17 15.7539902652 -0.809324647101 0.587361571432 -5.05336330751e-17 31.098060232 -9.91136838543e-17 -5.05336330751e-17 1 -9.55456667651e-05
0.583115925445 0.812388957023 9.94889535881e-17 15.9161311663 -0.812388957023 0.583115925445 -5.1053574752e-17 31.2151509533 -9.94889535881e-17 -5.1053574752e-17 1 -9.65220143581e-05
0.57885429304 0.815430994891 9.98614957819e-17 16.0788829281 -0.815430994891 0.57885429304 -5.15754742003e-17 31.3313911087 -9.98614957819e-17 -5.15754742003e-17 1 -9.7503677674e-05
0.574576791052 0.818450677307 1.00231300222e-16 16.2422410871 -0.818450677307 0.574576791052 -5.20993171121e-17 31.446777512 -1.00231300222e-16 -5.20993171121e-17 1 -9.84870958103e-05
0.570283536751 0.821447921484 1.00598356771e-16 16.4062011622 -0.821447921484 0.570283536751 -5.26250891258e-17 31.5613069984 -1.00598356771e-16 -5.26250891258e-17 1 -9.9474104001e-05
0.56597464784 0.824422645251 1.00962655365e-16 16.5707586589 -0.824422645251 0.56597464784 -5.31527758272e-17 31.6749764285 -1.00962655365e-16 -5.31527758272e-17 1 -0.000100464487758
0.561650242447 0.827374767055 1.01324186017e-16 16.7359090698 -0.827374767055 0.561650242447 -5.36823627495e-17 31.7877826855 -1.01324186017e-16 -5.36823627495e-17 1 -0.00010145795701
0.557310439129 0.830304205962 1.01682938815e-16 16.9016478626 -0.830304205962 0.557310439129 -5.42138353737e-17 31.8997226776 -1.01682938815e-16 -5.42138353737e-17 1 -0.000102455606111
0.552955356864 0.833210881659 1.02038903924e-16 17.0679704964 -0.833210881659 0.552955356864 -5.47471791293e-17 32.0107933354 -1.02038903924e-16 -5.47471791293e-17 1 -0.000103457797968
0.548585115048 0.83609471446 1.02392071585e-16 17.2348724099 -0.83609471446 0.548585115048 -5.52823793944e-17 32.1209916143 -1.02392071585e-16 -5.52823793944e-17 1 -0.000104460913811
0.544199833495 0.838955625301 1.02742432115e-16 17.402349029 -0.838955625301 0.544199833495 -5.58194214962e-17 32.2303144931 -1.02742432115e-16 -5.58194214962e-17 1 -0.000105469354148
0.539799632428 0.84179353575 1.0308997591e-16 17.5703957599 -0.84179353575 0.539799632428 -5.63582907114e-17 32.3387589744 -1.0308997591e-16 -5.63582907114e-17 1 -0.000106480886496
0.535384632481 0.844608368004 1.03434693441e-16 17.7390079987 -0.844608368004 0.535384632481 -5.68989722666e-17 32.4463220854 -1.03434693441e-16 -5.68989722666e-17 1 -0.000107496227832
0.530954954695 0.847400044893 1.03776575258e-16 17.9081811183 -0.847400044893 0.530954954695 -5.74414513389e-17 32.5530008783 -1.03776575258e-16 -5.74414513389e-17 1 -0.000108513939805
0.52651072051 0.850168489882 1.04115611987e-16 18.0779104859 -0.850168489882 0.52651072051 -5.79857130558e-17 32.658792426 -1.04115611987e-16 -5.79857130558e-17 1 -0.000109534595381
0.522052051767 0.852913627072 1.04451794334e-16 18.2481914429 -0.852913627072 0.522052051767 -5.85317424962e-17 32.7636938289 -1.04451794334e-16 -5.85317424962e-17 1 -0.00011055931304
0.517579070704 0.855635381204 1.04785113083e-16 18.4190193275 -0.855635381204 0.517579070704 -5.90795246904e-17 32.8677022128 -1.04785113083e-16 -5.90795246904e-17 1 -0.000111588402367
0.51309189995 0.85833367766 1.05115559095e-16 18.5903894501 -0.85833367766 0.51309189995 -5.96290446206e-17 32.9708147261 -1.05115559095e-16 -5.96290446206e-17 1 -0.000112619009201
0.508590662521 0.861008442465 1.0544312331e-16 18.7622971162 -0.861008442465 0.508590662521 -6.01802872214e-17 33.0730285389 -1.0544312331e-16 -6.01802872214e-17 1 -0.000113653428551
