0.999999999999 -9.999995e-07 1.0000005e-06 9.98727789704e-07 1.0000005e-06 0.999999999999 -9.999995e-07 9.99819357029e-07 -9.999995e-07 1.0000005e-06 0.999999999999 1.00028908918e-06
1 -2.72261110132e-11 1.28772177851e-11 8.23660021011e-13 2.72261108334e-11 1 1.39596705888e-08 8.99906851815e-08 -1.28772181651e-11 -1.39596705888e-08 1 4.9845866803e-13
1 -2.92073936439e-09 1.75535153323e-11 -3.20380594132e-07 2.92073936481e-09 1 -2.40054873293e-08 0.255157616713 -1.75534452185e-11 2.40054873293e-08 1 7.62150750776e-08
1 -1.57464916672e-08 -8.77603559663e-08 -1.59289066667e-07 1.57583270569e-08 0.999999990906 0.000134861951029 0.473326355445 8.77582315656e-08 -0.00013486195103 0.999999990906 9.70826261694e-06
1 -4.1569505335e-08 -1.11623490159e-07 -9.14100624857e-08 4.15943381264e-08 0.999999975252 0.000222478441499 0.682354505653 1.11614239077e-07 -0.000222478441504 0.999999975252 5.46738355129e-08
1 -4.87707720213e-08 -1.06143824942e-07 -5.92894810576e-08 4.88015019728e-08 0.999999958086 0.000289531639774 0.887669578941 1.06129699811e-07 -0.000289531639779 0.999999958086 -1.19756311376e-05
1 -4.61102622185e-08 -9.14575102774e-08 -4.16524983147e-08 4.61420670578e-08 0.999999939522 0.000347785850552 1.09110265524 9.14414682495e-08 -0.000347785850556 0.999999939522 -2.4361656614e-05
1 -3.96469872493e-08 -7.52328391819e-08 -3.07206891265e-08 3.96768317754e-08 0.9999999213 0.000396736938512 1.29344886645 7.52171038367e-08 -0.000396736938515 0.9999999213 -3.70440707471e-05
1 -3.22001388825e-08 -6.01108116803e-08 -2.31764878271e-08 3.22262029574e-08 0.999999905973 0.000433650816293 1.49511188143 6.00968424118e-08 -0.000433650816295 0.999999905973 -4.96920854678e-05
1 -2.51981431938e-08 -4.68789185793e-08 -1.78201556412e-08 2.52195607609e-08 0.999999895609 0.000456926017456 1.69631984972 4.68673999983e-08 -0.000456926017457 0.999999895609 -6.16937566859e-05
1 -1.89730737768e-08 -3.57114509957e-08 -1.3634888411e-08 1.89897324729e-08 0.999999891171 0.000466538337318 1.89721216655 3.5702595443e-08 -0.000466538337319 0.999999891171 -7.24085455696e-05
1 -1.38411015336e-08 -2.65119098707e-08 -1.0439083848e-08 1.38533920801e-08 0.999999892518 0.000463641968879 2.09787909646 2.65054897056e-08 -0.000463641968879 0.999999892518 -8.13248524236e-05
1 -9.79323633358e-09 -1.91040303602e-08 -8.02043915264e-09 9.80183360696e-09 0.999999898716 0.000450075985056 2.29838170998 1.90996207247e-08 -0.000450075985056 0.999999898716 -8.81198045266e-05
1 -6.64458363354e-09 -1.32883156507e-08 -6.07443590515e-09 6.65027012765e-09 0.999999908418 0.000427977690037 2.49876271455 1.32854707002e-08 -0.000427977690037 0.999999908418 -9.26617658345e-05
1 -4.31870332331e-09 -8.84435951423e-09 -4.54980482379e-09 4.32223646963e-09 0.999999920192 0.000399519148953 2.6990527292 8.84263340371e-09 -0.000399519148953 0.999999920192 -9.4980035697e-05
1 -2.67620002877e-09 -5.55673304644e-09 -3.35209698993e-09 2.67823775829e-09 0.999999932749 0.000366745978982 2.89927411892 5.55575118714e-09 -0.000366745978982 0.999999932749 -9.52291744672e-05
1 -1.53783016424e-09 -3.22439442318e-09 -2.32368410307e-09 1.53889891327e-09 0.999999945059 0.000331483489211 3.09944344845 3.22388448072e-09 -0.000331483489211 0.999999945059 -9.36485255972e-05
1 -9.31614481915e-10 -1.64851236148e-09 -1.65744937875e-09 9.32101230644e-10 0.999999956402 0.000295290079147 3.29957311572 1.6482371931e-09 -0.000295290079147 0.999999956402 -9.05270728895e-05
1 -6.36450718556e-10 -6.64872479007e-10 -1.14107600355e-09 6.36623193591e-10 0.999999966345 0.000259442915801 3.49967247304 6.64707334e-10 -0.000259442915801 0.999999966345 -8.61777638088e-05
1 -5.97109960443e-10 -1.24250232776e-10 -7.98877513253e-10 5.97137894213e-10 0.999999974701 0.000224940232891 3.69974861798 1.24115915579e-10 -0.000224940232891 0.999999974701 -8.09111720457e-05
1 -6.56803973312e-10 9.49875876305e-11 -4.60992995385e-10 6.5678567412e-10 0.999999981468 0.000192520098899 3.8998069618 -9.51140338361e-11 -0.000192520098899 0.999999981468 -7.50213597389e-05
1 -8.85255629987e-10 1.04351613898e-10 -3.28978483634e-10 8.8523864181e-10 0.999999986767 0.00016268519748 4.09985164472 -1.04495630504e-10 -0.00016268519748 0.999999986767 -6.87718622288e-05
1 -1.14974539545e-09 -1.49274663729e-11 -2.56505837068e-10 1.14974741104e-09 0.999999990788 0.000135735194306 4.29988584295 1.47714053207e-11 -0.000135735194306 0.999999990788 -6.23912175775e-05
1 -1.41930238683e-09 -1.99217683818e-10 -2.38627944871e-10 1.41932465048e-09 0.99999999375 0.000111799898358 4.49991199854 1.9905900471e-10 -0.000111799898358 0.99999999375 -5.60689785096e-05
1 -1.68987091114e-09 -4.00509339149e-10 -3.07976343179e-10 1.68990729971e-09 0.999999995871 9.08731735599e-05 4.69993199019 4.00355773562e-10 -9.08731735599e-05 0.999999995871 -4.99554169804e-05
1 -1.86966965214e-09 -5.90404384902e-10 -3.22022086486e-10 1.86971265548e-09 0.999999997347 7.28455040215e-05 4.89994726504 5.90268186307e-10 -7.28455040215e-05 0.999999997347 -4.41639504109e-05
1 -1.98192006399e-09 -7.48868562303e-10 -3.19757488021e-10 1.98196314568e-09 0.999999998345 5.75334229427e-05 5.09995893675 7.48754534419e-10 -5.75334229427e-05 0.999999998345 -3.87742946766e-05
1 -2.05314346572e-09 -8.63737035132e-10 -3.48792738742e-10 2.05318207724e-09 0.999999999001 4.47052340385e-05 5.29996786167 8.6364524801e-10 -4.47052340385e-05 0.999999999001 -3.38365888551e-05
1 -2.09132341479e-09 -9.30723524322e-10 -4.23988325641e-10 2.09135515416e-09 0.999999999418 3.41031341496e-05 5.49997469665 9.30652203098e-10 -3.41031341496e-05 0.999999999418 -2.93772881109e-05
1 -2.10349994335e-09 -9.51411662489e-10 -5.55594459509e-10 2.10352416554e-09 0.999999999676 2.54599243105e-05 5.69997994478 9.51358107232e-10 -2.54599243105e-05 0.999999999676 -2.54028171566e-05
1 -2.02332486569e-09 -9.34967037902e-10 -6.06609009167e-10 2.02334217373e-09 0.999999999829 1.85122991516e-05 5.89998399019 9.34929581346e-10 -1.85122991516e-05 0.999999999829 -2.19044360905e-05
1 -1.90051777759e-09 -8.88612971635e-10 -6.40914136605e-10 1.90052933833e-09 0.999999999915 1.30100462821e-05 6.09998712445 8.88588245735e-10 -1.30100462821e-05 0.999999999915 -1.88618138242e-05
1 -1.75993138876e-09 -8.19017509644e-10 -6.87423482209e-10 1.75993853242e-09 0.999999999962 8.72230559156e-06 6.29998956887 8.19002158954e-10 -8.72230559156e-06 0.999999999962 -1.62467559851e-05
1 -1.61954446843e-09 -7.32718512093e-10 -7.67971052666e-10 1.6195484553e-09 0.999999999985 5.44123406519e-06 6.49999149016 7.32709699761e-10 -5.44123406519e-06 0.999999999985 -1.40263349443e-05
1 -1.42949126931e-09 -6.39044116065e-10 -7.74225207567e-10 1.42949317576e-09 0.999999999996 2.9832978362e-06 6.69999301368 6.39039851464e-10 -2.9832978362e-06 0.999999999996 -1.21647845663e-05
1 -1.21704314867e-09 -5.44405654706e-10 -7.33027288062e-10 1.2170437962e-09 0.999999999999 1.18943536552e-06 6.89999423357 5.44404207111e-10 -1.18943536552e-06 0.999999999999 -1.06257358662e-05
1 -1.021355287e-09 -4.51836743413e-10 -7.04029852467e-10 1.02135525255e-09 1 -7.62650439217e-08 7.0999952197 4.51836821307e-10 7.62650439213e-08 1 -9.3729583773e-06
1 -8.66868762207e-10 -3.62856431476e-10 -7.31580528124e-10 8.66868425414e-10 1 -9.28169335894e-07 7.29999602429 3.62857236077e-10 9.28169335894e-07 1 -8.37166771379e-06
1 -6.76194659893e-10 -2.82933884684e-10 -6.65616882298e-10 6.76194246516e-10 0.999999999999 -1.46103295619e-06 7.49999668709 2.82934872626e-10 1.46103295619e-06 0.999999999999 -7.58971078073e-06
1 -4.96234274975e-10 -2.13493149586e-10 -5.78856304331e-10 4.96233900802e-10 0.999999999998 -1.75261757261e-06 7.69999723699 2.13494019295e-10 1.75261757261e-06 0.999999999998 -6.99713310747e-06
1 -4.08659723397e-10 -1.50829152657e-10 -6.31002848456e-10 4.08659441982e-10 0.999999999998 -1.86578299959e-06 7.89999769621 1.50829915127e-10 1.86578299959e-06 0.999999999998 -6.5668784659e-06
1 -2.72442520078e-10 -9.93357568349e-11 -5.64932900815e-10 2.72442336224e-10 0.999999999998 -1.85083454261e-06 8.09999808165 9.93362610807e-11 1.85083454261e-06 0.999999999998 -6.27447165149e-06
1 -2.00000986684e-10 -5.64668551423e-11 -5.84576969595e-10 2.00000888013e-10 0.999999999998 -1.74741119188e-06 8.29999840628 5.64672046262e-11 1.74741119188e-06 0.999999999998 -6.0982119872e-06
1 -1.13922078947e-10 -2.31992037222e-11 -5.52613100513e-10 1.13922042155e-10 0.999999999999 -1.58593395275e-06 8.49999868006 2.31993843951e-11 1.58593395275e-06 0.999999999999 -6.01985983904e-06
1 -3.92048671198e-11 1.21933121469e-12 -5.1163632731e-10 3.92048688145e-11 0.999999999999 -1.38992557071e-06 8.69999891136 -1.21927672284e-12 1.38992557071e-06 0.999999999999 -6.02290016851e-06
1 -9.99119333932e-12 1.98163639572e-11 -5.31927933029e-10 9.99121666186e-12 0.999999999999 -1.17693395724e-06 8.89999910605 -1.98163521982e-11 1.17693395724e-06 0.999999999999 -6.09319036653e-06
1 6.52333214143e-11 3.05528133281e-11 -4.43840042385e-10 -6.52332921001e-11 1 -9.59458963841e-07 9.09999927023 -3.05528759168e-11 9.59458963841e-07 1 -6.21947426895e-06
1 7.77561594648e-11 3.76491964305e-11 -4.48980424492e-10 -7.77561313571e-11 1 -7.46566453326e-07 9.29999940806 -3.76492544807e-11 7.46566453326e-07 1 -6.39164304064e-06
1 1.07358933894e-10 4.08081248495e-11 -4.08015184806e-10 -1.07358911682e-10 1 -5.44299006062e-07 9.49999952355 -4.08081832849e-11 5.44299006062e-07 1 -6.60145684735e-06
1 1.02065188943e-10 4.21423874518e-11 -4.19561683899e-10 -1.02065173906e-10 1 -3.56832985392e-07 9.69999961957 -4.2142423872e-11 3.56832985392e-07 1 -6.84116864183e-06
1 7.9934885526e-11 4.26197554283e-11 -4.59765971715e-10 -7.99348776039e-11 1 -1.85878152577e-07 9.89999969904 -4.26197702865e-11 1.85878152577e-07 1 -7.10597337308e-06
1 8.64979028744e-11 4.05853819231e-11 -4.43780528198e-10 -8.64979015564e-11 1 -3.24757335135e-08 10.0999997644 -4.05853847322e-11 3.24757335135e-08 1 -7.3908399463e-06
1 1.05356828723e-10 3.59999758577e-11 -3.95463612403e-10 -1.05356832452e-10 1 1.03589682195e-07 10.2999998179 -3.59999649438e-11 -1.03589682195e-07 1 -7.69242102149e-06
1 1.06452772226e-10 3.08530177277e-11 -3.714611498e-10 -1.06452779104e-10 1 2.22927696019e-07 10.4999998612 -3.08529939964e-11 -2.22927696019e-07 1 -8.00759072642e-06
1 1.01120899322e-10 2.60336068524e-11 -3.55515532984e-10 -1.0112090783e-10 1 3.26780158078e-07 10.6999998965 -2.60335738081e-11 -3.26780158078e-07 1 -8.3344041268e-06
1 4.90375314345e-11 2.38622567044e-11 -4.31619716353e-10 -4.90375413679e-11 1 4.16280508077e-07 10.8999999243 -2.3862236291e-11 -4.16280508077e-07 1 -8.67055014905e-06
1 3.81646879917e-11 2.14366484991e-11 -4.40045379482e-10 -3.81646985627e-11 1 4.93126633641e-07 11.0999999463 -2.1436629679e-11 -4.93126633641e-07 1 -9.0151771297e-06
1 2.97399464578e-11 1.84740754101e-11 -4.4558941901e-10 -2.97399567791e-11 1 5.5869012063e-07 11.2999999634 -1.84740587947e-11 -5.5869012063e-07 1 -9.36699068056e-06
1 9.25141093489e-12 1.60348792851e-11 -4.77270535454e-10 -9.25142078777e-12 1 6.1446531896e-07 11.4999999764 -1.60348736005e-11 -6.1446531896e-07 1 -9.72531253699e-06
1 3.99896599175e-11 1.1745091496e-11 -4.12462305473e-10 -3.99896676925e-11 1 6.61978969543e-07 11.6999999862 -1.17450650237e-11 -6.61978969543e-07 1 -1.00899497901e-05
1 5.33679922429e-12 9.67613042129e-12 -4.68237857313e-10 -5.33680601937e-12 1 7.02251848765e-07 11.8999999934 -9.67612667351e-12 -7.02251848765e-07 1 -1.04599720444e-05
1 -1.00941606626e-11 8.65092791728e-12 -4.97201182379e-10 1.00941542901e-11 1 7.36626112188e-07 12.0999999984 -8.6509353529e-12 -7.36626112188e-07 1 -1.08355553694e-05
1 -1.70120257026e-11 7.70507927724e-12 -5.14784692845e-10 1.70120197986e-11 1 7.66240735696e-07 12.3000000018 -7.70509231255e-12 -7.66240735696e-07 1 -1.12168575505e-05
1 2.0115109599e-11 4.7700420548e-12 -4.46762149067e-10 -2.0115113376e-11 1 7.91818502423e-07 12.500000004 -4.77002612728e-12 -7.91818502423e-07 1 -1.16034470668e-05
1 6.19553616888e-12 3.27566683822e-12 -4.68955932415e-10 -6.19553883563e-12 1 8.14109827525e-07 12.7000000054 -3.27566179437e-12 -8.14109827525e-07 1 -1.19952757867e-05
1 9.45180035352e-12 2.36650113613e-12 -4.61497094415e-10 -9.45180232691e-12 1 8.3388616335e-07 12.9000000059 -2.36649325441e-12 -8.3388616335e-07 1 -1.23925997407e-05
1 9.11644139049e-12 1.89312387508e-12 -4.60221213335e-10 -9.1164430028e-12 1 8.51668034115e-07 13.1000000059 -1.89311611089e-12 -8.51668034115e-07 1 -1.27954029665e-05
1 -7.42466688867e-12 2.52417934331e-12 -4.91707289864e-10 7.42466469778e-12 1 8.67959719992e-07 13.3000000055 -2.52418578763e-12 -8.67959719992e-07 1 -1.32038507325e-05
1 2.45162886402e-11 1.47739673671e-12 -4.31474106398e-10 -2.45162899451e-11 1 8.83216755138e-07 13.5000000049 -1.47737508351e-12 -8.83216755138e-07 1 -1.36182206558e-05
1 -1.09039277382e-12 2.03706298731e-12 -4.75951516814e-10 1.09039094524e-12 1 8.97654943679e-07 13.7000000041 -2.03706396611e-12 -8.97654943679e-07 1 -1.40384028642e-05
1 -2.23328078214e-11 3.66797245147e-12 -5.20481009382e-10 2.23328044786e-11 1 9.11342004356e-07 13.9000000031 -3.66799280429e-12 -9.11342004356e-07 1 -1.44640658279e-05
1 1.79727984575e-11 2.66043626599e-12 -4.48839090711e-10 -1.79728009174e-11 1 9.24646681525e-07 14.1000000019 -2.6604196475e-12 -9.24646681525e-07 1 -1.48956581053e-05
1 1.78399874346e-11 1.83608393489e-12 -4.44756545179e-10 -1.78399891563e-11 1 9.37702702354e-07 14.3000000009 -1.83606720629e-12 -9.37702702354e-07 1 -1.53332301174e-05
1 5.00588849097e-11 3.15936419404e-14 -3.7532720806e-10 -5.00588849397e-11 1 9.50632751755e-07 14.5000000002 -3.15460543249e-14 -9.50632751755e-07 1 -1.57768992911e-05
1 5.73692156582e-11 -1.17524824515e-12 -3.44153556078e-10 -5.7369214526e-11 1 9.6336165747e-07 14.6999999992 1.17530351245e-12 -9.6336165747e-07 1 -1.6226286244e-05
1 6.33536411904e-11 -1.68267538759e-12 -3.11956912231e-10 -6.33536395476e-11 1 9.76275973477e-07 14.8999999983 1.68273723823e-12 -9.76275973477e-07 1 -1.66821828607e-05
1 2.52931163067e-11 2.90606232538e-13 -3.65055920888e-10 -2.52931165941e-11 1 9.88955494996e-07 15.0999999975 -2.90581218771e-13 -9.88955494996e-07 1 -1.71435920518e-05
1 2.9394671175e-11 1.61201558732e-12 -3.45582153719e-10 -2.93946727899e-11 0.999999999999 1.00183358592e-06 15.2999999968 -1.61198613876e-12 -1.00183358592e-06 0.999999999999 -1.76114164088e-05
1 4.52551559294e-11 1.46870014174e-12 -3.00507200034e-10 -4.525515742e-11 0.999999999999 1.0149304797e-06 15.499999996 -1.4686542109e-12 -1.0149304797e-06 0.999999999999 -1.80857107121e-05
1 5.32684932585e-11 8.6600920783e-13 -2.65154114387e-10 -5.32684941489e-11 0.999999999999 1.02814327246e-06 15.6999999954 -8.65954440187e-13 -1.02814327246e-06 0.999999999999 -1.85662909346e-05
1 4.18168905487e-11 1.09723353777e-12 -2.65503323387e-10 -4.18168916915e-11 0.999999999999 1.0415334972e-06 15.8999999948 -1.09718998407e-12 -1.0415334972e-06 0.999999999999 -1.90533190636e-05
1 -1.40938030558e-11 4.01613817544e-12 -3.58798244074e-10 1.40937988199e-11 0.999999999999 1.0547103936e-06 16.0999999943 -4.01615304032e-12 -1.0547103936e-06 0.999999999999 -1.95459391112e-05
1 -3.6346039874e-11 6.73910970604e-12 -4.04042259164e-10 3.63460326764e-11 0.999999999999 1.06804053908e-06 16.2999999937 -6.73914852508e-12 -1.06804053908e-06 0.999999999999 -2.00449253395e-05
1 -5.01608339453e-11 8.37006636745e-12 -4.41255730574e-10 5.01608248936e-11 0.999999999999 1.08144112382e-06 16.4999999931 -8.37012061343e-12 -1.08144112382e-06 0.999999999999 -2.0550127219e-05
1 -6.20904047248e-11 9.17589083078e-12 -4.8124746146e-10 6.20903946773e-11 0.999999999999 1.09498837839e-06 16.6999999927 -9.17595881905e-12 -1.09498837839e-06 0.999999999999 -2.10617699861e-05
1 -1.44564130861e-11 6.70118183501e-12 -4.07543877931e-10 1.44564056553e-11 0.999999999999 1.10887511425e-06 16.8999999924 -6.70119786536e-12 -1.10887511425e-06 0.999999999999 -2.15803340891e-05
1 -3.75177691388e-11 5.80795437156e-12 -4.6127728949e-10 3.7517762619e-11 0.999999999999 1.12255384424e-06 17.0999999921 -5.80799648727e-12 -1.12255384424e-06 0.999999999999 -2.21046372339e-05
1 -3.56873750718e-11 5.34633621725e-12 -4.7422486436e-10 3.56873689963e-11 0.999999999999 1.13637130798e-06 17.2999999919 -5.34637677136e-12 -1.13637130798e-06 0.999999999999 -2.26354537109e-05
1 -5.15748712664e-11 5.82363264223e-12 -5.23524012816e-10 5.15748645688e-11 0.999999999999 1.15007323669e-06 17.4999999916 -5.82369195711e-12 -1.15007323669e-06 0.999999999999 -2.31722116901e-05
1 -1.02766222613e-11 4.18433358077e-12 -4.64497703013e-10 1.02766173908e-11 0.999999999999 1.16398133598e-06 17.6999999912 -4.18434554257e-12 -1.16398133598e-06 0.999999999999 -2.37156357993e-05
1 -2.16733497048e-11 3.70656180563e-12 -4.98053027111e-10 2.16733453389e-11 0.999999999999 1.17787875375e-06 17.8999999909 -3.7065873342e-12 -1.17787875375e-06 0.999999999999 -2.42652886359e-05
1 -1.70413349374e-11 3.59793150644e-12 -5.03717558438e-10 1.70413306496e-11 0.999999999999 1.19174742274e-06 18.0999999906 -3.5979518154e-12 -1.19174742274e-06 0.999999999999 -2.48211392628e-05
1 -7.20980565295e-12 3.27787036649e-12 -4.97596652875e-10 7.20980170089e-12 0.999999999999 1.20567524492e-06 18.2999999906 -3.27787905917e-12 -1.20567524492e-06 0.999999999999 -2.53834139764e-05
1 4.3439837665e-11 8.6653083419e-13 -4.05871688534e-10 -4.34398387218e-11 0.999999999999 1.21957965955e-06 18.4999999906 -8.66477855847e-13 -1.21957965955e-06 0.999999999999 -2.59519165412e-05
1 4.00428851457e-11 -1.35077425366e-13 -4.04597638953e-10 -4.00428849791e-11 0.999999999999 1.2335391841e-06 18.6999999904 1.35126819834e-13 -1.2335391841e-06 0.999999999999 -2.65268109588e-05
1 5.11286587369e-11 -5.72734423079e-13 -3.74027982501e-10 -5.11286580223e-11 0.999999999999 1.24751850503e-06 18.8999999902 5.72798207027e-13 -1.24751850503e-06 0.999999999999 -2.71080252508e-05
1 4.67171571836e-11 -1.54840897035e-13 -3.693134058e-10 -4.67171569882e-11 0.999999999999 1.261335561e-06 19.0999999899 1.54899823047e-13 -1.261335561e-06 0.999999999999 -2.76951504346e-05
1 2.84227110858e-11 1.36643260266e-12 -3.92565410684e-10 -2.84227128282e-11 0.999999999999 1.27519665546e-06 19.2999999898 -1.36639635811e-12 -1.27519665546e-06 0.999999999999 -2.82886368308e-05
1 5.04697272626e-11 1.38229328989e-12 -3.39750915053e-10 -5.04697290446e-11 0.999999999999 1.28917665268e-06 19.4999999894 -1.3822282255e-12 -1.28917665268e-06 0.999999999999 -2.88886455944e-05
1 2.00586398586e-11 2.72733460908e-12 -3.83787733193e-10 -2.00586434127e-11 0.999999999999 1.30316211141e-06 19.6999999892 -2.72730846941e-12 -1.30316211141e-06 0.999999999999 -2.94949653238e-05
0.988245949841 0.1526969066 -0.00732102023716 0.308774235363 -0.152696899795 0.98827290746 0.000563182327679 19.8999999623 0.00732116215463 0.000561334439202 0.999973042381 -2.99801375224e-05
0.972198682056 0.233584663882 -0.0163684882616 0.533198063349 -0.233622787471 0.972327212487 -0.000430153703903 20.0975323296 0.0158150492556 0.00424224671838 0.999865934793 0.000154435156107
0.963303147852 0.267482805284 -0.0223605504322 0.693616302275 -0.267568506379 0.963538439567 -0.00087742234556 20.2936865656 0.0213105544809 0.00682820278843 0.999749586604 0.000534110450744
0.962368619225 0.270714548214 -0.0236701101744 0.806238203045 -0.270819620417 0.9626292464 -0.00129119055786 20.4906284918 0.0224359962509 0.00765293152699 0.999718989872 0.00106553737408
0.967105206542 0.253487653118 -0.0212492163685 0.883513973605 -0.253585197555 0.967311020408 -0.00198428299836 20.6894715144 0.0200516099279 0.00730749714966 0.999772240775 0.0014781182117
0.997003247188 0.0768539262717 -0.0088317107138 0.629694767648 -0.0768828119501 0.997035687059 -0.00297858302786 20.9028862973 0.00857661495903 0.0036486637048 0.999956563521 0.00115441499181
0.999189169738 -0.0400233958712 0.0043738839617 0.4406227334 0.0400438886203 0.999186855528 -0.00470262945258 21.110526978 -0.00418211216192 0.00487396374051 0.999979376995 0.000409103366454
0.993530973561 -0.112536653653 0.0152218973965 0.301272378306 0.112616346471 0.993628441413 -0.00448095100093 21.3117177124 -0.0146206389547 0.00616619808159 0.999874099533 -0.000134735612113
0.987857280666 -0.153920664027 0.0211287060784 0.199797426452 0.154020971488 0.988062411741 -0.0031954414807 21.509191311 -0.0203846358102 0.00641090396813 0.999771657396 -2.71679876149e-05
0.984806185789 -0.172263559688 0.0219554648297 0.127417791088 0.172353008606 0.985032713067 -0.00223486282698 21.7055681489 -0.0212418656618 0.00598499715514 0.999756451818 0.000535604609848
0.984601776049 -0.173740245458 0.0193305382806 0.076980058009 0.173806885427 0.984778092734 -0.00180959925723 21.9024538965 -0.0187218904004 0.00514151529479 0.999811510056 0.00108978975076
0.986407050428 -0.163626315465 0.0150850838313 0.0426468776754 0.163667189739 0.986514459012 -0.00150770132115 22.1004554303 -0.014634953703 0.00395614049076 0.999885076938 0.00133053810586
0.989188012711 -0.146275016543 0.0105211712458 0.0198844713512 0.146293917772 0.989240615859 -0.00104573359672 22.2995384008 -0.0102550052235 0.00257361049945 0.999944104136 0.00122297289387
0.992129932667 -0.125049606346 0.00638691315987 0.00532639682586 0.125054982713 0.992149711831 -0.000447896839698 22.4993931553 -0.00628076472757 0.00124308717621 0.999979503154 0.000904169028567
0.994737424397 -0.10241176469 0.00304745096379 -0.00346749961808 0.102411867136 0.994742074301 0.000122823496991 22.6996693743 -0.00304400626412 0.000189918014154 0.999995348968 0.00054296853138
0.9967872517 -0.0800923556919 0.000624026250195 -0.00825772361402 0.0800920246198 0.996787328098 0.00053864296051 22.9000848577 -0.000665162642179 -0.00048693291046 0.999999660227 0.000252746812207
0.998242253495 -0.0592584071243 -0.000918979427783 -0.0103217014603 0.059259117423 0.998242340475 0.000765953949509 23.1004571922 0.00087197496386 -0.000819065506452 0.999999284395 7.23669789246e-05
0.999172220456 -0.0406440267212 -0.00171375657716 -0.0105910412067 0.0406455155884 0.999173273909 0.000843070836556 23.3006971281 0.00167807397627 -0.000912029479434 0.999998176133 -1.24957881981e-05
0.999694276308 -0.0246492494911 -0.00194124087424 -0.00974311239128 0.0246509089163 0.999695770964 0.000835587060522 23.5007858178 0.00192005369847 -0.000883184953737 0.999997766687 -3.8655658123e-05
0.999933195938 -0.0114188547305 -0.00179260072252 -0.00826403667904 0.0114203063638 0.999934464829 0.00080165484238 23.7007480611 0.00178332926394 -0.000822073338019 0.999998071964 -4.2242982429e-05
0.999998549032 -0.000908831703099 -0.00144081861675 -0.0064951002111 0.00090994960276 0.999999285363 0.000775412550256 23.9006283723 0.00144011286758 -0.000776722497485 0.999998661388 -4.72274309787e-05
0.999974576696 0.00705681730636 -0.00102337267722 -0.00466879404767 -0.0070560353748 0.999974812731 0.000765681322284 24.1004732205 0.00102875017447 -0.000758440902323 0.99999918322 -6.34314205068e-05
0.999918658254 0.01273863454 -0.000635662263232 -0.00293710607121 -0.0127381479534 0.999918574825 0.000763745551026 24.3003202694 0.000645339579776 -0.000755586266672 0.999999506313 -8.99935018174e-05
0.999864738219 0.0164436717063 -0.000333056577846 -0.00139328019295 -0.0164434168409 0.999864513558 0.0007540361245 24.5001938048 0.000345410575681 -0.00074845754409 0.999999660251 -0.000120607423481
0.999828917962 0.0184963694906 -0.000138285477998 -8.80733621035e-05 -0.0184962648513 0.999828667963 0.000723122948615 24.7001047153 0.00015163693451 -0.000720441470441 0.999999728985 -0.000148101329338
0.999815330093 0.0192172611558 -5.08339268317e-05 0.000958304900011 -0.0192172231509 0.999815111148 0.000664720629673 24.9000532015 6.35986381414e-05 -0.000663620988861 0.999999777781 -0.000167255337887
0.999821223793 0.0189081287471 -5.58566928729e-05 0.0017473663725 -0.0189080931658 0.999821057455 0.000580588757051 25.1000326033 6.68245447016e-05 -0.000579428818043 0.999999829898 -0.000175818070767
0.999840805154 0.0178422841781 -0.000131321127684 0.00229562922908 -0.0178422194523 0.999840700399 0.000478570815676 25.3000331506 0.000139839004773 -0.000476151569289 0.999999876862 -0.000174228901306
0.999867783895 0.0162588645621 -0.000253084182014 0.00262934107833 -0.0162587704899 0.999867749208 0.000369425677787 25.5000449246 0.000259057153491 -0.000365261996133 0.999999899737 -0.000164702403668
0.999896806889 0.0143602586396 -0.000398177810612 0.00278026709905 -0.0143601542476 0.999896852869 0.000263805398104 25.7000597434 0.00040192505346 -0.000258060280426 0.999999885931 -0.000150205684045
0.999924055629 0.0123119468739 -0.000546753007013 0.0027823638955 -0.0123118555187 0.99992419176 0.00017013959736 25.9000720159 0.000548806308314 -0.000163395132189 0.999999836057 -0.000133635800205
0.999947294043 0.0102441462827 -0.000683083144649 0.0026692496465 -0.0102440846707 0.999947523604 9.36348240187e-05 26.1000787892 0.000684006507742 -8.66323273348e-05 0.999999762315 -0.00011731506459
0.999965612433 0.00825472457373 -0.000795910359011 0.00247239288141 -0.00825469834907 0.999965928741 3.62286906249e-05 26.3000792924 0.000796182299206 -2.96574448819e-05 0.999999682607 -0.000102789664845
0.999979051297 0.0064129178151 -0.000878323365323 0.00221992772299 -0.0064129227708 0.999979436995 -2.8259996457e-06 26.5000742574 0.000878287181452 8.45856035428e-06 0.99999961427 -9.08525028459e-05
0.999988224707 0.00476346029357 -0.000927304184868 0.00193598784728 -0.00476348653036 0.999988654193 -2.60870622227e-05 26.7000652274 0.000927169399169 3.0503956034e-05 0.999999569713 -8.16931786705e-05
0.999994008138 0.0033308141877 -0.000943061444685 0.00164044747504 -0.00333085058529 0.999994452016 -3.7027172456e-05 26.9000539878 0.000942932881964 4.01681473592e-05 0.999999554632 -7.50958480018e-05
0.999997315038 0.00212326485488 -0.0009282583722 0.0013489661776 -0.00212330223635 0.99999774502 -3.9286920615e-05 27.1000421689 0.000928172862458 4.12577882087e-05 0.999999568396 -7.06281428158e-05
0.999998960348 0.00113671721283 -0.000887230152751 0.00107324762309 -0.00113674973683 0.999999353246 -3.61544867384e-05 27.3000310276 0.000887188481504 3.71630077929e-05 0.999999605758 -6.77888031331e-05
0.999999595356 0.000358088404766 -0.000825264276985 0.000821438218093 -0.00035811351236 0.999999935419 -3.02761334313e-05 27.5000213742 0.000825253382156 3.05716594691e-05 0.999999659011 -6.61077247604e-05
0.999999693398 -0.000231759461008 -0.000747991868808 0.00059860745223 0.000231741901622 0.99999997287 -2.35619547991e-05 27.7000136006 0.000747997309221 2.33886065169e-05 0.999999719976 -6.51974014723e-05
0.999999566714 -0.000655565988416 -0.000660912739152 0.000407263165288 0.00065555474566 0.999999784976 -1.72274426421e-05 27.9000077646 0.000660923890765 1.67941706951e-05 0.999999781449 -6.47717721009e-05
0.999999398456 -0.000937689809534 -0.00056905632058 0.000247866037058 0.000937683180344 0.999999560304 -1.19161311937e-05 28.1000036955 0.000569067244003 1.13825294852e-05 0.999999838016 -6.463764073e-05
0.999999278519 -0.00110256723313 -0.00047676652646 0.000119317444046 0.00110256361576 0.999999392146 -7.85006568968e-06 28.3000010946 0.00047677489188 7.32439460073e-06 0.999999886316 -6.46803416604e-05
0.999999236253 -0.00117357027417 -0.000387590803539 1.94011969231e-05 0.00117356843222 0.999999311356 -4.97969766586e-06 28.4999996183 0.000387596380652 4.52482953098e-06 0.999999924874 -6.48390602139e-05
0.999999266674 -0.0011722127167 -0.000304250980263 -5.48307514499e-05 0.00117221182552 0.999999312955 -3.10740475755e-06 28.699998936 0.000304254413768 2.75075588182e-06 0.999999953711 -6.50895517689e-05
0.999999349282 -0.00111765077204 -0.000228674125387 -0.000106735111978 0.00111765034814 0.999999375427 -1.98150943559e-06 28.8999987638 0.000228676197199 1.72593043034e-06 0.999999973852 -6.54253992571e-05
0.999999460094 -0.00102642428793 -0.000162064139638 -0.0001398171131 0.00102642408158 0.999999473226 -1.35639912259e-06 29.0999988807 0.000162065446508 1.19005185457e-06 0.999999986867 -6.58481845178e-05
0.999999578263 -0.000912386672948 -0.000104998071965 -0.000157529258387 0.000912386570238 0.999999583775 -1.02609929249e-06 29.2999991288 0.000104998964461 9.30300028986e-07 0.999999994487 -6.63604430554e-05
0.999999688835 -0.000786777902794 -5.75344152989e-05 -0.000163125516923 0.000786777855891 0.99999969049 -8.37846592374e-07 29.4999994058 5.75350566906e-05 7.92579527757e-07 0.999999998345 -6.69609731485e-05
0.999999783069 -0.000658398469596 -1.93237580358e-05 -0.000159562082084 0.000658398456375 0.999999783255 -6.90512460394e-07 29.6999996541 1.93242084798e-05 6.77789578139e-07 0.999999999813 -6.76462270973e-05
0.999999857449 -0.000533850010497 1.02852211918e-05 -0.00014943833447 0.000533850015954 0.999999857502 -5.27831609607e-07 29.8999998483 -1.02849379433e-05 5.33322299861e-07 0.999999999947 -6.84078394266e-05
0.999999912199 -0.000417813768949 3.21491715008e-05 -0.000134970330406 0.000417813779649 0.999999912716 -3.26098047763e-07 30.0999999828 -3.21490324465e-05 3.39530385988e-07 0.999999999483 -6.92362181538e-05
0.999999949792 -0.000313343412532 4.72457990034e-05 -0.000117988474336 0.000313343416839 0.999999950908 -8.37528377612e-08 30.3000000645 -4.72457704406e-05 9.85569936471e-08 0.999999998884 -7.01201186604e-05
0.999999973721 -0.000222155660942 5.66033772508e-05 -9.99545822553e-05 0.000222155650628 0.999999975323 1.88504928094e-07 30.5000001052 -5.66034177314e-05 -1.7593016304e-07 0.999999998398 -7.10483868321e-05
0.999999987626 -0.000144905449001 6.1244337772e-05 -8.19916866702e-05 0.000144905420174 0.999999989501 4.75114040253e-07 30.7000001175 -6.12444059756e-05 -4.66239397875e-07 0.999999998124 -7.20111047404e-05
0.999999994753 -8.14366641075e-05 6.21423689585e-05 -6.49210779536e-05 8.14366170326e-05 0.999999996684 7.60063080791e-07 30.9000001124 -6.21424306494e-05 -7.55002412501e-07 0.999999998069 -7.29991164861e-05
0.999999997708 -3.10041679696e-05 6.01919158591e-05 -4.93043949789e-05 3.10041060094e-05 0.999999999519 1.03030992926e-06 31.100000099 -6.01919477741e-05 -1.02844373036e-06 0.999999998188 -7.40057107797e-05
0.999999998393 7.53610895509e-06 5.61885612701e-05 -3.54864015229e-05 -7.53618067111e-06 0.999999999971 1.27613400123e-06 31.3000000828 -5.61885516514e-05 -1.27655744633e-06 0.999999998421 -7.50246437265e-05
0.999999998076 3.55691952693e-05 5.08185837141e-05 -2.36363915963e-05 -3.55692711479e-05 0.999999999366 1.49222318409e-06 31.5000000675 -5.08185306047e-05 -1.4940307612e-06 0.999999998708 -7.605215009e-05
0.999999997513 5.45938565376e-05 4.4655956709e-05 -1.37868711058e-05 -5.45939314566e-05 0.999999998508 1.67647509601e-06 31.7000000546 -4.46558651171e-05 -1.67891303608e-06 0.999999999002 -7.70852040211e-05
0.999999997086 6.61236737178e-05 3.81651170217e-05 -5.86873986097e-06 -6.61237435851e-05 0.999999997812 1.82940000723e-06 31.9000000451 -3.81649959716e-05 -1.83192362231e-06 0.99999999927 -7.81217058019e-05
0.999999996933 7.16141665961e-05 3.17079238102e-05 2.59086698604e-07 -7.16142285718e-05 0.999999997434 1.9534484971e-06 32.1000000378 -3.17077838343e-05 -1.95571922961e-06 0.999999999495 -7.91605371272e-05
0.999999997052 7.24112114929e-05 2.55534879454e-05 4.78330401882e-06 -7.24112639564e-05 0.999999997376 2.05216819782e-06 32.3000000327 -2.55533392784e-05 -2.05401855213e-06 0.999999999671 -8.02013346671e-05
0.999999997372 6.97187669395e-05 1.98896708094e-05 7.91582548307e-06 -6.97188093047e-05 0.999999997567 2.12932808809e-06 32.5000000289 -1.98895223068e-05 -2.13071476666e-06 0.9999999998 -8.124364607e-05
0.999999997805 6.45814523298e-05 1.48353206521e-05 9.87730488585e-06 -6.45814848114e-05 0.999999997912 2.18900678924e-06 32.7000000258 -1.48351792519e-05 -2.18996487147e-06 0.999999999888 -8.22879832073e-05
0.99999999827 5.78788411409e-05 1.04525163073e-05 1.08842381455e-05 -5.78788645015e-05 0.999999998323 2.23463148792e-06 32.9000000228 -1.04523869518e-05 -2.23523646383e-06 0.999999999943 -8.33342273735e-05
0.999999998711 5.03291023243e-05 6.75824166544e-06 1.1140188423e-05 -5.03291176622e-05 0.999999998731 2.26935681755e-06 33.1000000199 -6.75812744217e-06 -2.26969695096e-06 0.999999999975 -8.43827194345e-05
0.99999999909 4.24990186989e-05 3.73510769719e-06 1.0829891834e-05 -4.24990272749e-05 0.999999999094 2.29599575361e-06 33.3000000169 -3.73501011624e-06 -2.29615448997e-06 0.99999999999 -8.54342058212e-05
0.999999999393 3.48180007688e-05 1.34089369618e-06 1.01152744423e-05 -3.48180038753e-05 0.999999999391 2.31675388626e-06 33.5000000137 -1.34081303062e-06 -2.31680057209e-06 0.999999999996 -8.6489209492e-05
0.999999999619 2.75952123257e-05 -4.83254446894e-07 9.13460828379e-06 -2.75952111982e-05 0.999999999617 2.33308050542e-06 33.7000000103 4.83318828561e-07 -2.33306716903e-06 0.999999999997 -8.75475464229e-05
0.999999999777 2.10369527371e-05 -1.80595788247e-06 8.00169609562e-06 -2.10369484993e-05 0.999999999776 2.34656114896e-06 33.9000000068 1.80600724656e-06 -2.3465231566e-06 0.999999999996 -8.86101651019e-05
0.99999999988 1.52647374878e-05 -2.70007437239e-06 6.80749801679e-06 -1.52647311208e-05 0.999999999881 2.35809247619e-06 34.1000000032 2.70011036773e-06 -2.35805126e-06 0.999999999994 -8.96771727407e-05
0.999999999941 1.03322508025e-05 -3.23839934681e-06 5.62204897538e-06 -1.03322431327e-05 0.999999999944 2.36840114893e-06 34.2999999998 3.23842381754e-06 -2.36836768886e-06 0.999999999992 -9.07488724964e-05
0.999999999974 6.24062650633e-06 -3.49045957426e-06 4.49629445071e-06 -6.24061820624e-06 0.999999999978 2.37794295598e-06 34.4999999964 3.49047441404e-06 -2.37792117329e-06 0.999999999991 -9.18253063645e-05
0.999999999989 2.95272095128e-06 -3.52029989966e-06 3.46553417651e-06 -2.9527125472e-06 0.999999999993 2.38732087083e-06 34.6999999931 3.52030694873e-06 -2.38731047637e-06 0.999999999991 -9.29071998181e-05
0.999999999994 4.0447571056e-07 -3.38505844551e-06 2.55105911501e-06 -4.04467597894e-07 0.999999999997 2.39661063612e-06 34.8999999903 3.38505941487e-06 -2.39660926696e-06 0.999999999991 -9.39943530274e-05
0.999999999994 -1.48471140397e-06 -3.13423586071e-06 1.76343403732e-06 1.48471894512e-06 0.999999999996 2.40605586859e-06 35.0999999877 3.1342322884e-06 -2.40606052204e-06 0.999999999992 -9.50870693479e-05
0.999999999992 -2.80396478577e-06 -2.80949274572e-06 1.10480321718e-06 2.80397157273e-06 0.999999999993 2.41572266896e-06 35.2999999851 2.8094859721e-06 -2.41573054668e-06 0.999999999993 -9.61853445252e-05
0.99999999999 -3.6447083036e-06 -2.444841576e-06 5.70842461912e-07 3.64471423454e-06 0.99999999999 2.42589928902e-06 35.4999999829 2.44483273428e-06 -2.42590819974e-06 0.999999999994 -9.72898181427e-05
0.999999999989 -4.09582266182e-06 -2.06713376625e-06 1.52793410578e-07 4.09582769824e-06 0.999999999989 2.43643252414e-06 35.699999981 2.06712378703e-06 -2.43644099073e-06 0.999999999995 -9.84001945202e-05
0.99999999999 -4.24042757704e-06 -1.69673201237e-06 -1.61263090081e-07 4.24043172963e-06 0.999999999988 2.44740492242e-06 35.8999999793 1.6967216343e-06 -2.44741211727e-06 0.999999999996 -9.95167190276e-05
0.99999999999 -4.15336396873e-06 -1.34831183541e-06 -3.84540853747e-07 4.15336728401e-06 0.999999999988 2.45884467956e-06 36.0999999779 1.34830162292e-06 -2.45885027958e-06 0.999999999996 -0.000100639574886
0.999999999992 -3.90029311226e-06 -1.03169061721e-06 -5.3117552105e-07 3.90029566109e-06 0.999999999989 2.4705412035e-06 36.2999999766 1.03168098136e-06 -2.47054522738e-06 0.999999999996 -0.000101768374816
0.999999999993 -3.53674597607e-06 -7.52677990413e-07 -6.14591021274e-07 3.53674784466e-06 0.999999999991 2.48260779476e-06 36.4999999758 7.52669210052e-07 -2.48261045678e-06 0.999999999997 -0.000102903490306
0.999999999995 -3.10877779715e-06 -5.13855607284e-07 -6.4798606421e-07 3.10877907907e-06 0.999999999992 2.4947326053e-06 36.6999999749 5.13847851711e-07 -2.49473420276e-06 0.999999999997 -0.00010404427772
0.999999999996 -2.65294602753e-06 -3.15321687659e-07 -6.42991118904e-07 2.65294681811e-06 0.999999999993 2.50721442136e-06 36.8999999741 3.15315036152e-07 -2.50721525788e-06 0.999999999997 -0.000105191467105
0.999999999998 -2.19744043924e-06 -1.55336946517e-07 -6.10036363043e-07 2.19744083071e-06 0.999999999994 2.52018404043e-06 37.0999999734 1.55331408561e-07 -2.52018438177e-06 0.999999999997 -0.000106345469587
0.999999999998 -1.76295795941e-06 -3.08859637013e-08 -5.58092822309e-07 1.76295803765e-06 0.999999999995 2.53338356234e-06 37.2999999728 3.08814974525e-08 -2.53338361679e-06 0.999999999997 -0.00010750583371
0.999999999999 -1.36373014218e-06 6.18492280583e-08 -4.94614824729e-07 1.36372998467e-06 0.999999999996 2.5466641558e-06 37.4999999722 -6.18527010208e-08 -2.54666407145e-06 0.999999999997 -0.00010867229647
0.999999999999 -1.00852317775e-06 1.27101141409e-07 -4.25460823019e-07 1.00852285238e-06 0.999999999996 2.55997381731e-06 37.6999999716 -1.27103723201e-07 -2.55997368912e-06 0.999999999997 -0.000109844793345
1 -7.01887626103e-07 1.69223734731e-07 -3.55419233906e-07 7.01887190609e-07 0.999999999996 2.57346669719e-06 37.8999999712 -1.69225541014e-07 -2.57346657841e-06 0.999999999997 -0.000111023734196
1 -4.44825930336e-07 1.92457220017e-07 -2.87821751143e-07 4.44825432426e-07 0.999999999997 2.58711352306e-06 38.099999971 -1.92458370832e-07 -2.58711343745e-06 0.999999999997 -0.000112209114067
1 -2.35822719618e-07 2.00767972515e-07 -2.25002196127e-07 2.35822197434e-07 0.999999999997 2.6009281686e-06 38.2999999706 -2.00768585873e-07 -2.60092812125e-06 0.999999999997 -0.000113401003093
1 -7.17144149509e-08 1.97750327717e-07 -1.6872091313e-07 7.17138979042e-08 0.999999999997 2.61464312714e-06 38.4999999704 -1.97750515224e-07 -2.61464311296e-06 0.999999999997 -0.000114598857179
1 5.20147442337e-08 1.86553711923e-07 -1.1970885352e-07 -5.20152345816e-08 0.999999999997 2.62845482657e-06 38.6999999699 -1.86553575204e-07 -2.62845483627e-06 0.999999999997 -0.000115803090676
1 1.40459673575e-07 1.69861361544e-07 -7.82748366352e-08 -1.40460122402e-07 0.999999999996 2.64231715629e-06 38.8999999697 -1.69860990404e-07 -2.64231718015e-06 0.999999999996 -0.000117013663411
1 1.98960203266e-07 1.49893611066e-07 -4.43194167161e-08 -1.98960601425e-07 0.999999999996 2.65628440008e-06 39.0999999696 -1.49893082571e-07 -2.6562844299e-06 0.999999999996 -0.000118230726182
1 2.32783954848e-07 1.28430523471e-07 -1.74682123309e-08 -2.32784297771e-07 0.999999999996 2.67010838862e-06 39.2999999693 -1.28429901912e-07 -2.67010841852e-06 0.999999999996 -0.000119453713027
1 2.47036205073e-07 1.068419563e-07 3.09504902052e-09 -2.47036491856e-07 0.999999999996 2.68418824758e-06 39.4999999692 -1.06841293208e-07 -2.68418827397e-06 0.999999999996 -0.000120683542184
1 2.46234735281e-07 8.61419727464e-08 1.80396807933e-08 -2.46234967701e-07 0.999999999996 2.69811002989e-06 39.6999999692 -8.61413083777e-08 -2.6981100511e-06 0.999999999996 -0.000121919330667
