0.999999999999 -9.999995e-07 1.0000005e-06 9.98727789704e-07 1.0000005e-06 0.999999999999 -9.999995e-07 9.99819357029e-07 -9.999995e-07 1.0000005e-06 0.999999999999 1.00028908918e-06
1 -7.57493068924e-12 6.8534901894e-12 6.71605882878e-13 7.57493064141e-12 1 6.97854010122e-09 4.49955812054e-08 -6.85349024227e-12 -6.97854010122e-09 1 4.98456045192e-13
1 -7.50198152741e-10 1.46953036554e-11 -1.66377604543e-07 7.50198152916e-10 1 -1.18684755034e-08 0.127578791703 -1.46952947517e-11 1.18684755034e-08 1 2.12609998005e-08
1 -1.52537031503e-09 -4.16102222183e-08 -8.6498650942e-08 1.52817225709e-09 0.999999997733 6.73379129902e-05 0.236663154344 4.16101194087e-08 -6.73379129903e-05 0.999999997733 2.58190381462e-06
1 -7.83393760579e-09 -5.40546742159e-08 -5.17442835839e-08 7.83995974227e-09 0.999999993794 0.000111409146149 0.34117726956 5.40538011081e-08 -0.000111409146149 0.999999993794 2.69424317185e-07
1 -1.00455867194e-08 -5.24676935093e-08 -3.42083760502e-08 1.00532370518e-08 0.999999989369 0.000145812379483 0.443834821708 5.24662281806e-08 -0.000145812379484 0.999999989369 -2.63279993713e-06
1 -9.84334215925e-09 -4.62005514594e-08 -2.40796320743e-08 9.85146457779e-09 0.999999984545 0.000175811119466 0.545551352681 4.61988201764e-08 -0.000175811119467 0.999999984545 -5.5773074077e-06
1 -8.64627900233e-09 -3.89522821237e-08 -1.77138990147e-08 8.65410040253e-09 0.99999997984 0.000200798877045 0.646724442158 3.89505451753e-08 -0.000200798877045 0.99999997984 -8.51681400231e-06
1 -7.09797375352e-09 -3.20525457835e-08 -1.32791437436e-08 7.10500044598e-09 0.999999975969 0.000219229482591 0.747555943019 3.20509889281e-08 -0.000219229482591 0.999999975969 -1.1366993309e-05
1 -5.59567465857e-09 -2.59080674338e-08 -1.01152159425e-08 5.60164043258e-09 0.999999973487 0.000230272766569 0.848159944245 2.59067782154e-08 -0.000230272766569 0.999999973487 -1.39980095618e-05
1 -4.27437511758e-09 -2.06142670108e-08 -7.76913904579e-09 4.2791987238e-09 0.999999972622 0.000233999260939 0.948606149905 2.06132662458e-08 -0.000233999260939 0.999999972622 -1.6286258326e-05
1 -3.22155787085e-09 -1.61457608819e-08 -6.07876678642e-09 3.22528957969e-09 0.999999973289 0.000231131559477 1.04893969072 1.61450158469e-08 -0.000231131559477 0.999999973289 -1.8143437807e-05
1 -2.3734858798e-09 -1.24512349189e-08 -4.72351731331e-09 2.37625937036e-09 0.999999975191 0.000222752960956 1.1491910943 1.2450705909e-08 -0.000222752960956 0.999999975191 -1.95232369425e-05
1 -1.77089707796e-09 -9.44708929414e-09 -3.72048976063e-09 1.77288171524e-09 0.999999977932 0.000210083371021 1.24938170312 9.44671704964e-09 -0.000210083371021 0.999999977932 -2.04168567962e-05
1 -1.36189996426e-09 -7.05093782794e-09 -2.9514201175e-09 1.3632701647e-09 0.999999981117 0.000194332468918 1.34952681533 7.05067303342e-09 -0.000194332468918 0.999999981117 -2.08448144294e-05
1 -1.1005010012e-09 -5.18059028413e-09 -2.32955640083e-09 1.10141594586e-09 0.999999984404 0.000176613430686 1.44963760287 5.18039584008e-09 -0.000176613430686 0.999999984404 -2.08482677996e-05
1 -9.53052708125e-10 -3.75497608408e-09 -1.80703462355e-09 9.53645598644e-10 0.999999987534 0.000157897783344 1.54972233956 3.75482555236e-09 -0.000157897783344 0.999999987534 -2.04812785215e-05
1 -9.29841027741e-10 -2.69256023385e-09 -1.45342256869e-09 9.30215275293e-10 0.99999999034 0.000138996531577 1.64978721851 2.69243096316e-09 -0.000138996531577 0.99999999034 -1.98048119856e-05
1 -9.89622639821e-10 -1.92204173655e-09 -1.23275203365e-09 9.89854348588e-10 0.999999992733 0.000120557193965 1.74983691296 1.92192241646e-09 -0.000120557193965 0.999999992733 -1.88816391027e-05
1 -1.07983689688e-09 -1.38270315307e-09 -1.06792179666e-09 1.07997940821e-09 0.999999994688 0.000103071340525 1.8498749711 1.38259184549e-09 -0.000103071340525 0.999999994688 -1.77743965532e-05
1 -1.13548247853e-09 -1.02467563631e-09 -8.27140332716e-10 1.13557150475e-09 0.999999996225 8.68865178909e-05 1.94990410071 1.02457697433e-09 -8.68865178909e-05 0.999999996225 -1.65406619825e-05
1 -1.24674345322e-09 -7.93394966355e-10 -7.40956763124e-10 1.24680075172e-09 0.999999997392 7.22234889676e-05 2.04992637537 7.93304920123e-10 -7.22234889676e-05 0.999999997392 -1.52327240117e-05
1 -1.31910031695e-09 -6.53646603419e-10 -6.21331145364e-10 1.31913900714e-09 0.999999998248 5.91948345707e-05 2.14994338887 6.53568518348e-10 -5.91948345707e-05 0.999999998248 -1.38963101244e-05
1 -1.39689416068e-09 -5.71835083384e-10 -5.81796428465e-10 1.39692150667e-09 0.999999998856 4.78242632157e-05 2.24995636836 5.71768277296e-10 -4.78242632157e-05 0.999999998856 -1.25689192843e-05
1 -1.45790439136e-09 -5.24417889749e-10 -5.87380756575e-10 1.45792435315e-09 0.999999999275 3.80666735327e-05 2.34996626006 5.24362391799e-10 -3.80666735327e-05 0.999999999275 -1.12808342407e-05
1 -1.48238955123e-09 -4.95974529124e-10 -5.94083163823e-10 1.48240434395e-09 0.999999999555 2.98268918827e-05 2.44997379327 4.95930313831e-10 -2.98268918827e-05 0.999999999555 -1.00558134243e-05
1 -1.46641363774e-09 -4.76126206116e-10 -5.8410486532e-10 1.46642457676e-09 0.999999999736 2.29758586621e-05 2.54997953045 4.76092513878e-10 -2.29758586621e-05 0.999999999736 -8.91025806903e-06
1 -1.40383495581e-09 -4.58852967721e-10 -5.27638538801e-10 1.40384292381e-09 0.999999999849 1.73655023324e-05 2.64998390413 4.58828589352e-10 -1.73655023324e-05 0.999999999849 -7.85521006622e-06
1 -1.35328898506e-09 -4.35989676431e-10 -5.55583589509e-10 1.35329458312e-09 0.999999999918 1.28401308128e-05 2.74998724529 4.35972299987e-10 -1.28401308128e-05 0.999999999918 -6.89633866715e-06
1 -1.28555983395e-09 -4.06388923662e-10 -5.98009796954e-10 1.2855635913e-09 0.999999999957 9.24585003616e-06 2.84998980735 4.06377037551e-10 -9.24585003616e-06 0.999999999957 -6.03611843438e-06
1 -1.19062443709e-09 -3.7189142653e-10 -6.17207099237e-10 1.19062683075e-09 0.999999999979 6.43650615167e-06 2.94999178296 3.71883763061e-10 -6.43650615167e-06 0.999999999979 -5.27341381303e-06
1 -1.07727016479e-09 -3.342364811e-10 -6.17125746025e-10 1.07727159466e-09 0.999999999991 4.27802909599e-06 3.04999331711 3.34231872504e-10 -4.27802909599e-06 0.999999999991 -4.60452866352e-06
1 -9.34465407016e-10 -2.96545293429e-10 -5.52659866805e-10 9.34466193156e-10 0.999999999996 2.65100747451e-06 3.14999451942 2.96542816153e-10 -2.65100747451e-06 0.999999999996 -4.02462968482e-06
1 -8.29055106382e-10 -2.55946932567e-10 -5.75749924026e-10 8.29055477759e-10 0.999999999999 1.45099320264e-06 3.24999547123 2.55945729614e-10 -1.45099320264e-06 0.999999999999 -3.52662478318e-06
1 -7.30523467297e-10 -2.14158346305e-10 -6.1668400581e-10 7.30523593484e-10 1 5.89219839081e-07 3.34999623368 2.14157915866e-10 -5.89219839081e-07 1 -3.10401311605e-06
1 -6.26345233178e-10 -1.74277274388e-10 -6.37948780084e-10 6.2634523166e-10 1 -8.71367256288e-09 3.44999685145 1.74277279846e-10 8.71367256277e-09 1 -2.75004082062e-06
1 -5.22097783578e-10 -1.38124660449e-10 -6.43622587705e-10 5.22097727714e-10 1 -4.04442627418e-07 3.54999735766 1.38124871608e-10 4.04442627418e-07 1 -2.45718110436e-06
1 -4.09637294406e-10 -1.07561200911e-10 -6.0485990227e-10 4.09637224723e-10 1 -6.47847008475e-07 3.64999777696 1.07561466294e-10 6.47847008475e-07 1 -2.21868995863e-06
1 -3.37005634929e-10 -7.95578873324e-11 -6.3719843962e-10 3.37005572956e-10 1 -7.78966248208e-07 3.7499981273 7.95581498484e-11 7.78966248208e-07 1 -2.02782637094e-06
1 -2.34527245844e-10 -5.80566540394e-11 -5.70740338149e-10 2.34527197706e-10 1 -8.29148349029e-07 3.84999842225 5.80568484973e-11 8.29148349029e-07 1 -1.87901299132e-06
1 -1.52326256553e-10 -4.11654249263e-11 -5.17621492374e-10 1.52326222675e-10 1 -8.22959553025e-07 3.94999867199 4.11655502846e-11 8.22959553025e-07 1 -1.76660018048e-06
1 -8.75206194004e-11 -2.74664894947e-11 -4.7548497028e-10 8.75205979965e-11 1 -7.79272452398e-07 4.04999888406 2.74665576971e-11 7.79272452398e-07 1 -1.68529086663e-06
1 -6.48829005551e-11 -1.39241931857e-11 -5.1454593501e-10 6.48828906388e-11 1 -7.12161794374e-07 4.14999906477 1.39242393929e-11 7.12161794374e-07 1 -1.63077491943e-06
1 -1.83447077805e-11 -4.25600876003e-12 -4.7847810195e-10 1.83447050907e-11 1 -6.31985302233e-07 4.2499992188 4.25602035362e-12 6.31985302233e-07 1 -1.59931744062e-06
1 -5.49545958806e-12 4.20421964758e-12 -5.05868999516e-10 5.4954618853e-12 1 -5.46410869208e-07 4.34999934961 -4.2042166448e-12 5.46410869208e-07 1 -1.58704863222e-06
1 3.4368283869e-12 1.10115787515e-11 -5.3332998344e-10 -3.43682331514e-12 1 -4.60583915178e-07 4.44999946087 -1.10115803344e-11 4.60583915178e-07 1 -1.59132017226e-06
1 1.51851339242e-11 1.5362989208e-11 -5.44473416724e-10 -1.51851281158e-11 1 -3.7807655638e-07 4.5499995552 -1.53629949491e-11 3.7807655638e-07 1 -1.60949291528e-06
1 3.99247202035e-11 1.62257516283e-11 -5.10772811313e-10 -3.99247153197e-11 1 -3.00990870966e-07 4.64999963471 -1.62257636452e-11 3.00990870966e-07 1 -1.63973571067e-06
1 2.53214287037e-11 1.77620321291e-11 -5.6409827107e-10 -2.53214246024e-11 1 -2.30905923425e-07 4.74999970153 -1.77620379759e-11 2.30905923425e-07 1 -1.67938923709e-06
1 5.05061240856e-11 1.60403140391e-11 -5.14538320358e-10 -5.05061213889e-11 1 -1.68123312039e-07 4.84999975765 -1.60403225304e-11 1.68123312039e-07 1 -1.72762693442e-06
1 5.32924611958e-11 1.39019711734e-11 -5.0736014236e-10 -5.3292459626e-11 1 -1.12920486023e-07 4.94999980429 -1.39019771912e-11 1.12920486023e-07 1 -1.78260909929e-06
1 5.37003207406e-11 1.18067355572e-11 -5.006315935e-10 -5.37003199735e-11 1 -6.49792613195e-08 5.049999843 -1.18067390467e-11 6.49792613195e-08 1 -1.84340963678e-06
1 6.45480467647e-11 8.83723434293e-12 -4.61903291634e-10 -6.4548046555e-11 1 -2.3737683935e-08 5.14999987494 -8.83723587515e-12 2.3737683935e-08 1 -1.90938353581e-06
1 4.15245129456e-11 8.24252632204e-12 -5.03620860617e-10 -4.15245130385e-11 1 1.1273891654e-08 5.24999990108 -8.24252585389e-12 -1.1273891654e-08 1 -1.97945939033e-06
1 5.00758509364e-11 6.47843447842e-12 -4.69623332158e-10 -5.00758512002e-11 1 4.0722890325e-08 5.34999992257 -6.47843243919e-12 -4.0722890325e-08 1 -2.05307179072e-06
1 4.44440144748e-11 5.08712489053e-12 -4.66117538544e-10 -4.44440148072e-11 1 6.53488823051e-08 5.44999993992 -5.08712198617e-12 -6.53488823051e-08 1 -2.12989411641e-06
1 3.61466234253e-11 4.29660872008e-12 -4.69898476538e-10 -3.61466237939e-11 1 8.57896569218e-08 5.54999995378 -4.29660561907e-12 -8.57896569218e-08 1 -2.20948251607e-06
1 3.87754850532e-11 2.97758682169e-12 -4.46755504297e-10 -3.87754853591e-11 1 1.02725871954e-07 5.64999996483 -2.97758283845e-12 -1.02725871954e-07 1 -2.29171377414e-06
1 8.50250883867e-12 4.156844957e-12 -5.07776040958e-10 -8.50250932335e-12 1 1.16598598704e-07 5.74999997349 -4.15684396562e-12 -1.16598598704e-07 1 -2.37602076768e-06
1 1.71081251184e-11 3.59738878913e-12 -4.79578039249e-10 -1.7108125579e-11 1 1.28028690625e-07 5.84999998048 -3.5973865988e-12 -1.28028690625e-07 1 -2.46254584435e-06
1 1.01810945417e-11 3.16778575861e-12 -4.87699804307e-10 -1.01810949769e-11 1 1.37390392925e-07 5.94999998584 -3.16778435982e-12 -1.37390392925e-07 1 -2.55094564087e-06
1 -5.37271165717e-14 3.28342686629e-12 -5.07584555498e-10 5.37266402645e-14 1 1.45064046263e-07 6.04999998984 -3.28342687408e-12 -1.45064046263e-07 1 -2.64107112953e-06
1 4.74640825792e-13 2.8576601567e-12 -5.03930498384e-10 -4.74641258594e-13 1 1.51453362758e-07 6.14999999282 -2.85766008481e-12 -1.51453362758e-07 1 -2.73303734605e-06
1 2.00102835374e-11 5.45276615302e-13 -4.49838690798e-10 -2.00102836229e-11 1 1.56829309164e-07 6.24999999525 -5.45273477104e-13 -1.56829309164e-07 1 -2.82680690119e-06
1 4.70673522613e-12 2.33911844739e-13 -4.78448048067e-10 -4.70673526386e-12 1 1.61279562512e-07 6.34999999688 -2.33911085639e-13 -1.61279562512e-07 1 -2.92191482485e-06
1 -1.33337584961e-11 1.58743254336e-12 -5.21778946293e-10 1.33337582339e-11 1 1.65174691167e-07 6.44999999807 -1.58743474576e-12 -1.65174691167e-07 1 -3.0188019826e-06
1 -3.19693241321e-11 3.84199493212e-12 -5.758949599e-10 3.19693234846e-11 1 1.68527446397e-07 6.54999999883 -3.84200031983e-12 -1.68527446397e-07 1 -3.11706401426e-06
1 -3.7554908957e-11 5.33452520846e-12 -6.05423181885e-10 3.7554908042e-11 1 1.71523821719e-07 6.64999999944 -5.33453165003e-12 -1.71523821719e-07 1 -3.21684795318e-06
1 -2.83662625098e-11 4.97768988082e-12 -5.99742126661e-10 2.83662616422e-11 1 1.74303976231e-07 6.74999999969 -4.97769482518e-12 -1.74303976231e-07 1 -3.31823300161e-06
1 1.88934575425e-12 1.8033790838e-12 -5.34917693282e-10 -1.88934607341e-12 1 1.76975944124e-07 6.84999999984 -1.80337874943e-12 -1.76975944124e-07 1 -3.42131740609e-06
1 1.02192581821e-11 -9.08953614422e-13 -5.13986917896e-10 -1.02192580189e-11 1 1.79525787835e-07 6.95000000008 9.08955449043e-13 -1.79525787835e-07 1 -3.52593740377e-06
1 4.18123973763e-12 -1.72198446879e-12 -5.27099206454e-10 -4.18123942425e-12 1 1.81984848572e-07 7.04999999993 1.72198522971e-12 -1.81984848572e-07 1 -3.63200983405e-06
1 7.77594920645e-12 -2.11078897364e-12 -5.17527441324e-10 -7.77594881709e-12 1 1.84460948138e-07 7.14999999996 2.110790408e-12 -1.84460948138e-07 1 -3.73977131477e-06
1 2.33441829571e-11 -3.32153433228e-12 -4.74247633824e-10 -2.33441823361e-11 1 1.86964589217e-07 7.25 3.32153869681e-12 -1.86964589217e-07 1 -3.84920403506e-06
1 -1.50491863149e-13 -1.70780642002e-12 -5.26292071579e-10 1.50492186561e-13 1 1.89373067581e-07 7.34999999967 1.70780639152e-12 -1.89373067581e-07 1 -3.95989242613e-06
1 1.09568129208e-11 -1.32305977249e-12 -4.9773114843e-10 -1.0956812667e-11 1 1.91780175295e-07 7.44999999952 1.32306187379e-12 -1.91780175295e-07 1 -4.07207116267e-06
1 1.59364821272e-11 -1.42471210419e-12 -4.79620723736e-10 -1.59364818504e-11 1 1.94298923403e-07 7.54999999951 1.42471520063e-12 -1.94298923403e-07 1 -4.18604968012e-06
1 1.67058545059e-11 -1.40859645291e-12 -4.69740383916e-10 -1.67058542287e-11 1 1.9678242085e-07 7.64999999953 1.40859974033e-12 -1.9678242085e-07 1 -4.30143278179e-06
1 2.6965171675e-11 -2.11538405047e-12 -4.3381065266e-10 -2.69651712532e-11 1 1.99393861947e-07 7.74999999937 2.11538942716e-12 -1.99393861947e-07 1 -4.41862687062e-06
1 9.14193738181e-12 -8.8921864329e-13 -4.66602982876e-10 -9.14193720214e-12 1 2.02052064471e-07 7.84999999923 8.89220490438e-13 -2.02052064471e-07 1 -4.53744835462e-06
1 -1.92479855338e-11 2.37372657737e-12 -5.35627354081e-10 1.92479850478e-11 1 2.04728460276e-07 7.94999999905 -2.37373051798e-12 -2.04728460276e-07 1 -4.65783268759e-06
1 -6.91670906615e-12 3.11472485091e-12 -5.10813954785e-10 6.91670842028e-12 1 2.07360884596e-07 8.04999999886 -3.11472628516e-12 -2.07360884596e-07 1 -4.77961637316e-06
1 3.11876104348e-12 2.28980957254e-12 -4.86440780544e-10 -3.11876152456e-12 1 2.10097841221e-07 8.14999999857 -2.2898089173e-12 -2.10097841221e-07 1 -4.90319438797e-06
1 1.72088619141e-11 3.70706383405e-13 -4.466396137e-10 -1.7208861993e-11 1 2.12786327093e-07 8.24999999852 -3.70702721594e-13 -2.12786327093e-07 1 -5.02820896708e-06
1 -6.53704673005e-12 1.18719105362e-12 -5.00118487888e-10 6.53704647437e-12 1 2.15362875993e-07 8.34999999851 -1.18719246145e-12 -2.15362875993e-07 1 -5.15446510433e-06
1 5.14052405423e-12 7.59802313104e-13 -4.7145199536e-10 -5.14052421992e-12 1 2.18070439352e-07 8.44999999842 -7.59801192107e-13 -2.18070439352e-07 1 -5.28258489981e-06
1 -1.0241273839e-12 9.25396544004e-13 -4.84488200298e-10 1.02412717962e-12 1 2.20745320763e-07 8.5499999983 -9.25396770075e-13 -2.20745320763e-07 1 -5.41214679667e-06
1 -5.8522441481e-12 1.4329531915e-12 -4.97121142621e-10 5.85224382789e-12 1 2.23462957958e-07 8.64999999822 -1.43295449926e-12 -2.23462957958e-07 1 -5.54335800693e-06
1 -3.40806948882e-12 1.46991054869e-12 -4.93091880652e-10 3.40806915641e-12 1 2.26141971857e-07 8.74999999832 -1.4699113194e-12 -2.26141971857e-07 1 -5.67602275089e-06
1 9.61222992851e-12 3.08751037485e-13 -4.60106628711e-10 -9.61222999917e-12 1 2.28884782117e-07 8.84999999812 -3.08748837392e-13 -2.28884782117e-07 1 -5.81037344564e-06
1 -1.10083342704e-11 1.34541821758e-12 -5.09925515504e-10 1.10083339589e-11 1 2.31526030974e-07 8.94999999781 -1.34542076629e-12 -2.31526030974e-07 1 -5.94596658605e-06
1 -2.71547773148e-11 3.38313714854e-12 -5.58156197526e-10 2.71547765222e-11 1 2.34290417186e-07 9.04999999783 -3.38314351064e-12 -2.34290417186e-07 1 -6.08344665354e-06
1 8.59266411559e-14 2.1175782777e-12 -4.99943291133e-10 -8.5927143121e-14 1 2.37046779295e-07 9.14999999782 -2.11757825733e-12 -2.37046779295e-07 1 -6.22247512291e-06
1 -1.98416773348e-11 2.79231325904e-12 -5.53789013182e-10 1.9841676665e-11 1 2.39844922689e-07 9.24999999769 -2.79231801796e-12 -2.39844922689e-07 1 -6.36317213441e-06
1 -1.65792273264e-11 2.89851297678e-12 -5.56368116738e-10 1.6579226623e-11 1 2.42663483608e-07 9.34999999769 -2.89851699995e-12 -2.42663483608e-07 1 -6.50551269502e-06
1 7.28997897118e-12 7.89058718363e-13 -5.03295804349e-10 -7.28997916487e-12 1 2.4547352227e-07 9.44999999773 -7.89056928867e-13 -2.4547352227e-07 1 -6.64942846655e-06
1 9.31076866153e-12 -6.61551980229e-13 -4.96578193217e-10 -9.31076849725e-12 1 2.48328586816e-07 9.5499999976 6.61554292359e-13 -2.48328586816e-07 1 -6.79504549693e-06
1 3.50055864846e-12 -7.93857429441e-13 -5.09425663309e-10 -3.50055844914e-12 1 2.51066427754e-07 9.64999999774 7.93858308313e-13 -2.51066427754e-07 1 -6.94196368473e-06
1 -7.97130552362e-13 -2.65453345401e-13 -5.20882728677e-10 7.97130619729e-13 1 2.53781424277e-07 9.74999999776 2.65453143104e-13 -2.53781424277e-07 1 -7.09038677081e-06
1 2.23396555264e-12 -6.31382195724e-14 -5.14873984756e-10 -2.23396553645e-12 1 2.56471617229e-07 9.84999999763 6.31387925211e-14 -2.56471617229e-07 1 -7.24028086677e-06
0.995166504925 0.0978571631686 -0.0082221099516 0.259684558203 -0.0978571614235 0.995200388444 0.000403483020848 9.94999999408 0.00822213072147 0.00040305955312 0.999966116481 -7.37371720921e-06
0.98806694223 0.153020190616 -0.017565276433 0.456958628054 -0.153016292444 0.988222413138 0.00157366399986 10.0493685087 0.0175992022293 0.00113288809908 0.99984448023 -0.000227882197665
0.983702556889 0.178208357976 -0.0238968767412 0.604695861479 -0.178192430508 0.983991642915 0.00281147354321 10.1484323137 0.0240153550888 0.001492588835 0.999710475537 -0.000406923264599
0.982777750295 0.182945822156 -0.0260522490749 0.714000526002 -0.182934857149 0.98312098119 0.00282389526564 10.2477408353 0.0261291325137 0.00199060302669 0.999656594003 -0.000356426218467
0.984416785034 0.174128055385 -0.0245563366892 0.794058654563 -0.174140338728 0.984719456154 0.00165381364951 10.3474930165 0.0244690778645 0.00264820687309 0.999697079734 -0.000152126423909
0.998105984709 0.0603034018431 -0.0121631827639 0.592826079696 -0.0603301492509 0.998176774457 -0.00184391582311 10.4504680833 0.0120298121416 0.00257423004986 0.999924325616 0.000211737079887
0.999849009851 -0.0171807868146 0.00260347144465 0.437692603154 0.0171836497342 0.999851765495 -0.00108130366096 10.551879844 -0.00258450787266 0.00112587753616 0.999996026352 -0.000212006930998
0.997677551497 -0.0665281085821 0.0146121185132 0.320162370725 0.066495894183 0.99778309932 0.00268006859382 10.6517918084 -0.0147580247921 -0.00170219838608 0.999889645523 -0.000920105694599
0.995247584149 -0.0949028890898 0.0218102702199 0.232479415575 0.0947955837887 0.995479247902 0.0059045990605 10.7510914602 -0.0222720349048 -0.00380902065225 0.99974469132 -0.00133393384375
0.993840592354 -0.10809579183 0.0244167315267 0.167871923095 0.107958727011 0.994131656214 0.00686755958911 10.8504389347 -0.0250158000437 -0.00418926023666 0.999678278171 -0.00132009660913
0.993582066944 -0.110628446451 0.0235801417284 0.12070204765 0.110518282511 0.993856406227 0.00592899927234 10.9500583148 -0.024091190895 -0.00328491058673 0.999704368243 -0.00104214082354
0.994160007889 -0.105950044793 0.020505285225 0.086491751547 0.105885230543 0.994369384962 0.00422423997722 11.0499087265 -0.0208373862725 -0.00202836359567 0.999780820517 -0.000712044212025
0.995184006389 -0.0966723881138 0.0162247589691 0.0617950676745 0.0966414989533 0.995315650156 0.0026790361533 11.1498768967 -0.0164077453448 -0.00109814890537 0.999864780839 -0.000463094340757
0.996334027555 -0.0847604187106 0.0115834777265 0.0440139753452 0.08474637303 0.996401106881 0.0016989596568 11.2498771864 -0.0116857945601 -0.000711073593117 0.999931465941 -0.00033230712975
0.997402311099 -0.0716700099796 0.00721383970169 0.0312241224678 0.0716626850942 0.997428117133 0.00126914053007 11.3498729823 -0.00728624586542 -0.000748880574937 0.99997317454 -0.000294201892235
0.998284089582 -0.0584513436449 0.00350954615904 0.0220251053392 0.0584475286727 0.998289784564 0.00118001166458 11.4498612629 -0.00357251734633 -0.000972862570508 0.999993145306 -0.000302467883426
0.998948992715 -0.0458312004803 0.000641105705315 0.0154128830688 0.045830400447 0.99894850062 0.00121140575691 11.5498511217 -0.000695951763171 -0.00118075042943 0.999999060739 -0.000318014737235
0.99941125669 -0.034281366645 -0.00138848890226 0.0106733050166 0.034283068316 0.999411417133 0.00122087327548 11.6498499571 0.0013458184571 -0.0012677561544 0.999998290782 -0.000319454431672
0.999706532951 -0.0240766311108 -0.00267652927191 0.00729783107641 0.0240797884451 0.999709374112 0.00115373374358 11.7498590467 0.00264797338147 -0.00121784541938 0.999995752536 -0.000301513228843
0.999876617535 -0.0153435912393 -0.00336510243578 0.00492098733779 0.0153470860683 0.999881711166 0.00101519738534 11.8498749586 0.00334912760802 -0.0010667166445 0.999993822711 -0.000268616594465
0.999960691609 -0.00810071868481 -0.00360466277288 0.00327645490941 0.00810378418456 0.999966813812 0.000836634436598 11.9498927598 0.00359776580765 -0.000865812959014 0.999993153201 -0.000228594395552
0.99999113352 -0.00229038877529 -0.00353369510779 0.00216731389623 0.0022927043851 0.9999971596 0.000651382517836 12.0499085399 0.00353219315147 -0.000659478460635 0.999993544329 -0.000188557197756
0.999992245699 0.0021959789576 -0.0032689782076 0.00144613932216 -0.00219441159198 0.999997475643 0.000482976089126 12.1499204605 0.00327003056086 -0.000475798860311 0.999994540243 -0.000153099651087
0.999980672376 0.00549837552205 -0.00290219590522 0.00100162115908 -0.00549740362439 0.999984830421 0.000342754728626 12.249928587 0.00290403647434 -0.000326793561703 0.99999572988 -0.000124154058944
0.999966662885 0.00777312076081 -0.0025003425409 0.000749428010627 -0.00777256358149 0.999969766147 0.000232481258137 12.3499341113 0.0025020740508 -0.000213039436508 0.999996847115 -0.000101683420348
0.999955627383 0.00918138910936 -0.00210840183809 0.000625839022634 -0.00918109641402 0.999957841825 0.000148460318954 12.4499385107 0.00210967602367 -0.000129096290826 0.999997766298 -8.45854354662e-05
0.999949647578 0.00988071148296 -0.00175323975992 0.000583189853501 -0.00988057742496 0.999951182282 8.51082810354e-05 12.5499429543 0.00175399510112 -6.7780974435e-05 0.999998459452 -7.14442344767e-05
0.999948760772 0.0100189540665 -0.0014478913556 0.000586503478088 -0.0100189107046 0.999949808763 3.71985398828e-05 12.6499480463 0.00144819137461 -2.26903396565e-05 0.999998951113 -6.09969512449e-05
0.999951944281 0.00973034287948 -0.00119564019531 0.000610889928964 -0.00973034885511 0.999952659035 8.19190225231e-07 12.749953845 0.00119559156355 1.08148453471e-05 0.999999285222 -5.23317092181e-05
0.999957798391 0.00913314587378 -0.000993521187675 0.000639448782123 -0.00913317676224 0.999958291319 -2.65572350174e-05 12.8499600383 0.000993237198114 3.56301188834e-05 0.999999506105 -4.48989622326e-05
0.999964967368 0.00832866527478 -0.000835087327634 0.000661518723034 -0.00832870695188 0.99996531464 -4.64422396038e-05 12.9499661616 0.000834671560462 5.3395810241e-05 0.999999650236 -3.8427528078e-05
0.9999723567 0.00740123448563 -0.000712434649766 0.00067119163127 -0.00740127895086 0.999972608372 -5.97968058682e-05 13.0499717779 0.00071197256484 6.50680804644e-05 0.999999744431 -3.2816010716e-05
0.999979207593 0.00641895541365 -0.000617569975925 0.000666052446974 -0.00641899824862 0.999979395747 -6.7403412726e-05 13.1499765872 0.000617124591856 7.13661918407e-05 0.999999807032 -2.80390842061e-05
0.999985082983 0.00543495137966 -0.000543245025051 0.000646127114897 -0.00543499023806 0.999985227876 -7.00794854547e-05 13.2499804624 0.000542856121572 7.30309714858e-05 0.999999849987 -2.40838061391e-05
0.999989807795 0.00448894683456 -0.000483386278192 0.000613025746425 -0.00448898057848 0.999989922113 -6.87450393419e-05 13.3499834326 0.000483072813853 7.09142502931e-05 0.999999880806 -2.09171697155e-05
0.999993393619 0.00360901978036 -0.000433238349508 0.000569267587272 -0.00360904800857 0.999993485292 -6.43921939028e-05 13.4499856349 0.000433003134385 6.59553465059e-05 0.999999904079 -1.84775791114e-05
0.999995966584 0.00281340457773 -0.000389319549029 0.000517769991846 -0.00281342737032 0.999996040623 -5.80093933094e-05 13.5499872599 0.000389154803673 5.91044816085e-05 0.999999922533 -1.66795415164e-05
0.999997708199 0.00211225224611 -0.000349267464369 0.000461480063902 -0.00211227001065 0.99999776788 -5.05012226095e-05 13.6499885036 0.000349160013441 5.12388540615e-05 0.999999937731 -1.54228612851e-05
0.999998812476 0.00150928200243 -0.00031163253908 0.00040312695677 -0.00150929535813 0.999998860105 -4.26264804315e-05 13.7499895345 0.000311567848472 4.30967753562e-05 0.999999950534 -1.46056751934e-05
0.999999458721 0.00100327947797 -0.000275660062187 0.000345070676109 -0.00100328915435 0.999999496094 -3.4966514775e-05 13.8499904763 0.000275624842094 3.52430625991e-05 0.999999961394 -1.41315083568e-05
0.999999797233 0.0005894165494 -0.000241086384422 0.000289226696861 -0.000589423297548 0.9999998259 -2.79204875472e-05 13.9499914044 0.000241069885651 2.80625838175e-05 0.999999970549 -1.3915826107e-05
0.999999944476 0.000260381902547 -0.00020796373984 0.000237046454311 -0.000260386425541 0.999999965864 -2.17221747998e-05 14.0499923516 0.000207958076679 2.17763245286e-05 0.99999997814 -1.38889056019e-05
0.999999984394 7.3229266594e-06 -0.000176519647567 0.000189536918147 -7.32583407436e-06 0.999999999838 -1.64701315392e-05 14.1499933191 0.000176519526929 1.64714244358e-05 0.999999984285 -1.39949458318e-05
0.999999973097 -0.000179392267706 -0.000147051195571 0.000147305279 0.000179390481177 0.999999983836 -1.21621269567e-05 14.2499942882 0.000147053374986 1.21357470447e-05 0.999999989114 -1.41914380063e-05
0.999999944899 -0.00030957816111 -0.000119851077998 0.000110618032981 0.000309577117181 0.999999952043 -8.72866955438e-06 14.3499952306 0.000119853774456 8.6915659222e-06 0.99999999278 -1.44476060947e-05
0.999999918333 -0.000392782926779 -9.51604632038e-05 7.94652609948e-05 0.000392782351632 0.999999922843 -6.06258801447e-06 14.4499961175 9.51628371425e-05 6.02521016883e-06 0.999999995454 -1.47406900262e-05
0.999999901417 -0.000437967422206 -7.31432244907e-05 5.36247682532e-05 0.000437967127802 0.999999904084 -4.04101268349e-06 14.5499969258 7.3144987307e-05 4.00897795717e-06 0.999999997317 -1.50554653746e-05
0.999999895812 -0.000453292383994 -5.38762039686e-05 3.27213149604e-05 0.000453292247708 0.99999989726 -2.54179587332e-06 14.6499976378 5.38773506101e-05 2.5173739429e-06 0.999999998545 -1.53807783174e-05
0.999999899847 -0.00044599394089 -3.73508179937e-05 1.62797814559e-05 0.000445993886937 0.999999900544 -1.45280239717e-06 14.7499982461 3.735146222e-05 1.43614401517e-06 0.999999999301 -1.57100805287e-05
0.999999910543 -0.000422330265729 -2.34819953117e-05 3.76890023198e-06 0.000422330249933 0.999999910818 -6.77607516009e-07 14.8499987499 2.34822793917e-05 6.67690298443e-07 0.999999999724 -1.60387987237e-05
0.999999924817 -0.000387582076842 -1.21213578713e-05 -5.36238213738e-06 0.00038758207521 0.99999992489 -1.36977239999e-07 14.9499991545 1.21214100508e-05 1.32279208663e-07 0.999999999927 -1.63640090497e-05
0.999999940105 -0.000346093402827 -3.07223746209e-06 -1.16572513212e-05 0.000346093403541 0.99999994011 2.31710195537e-07 15.0499994695 3.07215708473e-06 -2.32773462779e-07 0.999999999995 -1.66838271663e-05
0.999999954589 -0.000301340127033 3.8951796141e-06 -1.56307520314e-05 0.000301340125179 0.999999954597 4.76526168237e-07 15.1499997066 -3.8953230337e-06 -4.75352372685e-07 0.999999999992 -1.69974337932e-05
0.999999967187 -0.000256015999435 9.02971641772e-06 -1.77555160242e-05 0.000256015993727 0.999999967228 6.33366056711e-07 15.2499998785 -9.02987827364e-06 -6.31054284106e-07 0.999999999959 -1.7304643316e-05
0.999999977422 -0.000212128441617 1.25868211497e-05 -1.84537780878e-05 0.000212128432466 0.9999999775 7.28323771854e-07 15.3499999979 -1.25869753647e-05 -7.25653732769e-07 0.999999999921 -1.76053354143e-05
0.999999985253 -0.000171096978364 1.48182597637e-05 -1.80928748066e-05 0.000171096966822 0.999999985363 7.80192262954e-07 15.450000076 -1.48183930353e-05 -7.7765689215e-07 0.99999999989 -1.7899806011e-05
0.999999990915 -0.000133850040667 1.5964022387e-05 -1.69846639565e-05 0.000133850027876 0.999999991042 8.02270386239e-07 15.5500001233 -1.59641296279e-05 -8.00133594108e-07 0.999999999872 -1.81884186594e-05
0.999999994776 -0.000100916418474 1.62463766744e-05 -1.53875015766e-05 0.000100916405426 0.999999994908 8.03981357376e-07 15.6500001479 -1.62464577266e-05 -8.02341827241e-07 0.999999999868 -1.84716781819e-05
0.999999997245 -7.25088202948e-05 1.58658671918e-05 -1.35095132604e-05 7.25088077387e-05 0.999999997371 7.91962805129e-07 15.7500001564 -1.58659245744e-05 -7.90812387834e-07 0.999999999874 -1.87499659672e-05
0.999999998707 -4.85986372588e-05 1.49990427741e-05 -1.15137773711e-05 4.8598625699e-05 0.999999998819 7.71066054132e-07 15.8500001542 -1.49990802292e-05 -7.70337120269e-07 0.999999999887 -1.90240537352e-05
0.999999999485 -2.89806189728e-05 1.37975972901e-05 -9.52338985276e-06 2.8980608699e-05 0.99999999958 7.44805976164e-07 15.9500001455 -1.37976188693e-05 -7.44406113012e-07 0.999999999905 -1.92947045556e-05
0.999999999834 -1.33279001576e-05 1.23886589854e-05 -7.62723922282e-06 1.33278912917e-05 0.999999999911 7.15731616224e-07 16.0500001329 -1.23886685234e-05 -7.15566501405e-07 0.999999999923 -1.95625432012e-05
0.99999999994 -1.23748449937e-06 1.08759504228e-05 -5.8856583423e-06 1.237477043e-06 0.999999999999 6.85589794661e-07 16.1500001185 -1.08759512712e-05 -6.85576335881e-07 0.999999999941 -1.98278023418e-05
0.999999999926 7.73333006808e-06 9.34155249411e-06 -4.33529475894e-06 -7.73333619527e-06 0.99999999997 6.55870595042e-07 16.2500001035 -9.34154742176e-06 -6.5594283636e-07 0.999999999956 -2.00913069688e-05
0.999999999871 1.40381750501e-05 7.84809376385e-06 -2.99446913657e-06 -1.40381799758e-05 0.999999999901 6.27574017242e-07 16.3500000889 -7.84808495309e-06 -6.27684190113e-07 0.999999999969 -2.03535857644e-05
0.999999999815 1.81203036135e-05 6.4411415827e-06 -1.86708836753e-06 -1.81203074873e-05 0.999999999836 6.01370680639e-07 16.4500000752 -6.44113068463e-06 -6.01487395993e-07 0.999999999979 -2.06150623397e-05
0.999999999779 2.03971505821e-05 5.15167189102e-06 -9.46505255847e-07 -2.03971535587e-05 0.999999999792 5.7773552717e-07 16.5500000627 -5.15166010579e-06 -5.77840606485e-07 0.999999999987 -2.08762798309e-05
0.999999999766 2.12500541198e-05 3.99849760692e-06 -2.1870962516e-07 -2.1250056347e-05 0.999999999774 5.56948647336e-07 16.6500000516 -3.99848577083e-06 -5.57033615505e-07 0.999999999992 -2.11377606449e-05
0.999999999775 2.10181203619e-05 2.99057295912e-06 3.34913557925e-07 -2.10181219737e-05 0.999999999779 5.38949695577e-07 16.750000042 -2.99056163074e-06 -5.39012551683e-07 0.999999999995 -2.13994707485e-05
0.999999999798 1.99956349983e-05 2.12909467472e-06 7.35886187796e-07 -1.99956361136e-05 0.9999999998 5.23800766172e-07 16.8500000335 -2.12908420057e-06 -5.23843338668e-07 0.999999999998 -2.16619523717e-05
0.999999999829 1.84316516257e-05 1.40940220208e-06 1.00645652769e-06 -1.84316523464e-05 0.99999999983 5.11344329824e-07 16.9500000261 -1.40939277692e-06 -5.11370307348e-07 0.999999999999 -2.19253859143e-05
0.999999999863 1.65318649842e-05 8.22617056036e-07 1.16874793319e-06 -1.65318653965e-05 0.999999999863 5.01267717582e-07 17.05000002 -8.22608769034e-07 -5.01281316908e-07 1 -2.21896796679e-05
0.999999999895 1.44615408375e-05 3.5704526989e-07 1.24362538146e-06 -1.44615410137e-05 0.999999999895 4.9337631974e-07 17.1500000148 -3.57038134871e-07 -4.93381483113e-07 1 -2.24550776222e-05
0.999999999924 1.23495414983e-05 -6.73824921286e-10 1.25044995113e-06 -1.23495414979e-05 0.999999999924 4.87492822179e-07 17.2500000104 6.79845234072e-10 -4.8749281382e-07 1 -2.27218974386e-05
0.999999999947 1.02924601325e-05 -2.64622801506e-07 1.20618939649e-06 -1.02924600046e-05 0.999999999947 4.83240696407e-07 17.3500000067 2.64627775228e-07 -4.83237972761e-07 1 -2.29899053021e-05
0.999999999965 8.35936825184e-06 -4.48891134262e-07 1.12579320802e-06 -8.35936803619e-06 0.999999999965 4.80412238955e-07 17.4500000037 4.48895150189e-07 -4.80408486492e-07 1 -2.32592755812e-05
0.999999999978 6.59601181861e-06 -5.67017417371e-07 1.02152829439e-06 -6.59601154712e-06 0.999999999978 4.78802405755e-07 17.5500000013 5.67020575545e-07 -4.78798665691e-07 1 -2.35301309752e-05
0.999999999987 5.02934409184e-06 -6.31620670314e-07 9.03788644533e-07 -5.02934378981e-06 0.999999999987 4.78195934493e-07 17.6499999992 6.31623075317e-07 -4.7819275785e-07 1 -2.38024756189e-05
0.999999999993 3.67120764966e-06 -6.54142040935e-07 7.80776986408e-07 -3.67120733662e-06 0.999999999993 4.78550987993e-07 17.7499999977 6.54143797791e-07 -4.78548586498e-07 1 -2.40767516783e-05
0.999999999997 2.5217952329e-06 -6.44696039246e-07 6.58633385614e-07 -2.5217949238e-06 0.999999999997 4.79451349527e-07 17.8499999964 6.44697248322e-07 -4.79449723734e-07 1 -2.43523105432e-05
0.999999999999 1.57284263645e-06 -6.12025990506e-07 5.4204582273e-07 -1.57284234209e-06 0.999999999999 4.80960933675e-07 17.9499999955 6.12026746981e-07 -4.80959971054e-07 1 -2.46297017415e-05
1 8.10097290235e-07 -5.63513633863e-07 4.34223139759e-07 -8.10097018163e-07 1 4.82814205232e-07 18.0499999948 5.63514024989e-07 -4.82813748731e-07 1 -2.49085358306e-05
1 2.15506736602e-07 -5.05242647625e-07 3.37225556444e-07 -2.15506491547e-07 1 4.85024523451e-07 18.1499999942 5.05242752151e-07 -4.85024414568e-07 1 -2.51890941375e-05
1 -2.31067597989e-07 -4.42094805579e-07 2.52131298757e-07 2.31067813469e-07 1 4.87404828528e-07 18.2499999939 4.42094692956e-07 -4.87404930682e-07 1 -2.54711086243e-05
1 -5.50515099482e-07 -3.77866166554e-07 1.79158147828e-07 5.50515284643e-07 1 4.90017482118e-07 18.3499999936 3.77865896792e-07 -4.90017690139e-07 1 -2.5754869305e-05
1 -7.63299479908e-07 -3.15408511596e-07 1.18201948973e-07 7.63299635314e-07 1 4.92711557629e-07 18.4499999936 3.15408135509e-07 -4.9271179838e-07 1 -2.6040148964e-05
1 -8.88921320041e-07 -2.56752453244e-07 6.84848309619e-08 8.88921447264e-07 0.999999999999 4.95508990665e-07 18.5499999937 2.56752012775e-07 -4.95509218898e-07 1 -2.63270925155e-05
1 -9.4528744279e-07 -2.03242241342e-07 2.89599393558e-08 9.45287544077e-07 0.999999999999 4.98353910559e-07 18.6499999935 2.03241770254e-07 -4.98354102682e-07 1 -2.66155835293e-05
1 -9.48305794526e-07 -1.55671262297e-07 -1.32096518798e-09 9.48305872556e-07 0.999999999999 5.01252524322e-07 18.7499999932 1.55670786956e-07 -5.01252671946e-07 1 -2.69056933386e-05
1 -9.11908730028e-07 -1.14387769303e-07 -2.3528728814e-08 9.11908787698e-07 0.999999999999 5.04163215222e-07 18.8499999933 1.14387309552e-07 -5.04163319533e-07 1 -2.71973987605e-05
1 -8.48006187485e-07 -7.93927049935e-08 -3.89715978154e-08 8.48006227746e-07 1 5.07121428341e-07 18.9499999933 7.93922749513e-08 -5.07121495666e-07 1 -2.74908233654e-05
1 -7.66449129554e-07 -5.04355235592e-08 -4.88039161993e-08 7.66449155274e-07 1 5.09959630347e-07 19.0499999934 5.0435132701e-08 -5.09959669003e-07 1 -2.77855290571e-05
1 -6.75198068242e-07 -2.70911443711e-08 -5.40720015311e-08 6.75198082135e-07 1 5.12800326303e-07 19.1499999934 2.70907981293e-08 -5.12800344595e-07 1 -2.80818256676e-05
1 -5.80511168296e-07 -8.82177076077e-09 -5.5730535961e-08 5.80511172846e-07 1 5.15727533187e-07 19.2499999934 8.82147137518e-09 -5.15727538309e-07 1 -2.83799502343e-05
1 -4.87189651135e-07 4.97701507472e-09 -5.47645043429e-08 4.87189648554e-07 1 5.18553756919e-07 19.3499999935 -4.97726770874e-09 -5.18553754494e-07 1 -2.86794255119e-05
1 -3.98662215667e-07 1.49285400493e-08 -5.18913496993e-08 3.98662207883e-07 1 5.2136965901e-07 19.4499999933 -1.49287478997e-08 -5.21369653058e-07 1 -2.89804445012e-05
1 -3.17208298518e-07 2.16412277277e-08 -4.75801683239e-08 3.17208287172e-07 1 5.24275856032e-07 19.5499999932 -2.16413940323e-08 -5.24275849168e-07 1 -2.92833033976e-05
1 -2.4436312422e-07 2.57028569196e-08 -4.25888401581e-08 2.44363110671e-07 1 5.27149798912e-07 19.6499999931 -2.57029857356e-08 -5.27149792632e-07 1 -2.95876994539e-05
1 -1.80764539719e-07 2.7647034243e-08 -3.71682721123e-08 1.80764525066e-07 1 5.30012264971e-07 19.7499999932 -2.76471300504e-08 -5.30012259973e-07 1 -2.98937018676e-05
1 -1.26553207259e-07 2.79518503339e-08 -3.16184937216e-08 1.26553192362e-07 1 5.32971580159e-07 19.8499999932 -2.79519177832e-08 -5.32971576622e-07 1 -3.02016052147e-05
