0.999999999999 -9.999995e-07 1.0000005e-06 9.98727789704e-07 1.0000005e-06 0.999999999999 -9.999995e-07 9.99819357029e-07 -9.999995e-07 1.0000005e-06 0.999999999999 1.00028908918e-06
1 9.26461812745e-08 -1.86201576326e-08 -4.72040873837e-10 -9.2646180825e-08 1 2.41397549224e-08 1.34983723366e-07 1.86201598691e-08 -2.41397531974e-08 1 3.45585984891e-13
0.999819675319 0.0189899142728 6.62136390486e-07 0.00296861967707 -0.0189899142725 0.999819675319 -5.00597546552e-07 0.382715713195 -6.71523295447e-07 4.87933363167e-07 1 5.05180199635e-08
0.99940085068 0.0346110830657 0.000112197200748 0.0113937775161 -0.0346111080203 0.999400829952 0.000228678061482 0.709838979386 -0.000104215180165 -0.000232424318612 0.999999967559 2.3235553084e-05
0.998764508085 0.0496934486149 0.000136211488456 0.0238290250021 -0.0496934920914 0.998764458382 0.00033692255134 1.02312364972 -0.000119300350001 -0.000343275110776 0.999999933965 -5.90076755179e-06
0.997892158602 0.0648939643972 0.000114828150396 0.0406782049955 -0.0648940063932 0.997892078053 0.00041047991239 1.33062163456 -8.79484327974e-05 -0.000417066344564 0.99999990916 -3.43201044907e-05
0.996777085503 0.0802211716025 7.37801077196e-05 0.0621174376535 -0.0802211979397 0.996776969713 0.000481717366793 1.63499992666 -3.48983806524e-05 -0.000486083561533 0.999999881252 -6.06532575694e-05
0.995416336703 0.0956363724776 2.97345633747e-05 0.0882155807321 -0.0956363743651 0.995416185771 0.000548637986823 1.93737572327 2.28714812032e-05 -0.000548966920854 0.999999849056 -8.7502100132e-05
0.993808504902 0.111106505312 -7.86099319947e-06 0.118997223188 -0.111106480339 0.993808324247 0.000603890819849 2.23827995245 7.49085190622e-05 -0.000599278425512 0.999999817627 -0.000114938844153
0.991953126488 0.126605661894 -3.50371004141e-05 0.154467136587 -0.126605613511 0.991952925211 0.000642489846153 2.53798061054 0.000116098006479 -0.000632883918035 0.99999979299 -0.000141539125656
0.989850399927 0.142113275714 -5.12811443235e-05 0.194620505408 -0.142113211067 0.989850188753 0.000662619876433 2.83661287533 0.000144927731581 -0.0006486068216 0.999999779153 -0.000165582488178
0.987500975771 0.157612878587 -5.79136002066e-05 0.239447567863 -0.157612805996 0.987500765251 0.000664841458673 3.13423856246 0.000161977300628 -0.000647403664139 0.999999777316 -0.000185666786333
0.984905788867 0.173091258607 -5.70140185109e-05 0.288935843081 -0.173091185625 0.984905588081 0.000651172346436 3.43087602274 0.000168865666445 -0.000631474789493 0.999999786362 -0.000200910818302
0.982065933783 0.188537792293 -5.07926238262e-05 0.343071218332 -0.188537724641 0.982065749603 0.000624374757543 3.72651636766 0.000167599934543 -0.000603600853572 0.999999803788 -0.000210950674045
0.978982580167 0.203943879601 -4.12620646096e-05 0.401838469157 -0.203943820852 0.978982417013 0.000587466109521 4.02113285574 0.000160204953252 -0.000566703944547 0.99999982659 -0.000215852943769
0.975656920747 0.219302467137 -3.00931188797e-05 0.465221487084 -0.219302418903 0.975656780726 0.000543402816571 4.31468662162 0.000148530133811 -0.000523575224979 0.999999851904 -0.000216001494062
0.972090143763 0.234607655574 -1.85758806455e-05 0.533203356913 -0.234607617949 0.972090027048 0.00049488769578 4.60713034859 0.000134161870398 -0.000476717408227 0.999999877371 -0.000211986166282
0.968283422752 0.249854383921 -7.63688056618e-06 0.605766353261 -0.249854355986 0.968283328072 0.000444265935879 4.89841071389 0.000118396455837 -0.00042826723313 0.999999901285 -0.000204510160112
0.964237915765 0.265038189316 2.11570838896e-06 0.682891911516 -0.265038169602 0.964237840902 0.00039347959863 5.18847007707 0.000102247074265 -0.000379968691558 0.999999922585 -0.000194314835248
0.959954771701 0.280155021697 1.03366872648e-05 0.764560578885 -0.280155008544 0.959954713936 0.000344063712452 5.47724767575 8.64684251608e-05 -0.000333181477246 0.999999940757 -0.000182126124202
0.955435139199 0.295201108567 1.68865769407e-05 0.850751968194 -0.295201100369 0.955435095667 0.000297167345507 5.76468049514 7.15901015686e-05 -0.000288909060214 0.999999955703 -0.000168614985656
0.950680176175 0.310172858507 2.17785322408e-05 0.941444718396 -0.310172853857 0.950680144118 0.000253592928567 6.05070390787 5.79532253814e-05 -0.000247840879505 0.999999967608 -0.000154376121205
0.945691059731 0.325066791465 2.51312674418e-05 1.03661646013 -0.325066789218 0.94569103666 0.000213842891766 6.33525215622 4.57468083444e-05 -0.000210398651346 0.99999997682 -0.000139914952148
0.940468995345 0.339879490495 2.71295539703e-05 1.1362437891 -0.339879489772 0.94046897912 0.000178170064965 6.61825871794 3.50418469752e-05 -0.000176784200959 0.99999998376 -0.000125643873673
0.935015225125 0.354607569012 2.79926632087e-05 1.24030224565 -0.354607569177 0.935015213985 0.000146628156609 6.8996565846 2.58218881836e-05 -0.000147025969116 0.999999988858 -0.000111885883255
0.929331034837 0.369247649833 2.79501692103e-05 1.34876630311 -0.369247650452 0.929331027377 0.000119118865605 7.17937848161 1.80094017077e-05 -0.000121021392952 0.999999992515 -9.88825157784e-05
0.923417760647 0.383796350401 2.72240125618e-05 1.4616093556 -0.383796351194 0.923417755787 9.54326852859e-05 7.45735703687 1.14875797383e-05 -9.85727132253e-05 0.999999995076 -8.68004714599e-05
0.917276793204 0.398250278056 2.60169515075e-05 1.57880371945 -0.398250278859 0.917276790135 7.52858961171e-05 7.73352491671 6.11788329448e-06 -7.94192635567e-05 0.999999996828 -7.57444087772e-05
0.910909582584 0.412606024866 2.45053998568e-05 1.70032062765 -0.41260602559 0.910909580717 5.83499919955e-05 8.00781493323 1.75335473937e-06 -6.32626424928e-05 0.999999997997 -6.57664042386e-05
0.904317640994 0.426860168751 2.28362632385e-05 1.82613023291 -0.426860169358 0.904317639911 4.42758538127e-05 8.28016013119 -1.75163724614e-06 -4.97873268664e-05 0.999999998759 -5.68766889459e-05
0.897502544602 0.441009276531 2.11265105033e-05 1.95620161276 -0.441009277014 0.897502544018 3.27122393922e-05 8.5504938599 -4.53469589486e-06 -3.8676305217e-05 0.999999999242 -4.90532849428e-05
0.890465934528 0.455049908324 1.94646877835e-05 2.09050277501 -0.455049908691 0.890465934248 2.33192871311e-05 8.81874983044 -6.72120192077e-06 -2.96224352063e-05 0.999999999539 -4.22501528898e-05
0.883209516782 0.468978623335 1.79136846544e-05 2.22900066645 -0.468978623601 0.883209516681 1.57778450565e-05 9.08486216535 -8.42206471181e-06 -2.23362780811e-05 0.999999999715 -3.6404263246e-05
0.875735061727 0.48279198563 1.65143857721e-05 2.37166118136 -0.482791985815 0.875735061727 9.7956680872e-06 9.34876543984 -9.7329565971e-06 -1.65514230984e-05 0.999999999816 -3.14422935385e-05
0.868044402881 0.496486570204 1.52893249768e-05 2.51844917122 -0.496486570323 0.868044402933 5.11033005374e-06 9.61039471698 -1.07346027297e-05 -1.20269379203e-05 0.99999999987 -2.7284758835e-05
0.860139434889 0.510058969479 1.42464007421e-05 2.66932845677 -0.510058969548 0.860139434965 1.49030570816e-06 9.86968557784 -1.14937472909e-05 -8.54837519192e-06 0.999999999897 -2.38497556023e-05
0.871008851496 -0.490288656158 0.0309937777409 0.995361599486 0.490633761796 0.871355711231 -0.00421144763925 11.2078952028 -0.0249417802437 0.0188748019367 0.99951070502 0.00187832074035
0.993471031893 -0.0954472868209 0.0624909931765 1.68825378269 0.09591408463 0.995379416145 -0.00450624942398 11.1575326634 -0.0617721390211 0.0104705946733 0.998035354829 -0.00931042536079
0.9978070816 0.0589927626358 0.0300146941594 2.16447886126 -0.0579734952407 0.997746919557 -0.033766231112 11.2414628207 -0.0319390318961 0.0319521277935 0.998978958623 0.014669575802
0.976559565247 0.215241218973 0.00162270746482 2.58105851382 -0.215067993341 0.976025855858 -0.0334557459363 11.3627452375 -0.00878485997913 0.0323225362683 0.999438882516 0.0179364744239
0.930423689072 0.365857537853 -0.0214480957004 2.95347839698 -0.366240117843 0.930348649402 -0.0178764269082 11.5066683554 0.0134139813329 0.0244878041682 0.999610130277 0.0126765262385
0.868183631582 0.494956738346 -0.0357072684348 3.28714661184 -0.495405950915 0.868650155896 -0.00445538550687 11.6653949784 0.028811901214 0.021557686043 0.999352360542 0.00951879534355
0.802225560735 0.595579614407 -0.0414617004661 3.58726677332 -0.59610480318 0.802906544695 -0.000379620074792 11.8336755741 0.0330637766807 0.0250200597232 0.99914002186 0.011462474268
0.742246802223 0.668905578656 -0.0404352746102 3.85970088145 -0.669558608014 0.742750212457 -0.00365955318858 12.0087845194 0.0275854132643 0.0297900778344 0.999175458184 0.0159050239212
0.69396245669 0.719228914388 -0.0335540968245 4.11004053831 -0.71983886565 0.694062097005 -0.0104791698688 12.1902908521 0.0157517048367 0.0314256934623 0.999381963808 0.0196126093366
0.659689302907 0.751212567545 -0.0221292112931 4.34356148183 -0.751537270694 0.659454129733 -0.0176629990603 12.378883017 0.00132453290034 0.0282830185952 0.999599077867 0.0207530501996
0.638950158312 0.769199247738 -0.00867251245491 4.56537760993 -0.769155609317 0.638657844788 -0.022711361631 12.5750282367 -0.0119307941683 0.0211819397112 0.999704447115 0.0190722185344
0.629259987528 0.777185469932 0.00382275065437 4.78015862225 -0.776902860834 0.629150770628 -0.0243156872547 12.7781701502 -0.0213028853459 0.012330983139 0.999697021067 0.0154694873815
0.627251880585 0.778706130304 0.0131088111331 4.99160820348 -0.7783827669 0.627375416867 -0.0228112801901 12.9867471414 -0.0259874295734 0.00410474571727 0.999653842371 0.0112711709623
0.629753817977 0.776577401897 0.0183757341729 5.20218078527 -0.776331991849 0.630018951896 -0.01961526661 13.1987566321 -0.0268098335654 -0.00191288127383 0.999638721594 0.00753727933709
0.634347280267 0.77278783286 0.0200622381855 5.41324261806 -0.772637619069 0.63464254363 -0.0161230088547 13.4122978577 -0.025192014945 -0.00527325312819 0.99966872272 0.0047563080802
0.639377347593 0.768653513861 0.0191933065003 5.6254948371 -0.768569256769 0.639633320934 -0.013058035825 13.6257930146 -0.0223137834975 -0.00640237300133 0.999730516032 0.00293864998176
0.643739144828 0.765060179106 0.0168177216751 5.83936379912 -0.765012257435 0.643929912154 -0.0105125738092 13.8379884971 -0.0188721856422 -0.00609840794967 0.99980330567 0.00185718267314
0.646699139143 0.762621085684 0.013758746388 6.05521550887 -0.762593273302 0.646825136843 -0.00829107120181 14.0479148762 -0.0152224487366 -0.00513049883576 0.999870969194 0.00123806627617
0.647799917297 0.76173697294 0.0105854242207 6.27341454198 -0.761722503095 0.647873754511 -0.00619891080557 14.2548609269 -0.0115799580855 -0.00404750192656 0.999924758319 0.000857085538119
0.646806125213 0.76261599311 0.00766051172298 6.49430443478 -0.762611116854 0.646843827356 -0.00416502841414 14.4583439352 -0.00813147200278 -0.00314802551078 0.999961983827 0.000569191910331
0.643657950121 0.765295704771 0.00518917191458 6.71817126648 -0.765296622709 0.643673889326 -0.00223684378253 14.6580634806 -0.00505198140766 -0.00253149345708 0.999984034385 0.000303103195117
0.638423980219 0.769678003758 0.00325453731597 6.94521993597 -0.769680894672 0.638428578332 -0.000520331285039 14.8538461995 -0.00247827717653 -0.00217276322308 0.999994568606 4.08118802179e-05
0.631257550038 0.775571072005 0.0018487262864 7.17556889298 -0.775573124569 0.631257120507 0.000881053700188 15.0455954624 -0.000483701869409 -0.00198999422265 0.999997902976 -0.000206353667138
0.622361553825 0.782729376737 0.000905049359647 7.40925829935 -0.782729350884 0.622359331595 0.00190411147774 15.2332549668 0.000927138075676 -0.00189345447573 0.99999777762 -0.000417986009165
0.611963184829 0.790886181479 0.000329178654088 7.64626480709 -0.790884189417 0.611960587322 0.00253741886376 15.4167877245 0.00180536515348 -0.00181314912212 0.999996726568 -0.000577685227717
0.600296906668 0.799777233529 2.3971962403e-05 7.88651807875 -0.799774106846 0.600294475486 0.00281437722804 15.5961669004 0.00223648459695 -0.00170863409901 0.999996039345 -0.000678716116507
0.587592877779 0.809156722088 -9.53069560737e-05 8.12991643678 -0.809153402317 0.587590796563 0.00279773360505 15.7713734013 0.00231980644337 -0.00156681039248 0.999996081794 -0.00072410907259
0.574068609035 0.818807195313 -9.49997803646e-05 8.37634040208 -0.818804369342 0.57406692513 0.00256324380875 15.9423959207 0.00215333870575 -0.00139369157266 0.999996710373 -0.000723753785438
0.559922702827 0.8285448487 -2.34750648744e-05 8.62566354485 -0.828542839372 0.559921406896 0.0021866468259 16.1092308492 0.00182487915487 -0.00120490310398 0.999997609009 -0.00069068418606
0.545330335058 0.838221222815 8.53690649623e-05 8.87776042065 -0.838220044716 0.545329391885 0.00173521853758 16.2718810612 0.00140794274414 -0.00101782536795 0.999998490863 -0.000637912706857
0.530440476565 0.847722158219 0.000208051901902 9.13251166627 -0.847721639361 0.530439841814 0.00126347773928 16.430353649 0.000960719058067 -0.000846569833503 0.999999180169 -0.00057638020562
0.515374831914 0.856964803763 0.000328240134012 9.38980663764 -0.856964704794 0.515374461391 0.000811962912672 16.584657131 0.000526657055847 -0.000699755459184 0.999999616487 -0.000514038386078
0.500228342941 0.86589342071 0.000434615118297 9.64954414089 -0.865893519125 0.500228195025 0.000407969208118 16.7347987381 0.000135851117005 -0.000580408175195 0.999999822335 -0.000455803517085
0.485070960769 0.874474638255 0.000519679429849 9.91163189686 -0.874474771335 0.485070994557 6.73613006965e-05 16.8807822026 -0.000193175668829 -0.000487121561432 0.999999862698 -0.000404044040968
0.469950331121 0.882692670695 0.000579119758942 10.1759853028 -0.882692745206 0.469950504081 -0.000203161011628 17.0226062732 -0.000451486358573 -0.000415709225138 0.999999811673 -0.000359289541517
0.454895031554 0.890544853709 0.000611391892318 10.44252593 -0.890544835278 0.454895299326 -0.000403746277628 17.160263978 -0.000637673467607 -0.000360809716334 0.999999731594 -0.000320952442342
0.439918042852 0.898037713293 0.00061731342948 10.7111800443 -0.898037607375 0.439918361662 -0.000539270485887 17.2937425439 -0.000755852746521 -0.000317135858491 0.999999664056 -0.000287924966301
0.425020196665 0.905183668063 0.000599581739429 10.9818773059 -0.9051835008 0.425020527178 -0.000617540306151 17.4230238176 -0.000813821946477 -0.000280264395543 0.999999629573 -0.000259004077747
0.410193410804 0.911998382476 0.000562221411774 11.2545496946 -0.911998185806 0.410193721739 -0.00064786785755 17.5480850153 -0.000821474131481 -0.00024699378132 0.999999632087 -0.000233143770924
0.395423583533 0.918498736784 0.000510011014422 11.5291306653 -0.918498539057 0.395423853784 -0.000640007480341 17.6688996576 -0.000789516583021 -0.000215370320285 0.99999966514 -0.0002095673129
0.380693070401 0.92470134935 0.000447948778204 11.8055545006 -0.92470117088 0.380693289234 -0.000603411239692 17.7854385584 -0.000728506281339 -0.000184504282147 0.999999717618 -0.000187781878615
0.365982714164 0.930621570737 0.000380805392504 12.0837558217 -0.930621422918 0.365982879757 -0.000546744989784 17.8976707853 -0.000648180935361 -0.000154286440911 0.999999778029 -0.000167535391398
0.351273431295 0.936272865476 0.000312793366793 12.3636692166 -0.936272752016 0.351273548287 -0.000477604947406 18.0055645285 -0.000557044588507 -0.000125089977661 0.999999837027 -0.00014874970531
0.336547381559 0.941666500826 0.000247360020779 12.645228971 -0.941666419904 0.336547458337 -0.000402382198727 18.1090878499 -0.000462158223357 -9.75099498267e-05 0.999999888451 -0.00013145118986
0.321788766179 0.946811467483 0.000187095581261 12.9283688711 -0.94681141403 0.321788812477 -0.00032623237438 18.2082092949 -0.00036908581804 -7.21663186133e-05 0.999999929284 -0.000115711628805
0.306984310179 0.951714566148 0.000133735905409 13.2130220672 -0.95171453378 0.306984335307 -0.000253118399537 18.3028983735 -0.000281951295828 -4.95750275908e-05 0.999999959023 -0.000101603003803
0.292123483749 0.956380605437 8.823726788e-05 13.4991209947 -0.956380587843 0.292123495526 -0.000185901556839 18.3931259159 -0.00020356882261 -3.00821997066e-05 0.999999978827 -8.91732951017e-05
0.277198522843 0.960812664542 5.08939832819e-05 13.7865973346 -0.960812656318 0.27719852717 -0.000126464550571 18.4788643228 -0.000135616479012 -1.38437966574e-05 0.999999990708 -7.84314005764e-05
0.262204297258 0.965012386469 2.14779115537e-05 14.075382014 -0.965012383488 0.262204298136 -7.58523519991e-05 18.5600877204 -7.88300599463e-05 -8.376379695e-07 0.999999996893 -6.9342527413e-05
0.247138078212 0.96898027343 -6.16933113847e-07 14.3654052306 -0.968980272862 0.247138078045 -3.44199929416e-05 18.6367720455 -3.3199826508e-05 9.10428692467e-06 0.999999999407 -6.18344389988e-05
0.231999241689 0.972715966555 -1.62418145762e-05 14.6565965031 -0.972715966689 0.231999241688 -1.98003562134e-06 18.708895073 1.8420764021e-06 1.6258039129e-05 0.999999999866 -5.58021533611e-05
0.216788939713 0.976218497531 -2.63776745548e-05 14.948884732 -0.976218497507 0.216788940304 2.20579954989e-05 18.7764363969 2.72518113389e-05 2.09684443652e-05 0.999999999409 -5.11167683415e-05
0.201509768831 0.979486504266 -3.2040618704e-05 15.2421982693 -0.979486503791 0.201509769995 3.85610096383e-05 18.8393773872 4.42264862372e-05 2.36129334555e-05 0.999999998743 -4.76371724916e-05
0.186165448263 0.982518409345 -3.42137546955e-05 15.5364649915 -0.982518408453 0.186165449785 4.85611370175e-05 18.8977011198 5.40816301302e-05 2.45752379696e-05 0.999999998236 -4.52129128103e-05
0.170760527933 0.985312560032 -3.3797076792e-05 15.8316123722 -0.985312558896 0.17076052956 5.31633504771e-05 18.9513923017 5.81537236891e-05 2.4222482423e-05 0.999999998016 -4.36946285454e-05
0.937097839376 0.348710365831 0.0157708654779 15.7626645922 -0.348260848813 0.937047884261 -0.0256055420802 21.0910593509 -0.0237069740751 0.0185025231616 0.999547715728 0.00196356903735
0.715299146682 0.697719626994 0.0391720929165 16.1739768324 -0.696045101716 0.716329227477 -0.0489249858403 20.5325784477 -0.0621960379287 0.00773045722447 0.998034013898 -0.01114506523
0.599758671258 0.800180898882 -0.000255567580608 16.5473724206 -0.799446448061 0.5991944366 -0.0430279424487 20.2244906723 -0.0342770029932 0.0260106941846 0.999073836538 0.0105049951618
0.46662669223 0.884253958158 -0.0188273094487 16.9103054578 -0.884406209443 0.46627341755 -0.020365578434 19.9863948694 -0.0092296694205 0.0261541118835 0.999615313825 0.0135647847791
0.322523978835 0.946264141909 -0.0237161719825 17.26153174 -0.946441567093 0.322780438497 0.00781975718491 19.7967847951 0.0150546722145 0.0199239117758 0.999688148666 0.00914418821618
0.184678513427 0.982498379979 -0.024305966708 17.5987425271 -0.982292331563 0.185320868385 0.0275309116094 19.646229275 0.0315534789128 0.0187911968792 0.999325406906 0.00702224429622
0.065907959715 0.997496114613 -0.0256445350516 17.9214101208 -0.99716658506 0.0667766507027 0.0346364051337 19.5273842995 0.0362621357046 0.0232890586486 0.999070907024 0.00960753759226
-0.0282539109244 0.9992223254 -0.0275038350003 18.2313055143 -0.999122752265 -0.0273788783654 0.0316878987185 19.4341509581 0.0309102316915 0.0283750143911 0.999119320269 0.01428236098
-0.09717965848 0.994874308222 -0.0279503992398 18.5317768351 -0.995087514983 -0.096590719233 0.0217041581781 19.362005322 0.0188931601876 0.0299222960017 0.999373656197 0.0179943920697
-0.142978848329 0.989390198094 -0.0257698437402 18.8267984695 -0.989717888674 -0.142825500352 0.00770566596288 19.3072832989 0.00394331954728 0.026606622583 0.999638203484 0.0190858360838
-0.169488881866 0.985309481789 -0.020946217346 19.1200280284 -0.985479838772 -0.169660486051 -0.00669379172522 19.2662949267 -0.0101492018718 0.0195075516181 0.999758195331 0.0174376074796
-0.181521269857 0.983280164264 -0.0144964531407 19.4140318727 -0.983172372291 -0.181769913033 -0.0182149685749 19.2350909627 -0.0205454363191 0.010946107998 0.999728997162 0.0140121531289
-0.183914290791 0.98290972984 -0.00799978934105 19.7099953541 -0.982592374619 -0.184059872193 -0.0251831052383 19.2098722434 -0.02622515937 0.00322899906526 0.999650846336 0.0101125637284
-0.180723791068 0.983529793454 -0.00283843807213 20.0079804049 -0.983140562018 -0.180732375228 -0.0277568705013 19.1875173816 -0.0278127067658 -0.00222574326367 0.999610673917 0.00672457969305
-0.174926760232 0.98458137735 0.000374071932239 20.3074317991 -0.98422098614 -0.174852425924 -0.0271234140561 19.1657723287 -0.026639800985 -0.00511278039329 0.999632022536 0.00426435319617
-0.168573085712 0.985687497974 0.00180862114152 20.6076097639 -0.985399111216 -0.168478688539 -0.0245667076241 19.1430766637 -0.0239103824535 -0.00592349937536 0.999696556844 0.00270025291097
-0.163065227933 0.986613145964 0.00205709748537 20.9078427023 -0.986404305576 -0.162986885319 -0.021019542229 19.1182873784 -0.0204028767733 -0.00545668626116 0.999776948721 0.00179353497877
-0.159355925789 0.987219637463 0.00175394537085 21.2076362994 -0.987082287584 -0.159303449147 -0.017057802568 19.0904982619 -0.0165603881198 -0.0044495503291 0.999852966714 0.00127805428228
-0.158046208275 0.987430774082 0.00136471446394 21.5066910962 -0.987350427084 -0.158015312254 -0.013049721487 19.0589761018 -0.0126700508073 -0.00340991040889 0.999913917457 0.000946017329445
-0.159440555143 0.987206878363 0.00113520455549 21.8048661037 -0.987166782411 -0.159423420668 -0.00926912332073 19.0231522464 -0.00896956410523 -0.00259851039637 0.999956396381 0.000670468421216
-0.163599871356 0.98652612943 0.0011305056961 22.102119706 -0.986510508427 -0.163590484905 -0.00593043095408 18.9826181287 -0.00566558511998 -0.00208547349021 0.999981775807 0.000395904337998
-0.170401404054 0.985373869031 0.00130373573909 22.3984526197 -0.985370433561 -0.170396603857 -0.00317900254579 18.9371072395 -0.00291035389594 -0.00182636914777 0.999994097091 0.000115982051596
-0.17959875277 0.983738711119 0.00156084870677 22.6938668412 -0.983739639956 -0.179597211776 -0.00107810126847 18.8864672229 -0.000780245876565 -0.001729094388 0.999998200723 -0.000150659852296
-0.190873713598 0.981612937048 0.00180756100912 22.9883438506 -0.981614333396 -0.190874698322 0.000387312900389 18.830630912 0.000725209016023 -0.00170039994342 0.999998291354 -0.000379896069604
-0.20387625657 0.978994672686 0.0019755653894 23.2818386437 -0.978995248171 -0.20387898055 0.0012904835052 18.7695920125 0.00166615273438 -0.00167097018247 0.999997215893 -0.000554041501439
-0.218253205945 0.975890061951 0.0020310290945 23.5742837248 -0.975889834002 -0.218256768627 0.00173632956158 18.7033867894 0.00213775261057 -0.00160310115249 0.999996430034 -0.000666412593886
-0.233668041765 0.972314435349 0.00197105801494 23.8655975347 -0.972313835483 -0.233671623312 0.00183787569939 18.6320805609 0.00224757339888 -0.00148703416278 0.999996368565 -0.000720636665099
-0.249814157461 0.96829210235 0.00181418273629 24.1556932818 -0.96829152549 -0.249817194333 0.0017003176236 18.5557573022 0.00209961816761 -0.00133189435468 0.999996908826 -0.000727287834156
-0.266423143331 0.963854854973 0.00158973068029 24.4444858707 -0.963854512329 -0.266425379075 0.0014129572993 18.4745112136 0.00178543035192 -0.00115582456451 0.999997738151 -0.000699971625453
-0.283269043643 0.959039562569 0.00132903729848 24.7318960487 -0.959039489887 -0.283270472961 0.00104689379481 18.3884398251 0.00138048959116 -0.000978046648726 0.999998568836 -0.000652102994102
-0.300169280913 0.953885359935 0.00105966865639 25.0178518969 -0.953885481646 -0.300170047892 0.000655937202015 18.2976386208 0.000943769685378 -0.000813910348437 0.999999223424 -0.000594876079344
-0.316982931784 0.948430902505 0.000802577203324 25.3022883291 -0.948431100156 -0.316983233797 0.000278835244162 18.202197237 0.000518859479552 -0.000672803166729 0.99999963906 -0.000536384023992
-0.333607077816 0.942712040349 0.000571500294713 25.5851454325 -0.942712203807 -0.333607100345 -5.82546043021e-05 18.102197174 0.000135739239284 -0.000558194450615 0.999999834997 -0.000481615953175
-0.349971944375 0.936760107211 0.000373749377035 25.8663663931 -0.936760163066 -0.349971829801 -0.00033946871841 17.9977108137 -0.000187198999684 -0.000468918054814 0.999999872536 -0.000432973742481
-0.366035460863 0.930600879322 0.000211652170027 26.1458955381 -0.930600798873 -0.366035302494 -0.000557194523264 17.8888014332 -0.000441053547223 -0.000400916632623 0.999999822369 -0.000391004390653
-0.381777741252 0.924254158339 8.41228581424e-05 26.4236767941 -0.924253951302 -0.381777591088 -0.000710242670881 17.7755238978 -0.000624328519855 -0.000348905726663 0.999999744239 -0.000355135200582
-0.397195844158 0.917733872776 -1.19567343244e-05 26.6996526696 -0.917733573745 -0.397195725189 -0.000802192297823 17.6579257531 -0.000740948207953 -0.000307654350389 0.999999678172 -0.000324273357723
-0.412299044344 0.91104856705 -8.0677774215e-05 26.9737637411 -0.911048220732 -0.412298961994 -0.000839904121015 17.5360484995 -0.000798456808475 -0.000272790323784 0.999999644026 -0.00029723483497
-0.427104746308 0.904202145378 -0.000126390061258 27.2459485382 -0.904201794557 -0.427104696924 -0.000832217276844 17.4099288979 -0.000806474435951 -0.000241161828696 0.99999964572 -0.000272994903388
-0.44163508664 0.897194754083 -0.000153280648037 27.5161437186 -0.897194432063 -0.441635062901 -0.000788854554713 17.2796002197 -0.00077545027686 -0.000210863305655 0.999999677107 -0.000250799395592
-0.455914226493 0.890023702381 -0.000165168168618 27.7842844064 -0.890023429931 -0.455914220463 -0.000719551054736 17.1450933791 -0.00071572001063 -0.000181050022593 0.999999727483 -0.000230177948036
-0.469966287918 0.8826843495 -0.000165434083745 28.0503046118 -0.882684135264 -0.469966292566 -0.000633406911445 17.0064379272 -0.000636846810599 -0.000151653853759 0.999999785714 -0.000210900831466
-0.48381387126 0.875170905206 -0.000157027015334 28.3141376554 -0.87517074822 -0.483813881086 -0.000538449841068 16.8636628923 -0.000547207484539 -0.000123084051586 0.999999842707 -0.00019291000139
-0.497477071691 0.867477113725 -0.000142494337768 28.5757165642 -0.867477006743 -0.497477082842 -0.000441383286605 16.7167974683 -0.000453777566985 -9.59675033094e-05 0.999999892438 -0.000176250710251
-0.510972909256 0.859596807013 -0.000124016936671 28.834974413 -0.859596739706 -0.51097291938 -0.000347488147311 16.5658715621 -0.000362068998086 -7.09524751331e-05 0.999999931936 -0.000161013024339
-0.524315092945 0.851524322971 -0.000103437347426 29.0918445988 -0.851524284466 -0.524315100897 -0.000260643483257 16.4109161993 -0.000276178028869 -4.85798988953e-05 0.999999960683 -0.000147286003978
-0.537514030835 0.843254801283 -8.22774449844e-05 29.3462610627 -0.843254781837 -0.537514036338 -0.000183434762181 16.2519638177 -0.000198907525484 -2.92179094945e-05 0.999999979791 -0.000135133538422
-0.550577023695 0.834784365669 -6.17532427911e-05 29.5981584511 -0.834784357528 -0.550577027003 -0.000117316997072 16.0890484525 -0.000131934311806 -1.30414019679e-05 0.999999991212 -0.000124578374944
-0.563508574327 0.826110213488 -4.27886009348e-05 29.847472236 -0.8261102111 -0.563508575951 -6.28085891849e-05 15.9222058397 -7.59985606001e-05 -4.50783961196e-08 0.999999997112 -0.000115599704582
-0.576310767029 0.81723062787 -2.60335662523e-05 30.0941387957 -0.817230627693 -0.576310767531 -1.96937281505e-05 15.7514734463 -3.10977423699e-05 9.9257201134e-06 0.999999999467 -0.000108135713711
-0.588983674279 0.808144932108 -1.18879760501e-05 30.3380954638 -0.808144932189 -0.588983674149 1.2781587894e-05 15.5768904504 3.32755166862e-06 1.71353541998e-05 0.999999999848 -0.000102092239346
-0.601525761438 0.798853402275 -5.32431261358e-07 30.5792805573 -0.798853401776 -0.601525761039 3.57322177701e-05 15.3984976819 2.82245326168e-05 2.19191840264e-05 0.999999999361 -9.73499105711e-05
-0.613934267285 0.789357153251 8.03650935683e-06 30.8176333865 -0.789357152022 -0.613934266843 5.04806562553e-05 15.2163375376 4.47811555959e-05 2.46481285721e-05 0.999999998694 -9.37736811664e-05
-0.626205546147 0.779658010784 1.39677759183e-05 31.0530942512 -0.779658009018 -0.626205545776 5.84319349092e-05 15.0304538833 5.43036248798e-05 2.57003133494e-05 0.999999998195 -9.12199401367e-05
-0.638335364419 0.76975837912 1.75174592413e-05 31.2856044285 -0.769758377125 -0.638335364153 6.09761914564e-05 14.8408919482 5.81189480242e-05 2.54390483973e-05 0.999999997988 -8.95443085952e-05
-0.650319147073 0.75966111299 1.90119808972e-05 31.5151061517 -0.759661111052 -0.6503191469 5.94179992215e-05 14.6476982238 5.75013986182e-05 2.41980000429e-05 0.999999998054 -8.86066128066e-05
-0.662152174847 0.749369399557 1.88144533179e-05 31.7415425896 -0.749369397874 -0.662152174739 5.49297315892e-05 14.4509203652 5.36206911597e-05 2.22728656814e-05 0.999999998314 -8.82729952132e-05
-0.673829734853 0.738886654453 1.72979361306e-05 31.964857826 -0.738886653128 -0.67382973478 4.85231977568e-05 14.2506071046 4.7509006969e-05 1.99151593451e-05 0.999999998673 -8.84229332214e-05
-0.685347232302 0.728216431397 1.48218772553e-05 32.1849968332 -0.728216430447 -0.685347232243 4.10395710565e-05 14.0468081713 4.00438225344e-05 1.73328218911e-05 0.999999999048 -8.89473398402e-05
-0.696700262733 0.717362351793 1.17156203079e-05 32.401905457 -0.717362351178 -0.696700262677 3.3150515107e-05 13.8395742285 3.19432072262e-05 1.46916276552e-05 0.999999999382 -8.97498554845e-05
-0.707884658528 0.706328047123 8.26770018947e-06 32.6155303962 -0.706328046771 -0.707884658473 2.53679469584e-05 13.6289568159 2.37706705596e-05 1.21178719441e-05 0.999999999644 -9.07483335262e-05
-0.718896508286 0.695117119881 4.71938309679e-06 32.8258191944 -0.695117119715 -0.718896508236 1.80602225749e-05 13.4150083075 1.594671793e-05 9.70290696287e-06 0.999999999826 -9.18740826048e-05
-0.729732160778 0.683733115715 1.26229311196e-06 33.0327202312 -0.68373311566 -0.72973216074 1.14717914184e-05 13.1977818744 8.76477956939e-06 7.5082635374e-06 0.999999999933 -9.30703954464e-05
-0.740388215414 0.672179507625 -1.96028601128e-06 33.2361827172 -0.672179507624 -0.740388215396 5.74389707691e-06 12.9773314573 2.40955724744e-06 5.57037779216e-06 0.999999999982 -9.42920044718e-05
-0.750861503376 0.660459690461 -4.84959934285e-06 33.436156695 -0.660459690472 -0.750861503382 9.34974797695e-07 12.7537117458 -3.0238642879e-06 3.90500146311e-06 0.999999999988 -9.55047921078e-05
-0.761149064138 0.648576982407 -7.34667778952e-06 33.6325930446 -0.648576982405 -0.761149064169 -2.95942166148e-06 12.5269781606 -7.51132969512e-06 2.5123250834e-06 0.999999999969 -9.66831274299e-05
-0.771248120247 0.636534631365 -9.42599631192e-06 33.8254434876 -0.636534631338 -0.771248120303 -5.98930361943e-06 12.2971868415 -1.10821811091e-05 1.38073392933e-06 0.999999999938 -9.78090671052e-05
-0.781156050279 0.624335827091 -1.10889923511e-05 34.0146606018 -0.624335827037 -0.781156050358 -8.23513334705e-06 12.0643946361 -1.38037222569e-05 4.90330971656e-07 0.999999999905 -9.88713244224e-05
-0.790870366077 0.611983712127 -1.23577089313e-05 34.2001978268 -0.611983712049 -0.790870366173 -9.79510424549e-06 11.8286590915 -1.57677900444e-05 -1.83941096192e-07 0.999999999876 -9.9863510547e-05
-0.800388689692 0.599481396907 -1.32686938283e-05 34.3820094807 -0.59948139681 -0.800388689802 -1.07751808253e-05 11.5900384455 -1.70796329217e-05 -6.69997751855e-07 0.999999999854 -0.000100783477568
-0.809708734772 0.58683197309 -1.38675720256e-05 34.5600507735 -0.586831972983 -0.809708734891 -1.12815374791e-05 11.348591618 -1.78490610992e-05 -9.96824786193e-07 0.99999999984 -0.000101632817192
-0.818828290743 0.574038526649 -1.42048219056e-05 34.7342778211 -0.574038526537 -0.818828290865 -1.14145562926e-05 11.1043782032 -1.81837051196e-05 -1.19244658224e-06 0.999999999834 -0.000102414697623
-0.827745210259 0.561104149591 -1.43320086908e-05 34.9046476608 -0.561104149479 -0.827745210382 -1.12651573267e-05 10.8574584607 -1.81841780708e-05 -1.28293047321e-06 0.999999999834 -0.00010313324112
-0.836457399941 0.548031949689 -1.4298543988e-05 35.0711182646 -0.548031949582 -0.836457400062 -1.09131302708e-05 10.6078933045 -1.79408669884e-05 -1.29230963359e-06 0.999999999838 -0.000103794485263
-0.844962813274 0.534825059233 -1.41500430833e-05 35.2336485547 -0.534825059132 -0.844962813392 -1.0425571711e-05 10.3557442936 -1.75321172212e-05 -1.24142277418e-06 0.999999999846 -0.000104404118584
-0.853259446791 0.521486640545 -1.3926696761e-05 35.3921984148 -0.521486640453 -0.853259446904 -9.85719884396e-06 10.1010736191 -1.70234830858e-05 -1.14816172602e-06 0.999999999854 -0.000104968092984
0.0211305204432 0.999612693755 -0.018109765054 37.356104879 -0.999495817845 0.0206917544707 -0.0240823879002 10.9529625776 -0.0236983378289 0.0186095078235 0.999545934414 0.00195542536588
-0.383527004759 0.923041342793 -0.0300285883116 36.9883087734 -0.921699954236 -0.384610501842 -0.0504376469965 10.3648100773 -0.0581053438311 0.00833314879284 0.99827567718 -0.00968144519284
-0.522466270757 0.85188557677 -0.036331253941 36.8390774219 -0.852289870986 -0.523020470838 -0.00718073106837 9.90409724862 -0.0251191507702 0.0272130699516 0.999314003248 0.0122384762374
-0.650315587342 0.75935877951 -0.0215378931242 36.7515211782 -0.759663376389 -0.650012755277 0.0198739163207 9.47905465914 0.00109152758885 0.0292858661759 0.999570481062 0.016067168048
-0.760938379158 0.64882012076 0.00228779824754 36.7047938079 -0.648402864223 -0.760566610907 0.0333490035875 9.08279787844 0.0233775274944 0.0238931217999 0.999441148812 0.011931266817
-0.845030501451 0.534366506686 0.0193878351111 36.689148044 -0.533431717265 -0.84495679732 0.0387119319944 8.71394055959 0.0370682429293 0.022370677128 0.999062309454 0.00953408842594
-0.902679075007 0.429611296502 0.0245890516989 36.6975197312 -0.428476250736 -0.902630515 0.0408197984567 8.37020449778 0.0397314749362 0.0263113532318 0.998863915952 0.011746401644
-0.939284779328 0.342509411093 0.0207703306302 36.7248509238 -0.34150572619 -0.938999043896 0.0406771992821 8.04768189819 0.0334356441742 0.0311142873063 0.998956434898 0.0161735048933
-0.960996327116 0.276320026087 0.0115456681269 36.7682134031 -0.275736233139 -0.960516656012 0.0371117671143 7.7416752569 0.0213445309978 0.0324807128513 0.999244421695 0.0197106950316
-0.972908946539 0.231188613113 -8.31322443068e-05 36.8257737732 -0.231089763832 -0.972482319288 0.0295915481991 7.44721427854 0.00676038435029 0.0288090929956 0.999562070791 0.0205792139284
-0.978747271197 0.204767982256 -0.0111289068417 36.8955204086 -0.204951892954 -0.978584211647 0.01917452192 7.15953442855 -0.00696424436386 0.0210479015294 0.999754212365 0.0185760403579
-0.981039108993 0.192855434395 -0.0192106233947 36.9747130369 -0.193036582587 -0.981158520736 0.00805201655943 6.87474073448 -0.017295791681 0.0116076962405 0.999783034952 0.0146734693386
-0.981382148712 0.190626579607 -0.0234645549137 37.0602013566 -0.19064475007 -0.981657978246 -0.00148088353783 6.59029140384 -0.0233164633007 0.00302008153867 0.999723572617 0.0102672731972
-0.980716452699 0.193897337889 -0.0244757382881 37.1490771351 -0.193757131535 -0.981016922409 -0.00799824514976 6.3049761926 -0.0255619518915 -0.00310166176817 0.999668428185 0.00644698871369
-0.979586072602 0.199659210665 -0.0233949986312 37.2390491307 -0.19944270004 -0.979844651817 -0.0112724312976 6.0184978951 -0.0251741090232 -0.0063763550091 0.999662746296 0.00368708588455
-0.978340834018 0.205914627888 -0.021174950164 37.3284129102 -0.205698858667 -0.97854260282 -0.0119312199159 5.73098648974 -0.0231774035573 -0.0073171365623 0.999704590105 0.00196348548332
-0.977243610227 0.211324544273 -0.0183538349975 37.4158677412 -0.211151806595 -0.977392387189 -0.0109103637219 5.44265688272 -0.0202445262436 -0.0067866378148 0.999772024366 0.00101478535478
-0.976500794274 0.214977503799 -0.0151944609143 37.5003883854 -0.214858858896 -0.976602985664 -0.00907078530868 5.15364220306 -0.0167889706776 -0.00559296452504 0.999843412346 0.000540962570415
-0.976257294039 0.21628840656 -0.0118752272742 37.5811776764 -0.216216632505 -0.976320012296 -0.00704282749324 4.86395513265 -0.0131173039746 -0.00430799005948 0.999904684236 0.000299895345844
-0.976587592758 0.214948638832 -0.00858815085407 37.6576491978 -0.214909932142 -0.976619966464 -0.00521173392163 4.57351879391 -0.0095076147115 -0.00324403576735 0.999949539474 0.000135227641244
-0.977496285173 0.210879846393 -0.00554101593748 37.7294033536 -0.210861226606 -0.977508774894 -0.00376006906617 4.28222021784 -0.00620931448782 -0.00250706812695 0.99997757926 -3.02758859568e-05
-0.978928954851 0.204180313739 -0.00291561941042 37.7961903135 -0.204172647483 -0.978931104374 -0.00272450171963 3.9899574201 -0.00341048014527 -0.00207180388681 0.999992038095 -0.000216089426044
-0.980789068896 0.195069513002 -0.000829114445258 37.8578686716 -0.195067500968 -0.980787673389 -0.0020517784853 3.6966682959 -0.00121342465765 -0.00185062862733 0.999997551384 -0.00040889599683
-0.98295614867 0.183838916319 0.000680176050976 37.9143696405 -0.183839810857 -0.982954835971 -0.00164753900794 3.40234116679 0.000365700552806 -0.00174450203459 0.999998411487 -0.00058416885698
-0.985301987284 0.170813623542 0.00164312713882 37.9656714058 -0.170815971526 -0.985301936814 -0.00141321672898 3.10701203958 0.00137757968199 -0.00167311761008 0.999997651473 -0.000720625419832
-0.98770335499 0.156325029156 0.00213724160864 38.0117830968 -0.156327937857 -0.987704392612 -0.00126832982099 2.81075449021 0.00191269122868 -0.00158684419281 0.999996911764 -0.000806975381716
-0.990050789457 0.140692275004 0.00226231065038 38.052735263 -0.14069513644 -0.990052289203 -0.00115897610609 2.51366693245 0.00207674685326 -0.00146574131442 0.999996769357 -0.000842650687312
-0.992253701773 0.124209872015 0.00212108749783 38.0885736323 -0.124212305354 -0.992255101958 -0.00105633202923 2.21586045852 0.00197345302526 -0.00131161453427 0.999997192571 -0.000835092299486
-0.99424234157 0.107139632016 0.00180706423737 38.1193540303 -0.10714146544 -0.994243332327 -0.000950003842362 1.91744906088 0.00169487850701 -0.00113814555527 0.999997916004 -0.000795921115091
-0.995967313639 0.0897059330526 0.00139847732621 38.1451376479 -0.0897071595096 -0.995967830517 -0.000840302533349 1.61854296672 0.00131745830581 -0.000962367285356 0.999998669076 -0.000737509398638
-0.997397397387 0.0720938043378 0.000956588313041 38.16598665 -0.0720945163132 -0.997397536116 -0.00073189363397 1.31924502531 0.000901333830061 -0.000798953577425 0.999999274635 -0.000670637959034
-0.998516390994 0.0544494244001 0.000526401490281 38.1819604473 -0.0544497521439 -0.998516313307 -0.000629723883954 1.01964958681 0.000491332372382 -0.000657452050603 0.999999663175 -0.000603339706357
-0.999319597656 0.0368825507133 0.000138541546942 38.1931129116 -0.0368826201051 -0.999319460372 -0.000537080817608 0.719843087185 0.000118638353436 -0.000541825161805 0.999999846175 -0.000540682347741
