1 0 0 -1.27221029604e-09 0 1 0 -1.80642970525e-10 0 0 1 2.89089183159e-10
0.999978874284 0.00650007586996 7.96029710837e-19 0.000641776784641 -0.00650007586996 0.999978874284 -2.58715408533e-21 0.299998820718 -7.96029710837e-19 -2.58715408533e-21 1 -7.11015743504e-09
0.999819552752 0.0189963663603 2.32638392586e-18 0.00419665679636 -0.0189963663603 0.999819552752 -2.20984144743e-20 0.599975856745 -2.32638392586e-18 -2.20984144743e-20 1 -2.86203693523e-08
0.999436042856 0.0335796998159 4.11232718958e-18 0.011835805246 -0.0335796998159 0.999436042856 -6.90648310878e-20 0.899875958767 -4.11232718958e-18 -6.90648310878e-20 1 -6.34385636245e-08
0.998804455004 0.0488841555502 5.98658246235e-18 0.0239660680438 -0.0488841555502 0.998804455004 -1.4641203524e-19 1.19962771936 -5.98658246235e-18 -1.4641203524e-19 1 -1.13306454774e-07
0.997922174317 0.0644308467005 7.89050301781e-18 0.040726979519 -0.0644308467005 0.997922174317 -2.54460257194e-19 1.49915613636 -7.89050301781e-18 -2.54460257194e-19 1 -1.77652991873e-07
0.996790827301 0.0800502755074 9.8033313671e-18 0.0621640814305 -0.0800502755074 0.996790827301 -3.93010307388e-19 1.79838619858 -9.8033313671e-18 -3.93010307388e-19 1 -2.53777811321e-07
0.995412063939 0.095680839063 1.17175233298e-17 0.0882894003882 -0.095680839063 0.995412063939 -5.61860121124e-19 2.0972434212 -1.17175233298e-17 -5.61860121124e-19 1 -3.46514275162e-07
0.99378701527 0.111298554709 1.36301418774e-17 0.11910252574 -0.111298554709 0.99378701527 -7.60871186249e-19 2.39565374381 -1.36301418774e-17 -7.60871186249e-19 1 -4.51888740649e-07
0.991916467786 0.126892556655 1.55398563343e-17 0.154597953796 -0.126892556655 0.991916467786 -9.89947185136e-19 2.69354339255 -1.55398563343e-17 -9.89947185136e-19 1 -5.73678165416e-07
0.989801055785 0.142456554666 1.7445896369e-17 0.194767661145 -0.142456554666 0.989801055785 -1.24901043879e-18 2.99083880567 -1.7445896369e-17 -1.24901043879e-18 1 -7.07101154296e-07
0.987441374817 0.157985857912 1.93476875202e-17 0.239601988705 -0.157985857912 0.987441374817 -1.53798801324e-18 3.28746660491 -1.93476875202e-17 -1.53798801324e-18 1 -8.54614436996e-07
0.984838037417 0.173476338605 2.12447242801e-17 0.289089963688 -0.173476338605 0.984838037417 -1.85680489456e-18 3.58335359132 -2.12447242801e-17 -1.85680489456e-18 1 -1.01734607405e-06
0.981991698114 0.188924071615 2.31365259586e-17 0.343219405704 -0.188924071615 0.981991698114 -2.20538092631e-18 3.87842675307 -2.31365259586e-17 -2.20538092631e-18 1 -1.19275297572e-06
0.978903064013 0.204325209572 2.50226213888e-17 0.401976969595 -0.204325209572 0.978903064013 -2.58362951288e-18 4.17261328861 -2.50226213888e-17 -2.58362951288e-18 1 -1.38174356423e-06
0.975572899063 0.219675939996 2.69025436765e-17 0.465348161527 -0.219675939996 0.975572899063 -2.99145709744e-18 4.46584060553 -2.69025436765e-17 -2.99145709744e-18 1 -1.58601906186e-06
0.972002025657 0.234972470981 2.87758284475e-17 0.533317350792 -0.234972470981 0.972002025657 -3.4287629662e-18 4.75803635778 -2.87758284475e-17 -3.4287629662e-18 1 -1.80343638245e-06
0.968191325128 0.25021102683 3.06420133119e-17 0.605867761058 -0.25021102683 0.968191325128 -3.89543918674e-18 5.04912844826 -3.06420133119e-17 -3.89543918674e-18 1 -2.03485524342e-06
0.964141737814 0.265387847131 3.25006377522e-17 0.682981496871 -0.265387847131 0.964141737814 -4.3913706009e-18 5.33904505692 -3.25006377522e-17 -4.3913706009e-18 1 -2.27898533423e-06
0.95985426293 0.280499187049 3.43512431583e-17 0.764639529598 -0.280499187049 0.95985426293 -4.91643484022e-18 5.6277146492 -3.43512431583e-17 -4.91643484022e-18 1 -2.53795770311e-06
0.95532995836 0.295541318024 3.61933729133e-17 0.850821709135 -0.295541318024 0.95532995836 -5.47050235117e-18 5.91506600272 -3.61933729133e-17 -5.47050235117e-18 1 -2.80914008854e-06
0.950569940415 0.310510528612 3.80265724966e-17 0.941506772559 -0.310510528612 0.950569940415 -6.05343642521e-18 6.20102821498 -3.80265724966e-17 -6.05343642521e-18 1 -3.09474814886e-06
0.94557538356 0.325403125378 3.98503895926e-17 1.03667234544 -0.325403125378 0.94557538356 -6.66509323182e-18 6.48553073 -3.98503895926e-17 -6.66509323182e-18 1 -3.39443663133e-06
0.940347520127 0.340215433793 4.16643742015e-17 1.13629494782 -0.340215433793 0.940347520127 -7.30532185375e-18 6.76850335439 -4.16643742015e-17 -7.30532185375e-18 1 -3.70640046521e-06
0.934887640014 0.354943799141 4.34680787495e-17 1.24034999669 -0.354943799141 0.934887640014 -7.97396432414e-18 7.04987626375 -4.34680787495e-17 -7.97396432414e-18 1 -4.0305835074e-06
0.929197090365 0.369584587418 4.52610581995e-17 1.34881182136 -0.369584587418 0.929197090365 -8.67085566544e-18 7.32958003822 -4.52610581995e-17 -8.67085566544e-18 1 -4.37021811583e-06
0.923277275238 0.384134186228 4.70428701607e-17 1.46165365332 -0.384134186228 0.923277275238 -9.39582393015e-18 7.60754566156 -4.70428701607e-17 -9.39582393015e-18 1 -4.72155869025e-06
0.917129655259 0.398589005675 4.88130749976e-17 1.57884765878 -0.398589005675 0.917129655259 -1.01486902432e-17 7.88370455269 -4.88130749976e-17 -1.01486902432e-17 1 -5.08656153864e-06
0.91075574726 0.41294547925 5.05712359386e-17 1.70036491882 -0.41294547925 0.91075574726 -1.09292688461e-17 8.15798857285 -5.05712359386e-17 -1.09292688461e-17 1 -5.4641493441e-06
0.904157123908 0.427200064707 5.23169191839e-17 1.82617544984 -0.427200064707 0.904157123908 -1.17373671427e-17 8.43033004566 -5.23169191839e-17 -1.17373671427e-17 1 -5.85418917876e-06
0.897335413316 0.44134924494 5.40496940122e-17 1.95624821133 -0.44134924494 0.897335413316 -1.25727857468e-17 8.70066177774 -5.40496940122e-17 -1.25727857468e-17 1 -6.25709905311e-06
0.890292298637 0.455389528851 5.57691328873e-17 2.09055110806 -0.455389528851 0.890292298637 -1.34353185316e-17 8.96891706622 -5.57691328873e-17 -1.34353185316e-17 1 -6.6726849921e-06
0.883029517656 0.46931745221 5.74748115633e-17 2.22905100392 -0.46931745221 0.883029517656 -1.43247526798e-17 9.23502972412 -5.74748115633e-17 -1.43247526798e-17 1 -7.10029782081e-06
0.875548862354 0.48312957851 5.91663091896e-17 2.37171372569 -0.48312957851 0.875548862354 -1.52408687369e-17 9.4989340927 -5.91663091896e-17 -1.52408687369e-17 1 -7.54113273338e-06
0.867852178471 0.496822499816 6.08432084144e-17 2.51850407218 -0.496822499816 0.867852178471 -1.6183440665e-17 9.7605650579 -6.08432084144e-17 -1.6183440665e-17 1 -7.99450731037e-06
0.859941365049 0.510392837604 6.2505095488e-17 2.66938582773 -0.510392837604 0.859941365049 -1.71522358986e-17 10.0198580659 -6.2505095488e-17 -1.71522358986e-17 1 -8.45918102677e-06
0.851818373963 0.523837243597 6.41515603645e-17 2.82432176159 -0.523837243597 0.851818373963 -1.81470154019e-17 10.2767491405 -6.41515603645e-17 -1.81470154019e-17 1 -8.93560591919e-06
0.843485209439 0.537152400588 6.57821968034e-17 2.98327365011 -0.537152400588 0.843485209439 -1.9167533728e-17 10.5311748979 -6.57821968034e-17 -1.9167533728e-17 1 -9.4257439418e-06
0.834943927561 0.550335023262 6.73966024696e-17 3.14620226633 -0.550335023262 0.834943927561 -2.02135390792e-17 10.7830725606 -6.73966024696e-17 -2.02135390792e-17 1 -9.92495934149e-06
0.826196635763 0.563381859003 6.89943790326e-17 3.31306741861 -0.563381859003 0.826196635763 -2.12847733694e-17 11.0323799797 -6.89943790326e-17 -2.12847733694e-17 1 -1.04378001993e-05
0.817245492307 0.576289688702 7.0575132265e-17 3.48382793084 -0.576289688702 0.817245492307 -2.23809722876e-17 11.2790356403 -7.0575132265e-17 -2.23809722876e-17 1 -1.09625429863e-05
0.808092705755 0.589055327542 7.21384721395e-17 3.65844167322 -0.589055327542 0.808092705755 -2.3501865363e-17 11.5229786859 -7.21384721395e-17 -2.3501865363e-17 1 -1.14982591128e-05
0.798740534419 0.601675625795 7.36840129255e-17 3.83686555703 -0.601675625795 0.798740534419 -2.46471760322e-17 11.7641489275 -7.36840129255e-17 -2.46471760322e-17 1 -1.20438215205e-05
0.789191285809 0.61414746959 7.52113732838e-17 4.01905556579 -0.61414746959 0.789191285809 -2.58166217067e-17 12.0024868575 -7.52113732838e-17 -2.58166217067e-17 1 -1.26023544427e-05
0.779447316057 0.626467781687 7.67201763612e-17 4.20496674213 -0.626467781687 0.779447316057 -2.70099138434e-17 12.2379336729 -7.67201763612e-17 -2.70099138434e-17 1 -1.31718290888e-05
0.769511029343 0.638633522232 7.8210049883e-17 4.39455321578 -0.638633522232 0.769511029343 -2.82267580153e-17 12.4704312774 -7.8210049883e-17 -2.82267580153e-17 1 -1.37512824541e-05
0.759384877298 0.650641689512 7.96806262453e-17 4.58776821317 -0.650641689512 0.759384877298 -2.94668539844e-17 12.6999223097 -7.96806262453e-17 -2.94668539844e-17 1 -1.43408333608e-05
0.749071358396 0.662489320691 8.11315426054e-17 4.78456405333 -0.662489320691 0.749071358396 -3.07298957754e-17 12.9263501429 -8.11315426054e-17 -3.07298957754e-17 1 -1.49432690586e-05
0.738573017346 0.674173492543 8.25624409713e-17 4.98489218841 -0.674173492543 0.738573017346 -3.20155717518e-17 13.1496589132 -8.25624409713e-17 -3.20155717518e-17 1 -1.55544710028e-05
0.727892444455 0.685691322174 8.39729682904e-17 5.18870318513 -0.685691322174 0.727892444455 -3.33235646922e-17 13.3697935206 -8.39729682904e-17 -3.33235646922e-17 1 -1.61765869855e-05
0.717032274995 0.697039967731 8.5362776536e-17 5.39594675751 -0.697039967731 0.717032274995 -3.46535518689e-17 13.5866996502 -8.5362776536e-17 -3.46535518689e-17 1 -1.68076738918e-05
0.705995188551 0.708216629106 8.67315227938e-17 5.60657177386 -0.708216629106 0.705995188551 -3.60052051275e-17 13.8003237845 -8.67315227938e-17 -3.60052051275e-17 1 -1.74487496567e-05
0.694783908358 0.719218548626 8.80788693462e-17 5.82052626209 -0.719218548626 0.694783908358 -3.73781909678e-17 14.0106132158 -8.80788693462e-17 -3.73781909678e-17 1 -1.81020595704e-05
0.683401200631 0.73004301173 8.94044837555e-17 6.03775743384 -0.73004301173 0.683401200631 -3.87721706261e-17 14.2175160566 -8.94044837555e-17 -3.87721706261e-17 1 -1.87624106065e-05
0.671849873885 0.740687347645 9.07080389462e-17 6.25821169088 -0.740687347645 0.671849873885 -4.01868001587e-17 14.420981258 -9.07080389462e-17 -4.01868001587e-17 1 -1.94342648658e-05
0.660132778235 0.75114893004 9.19892132856e-17 6.48183464001 -0.75114893004 0.660132778235 -4.1621730527e-17 14.6209586195 -9.19892132856e-17 -4.1621730527e-17 1 -2.01139286666e-05
0.6482528047 0.761425177676 9.32476906631e-17 6.70857110437 -0.761425177676 0.6482528047 -4.30766076834e-17 14.8173987974 -9.32476906631e-17 -4.30766076834e-17 1 -2.08024919042e-05
0.636212884485 0.771513555043 9.44831605683e-17 6.93836514017 -0.771513555043 0.636212884485 -4.45510726587e-17 15.0102533255 -9.44831605683e-17 -4.45510726587e-17 1 -2.15011262075e-05
0.624015988261 0.781411572985 9.56953181673e-17 7.17116004958 -0.781411572985 0.624015988261 -4.60447616507e-17 15.1994746188 -9.56953181673e-17 -4.60447616507e-17 1 -2.22082784989e-05
0.611665125429 0.791116789314 9.68838643785e-17 7.40689839439 -0.791116789314 0.611665125429 -4.75573061141e-17 15.3850159899 -9.68838643785e-17 -4.75573061141e-17 1 -2.29236348375e-05
0.59916334338 0.800626809412 9.80485059459e-17 7.64552201103 -0.800626809412 0.59916334338 -4.90883328511e-17 15.5668316602 -9.80485059459e-17 -4.90883328511e-17 1 -2.36491080905e-05
0.586513726741 0.809939286826 9.91889555115e-17 7.88697201959 -0.809939286826 0.586513726741 -5.06374641038e-17 15.7448767693 -9.91889555115e-17 -5.06374641038e-17 1 -2.43802289779e-05
0.573719396617 0.81905192384 1.00304931687e-16 8.1311888496 -0.81905192384 0.573719396617 -5.22043176472e-17 15.9191073862 -1.00304931687e-16 -5.22043176472e-17 1 -2.51213276492e-05
0.560783509816 0.827962472047 1.01396159121e-16 8.378112243 -0.827962472047 0.560783509816 -5.37885068837e-17 16.0894805239 -1.01396159121e-16 -5.37885068837e-17 1 -2.58702054321e-05
0.547709258075 0.836668732904 1.0246236857e-16 8.62768127279 -0.836668732904 0.547709258075 -5.53896409382e-17 16.2559541461 -1.0246236857e-16 -5.53896409382e-17 1 -2.66267797473e-05
0.534499867271 0.84516855827 1.03503296962e-16 8.87983436614 -0.84516855827 0.534499867271 -5.7007324755e-17 16.4184871764 -1.03503296962e-16 -5.7007324755e-17 1 -2.73907574453e-05
0.521158596622 0.85345985094 1.04518687465e-16 9.13450930275 -0.85345985094 0.521158596622 -5.86411591946e-17 16.5770395135 -1.04518687465e-16 -5.86411591946e-17 1 -2.81618828071e-05
0.507688737888 0.861540565163 1.05508289546e-16 9.39164325178 -0.861540565163 0.507688737888 -6.0290741133e-17 16.7315720359 -1.05508289546e-16 -6.0290741133e-17 1 -2.89397327098e-05
0.494093614554 0.869408707144 1.06471859035e-16 9.65117276597 -0.869408707144 0.494093614554 -6.19556635605e-17 16.8820466164 -1.06471859035e-16 -6.19556635605e-17 1 -2.97229068922e-05
0.480376581014 0.877062335535 1.07409158187e-16 9.91303381053 -0.877062335535 0.480376581014 -6.36355156823e-17 17.0284261271 -1.07409158187e-16 -6.36355156823e-17 1 -3.05160156184e-05
0.466541021741 0.884499561918 1.08319955735e-16 10.1771617761 -0.884499561918 0.466541021741 -6.53298830201e-17 17.1706744523 -1.08319955735e-16 -6.53298830201e-17 1 -3.13146189104e-05
0.452590350452 0.891718551269 1.09204026955e-16 10.4434914932 -0.891718551269 0.452590350452 -6.70383475142e-17 17.3087564938 -1.09204026955e-16 -6.70383475142e-17 1 -3.21197804496e-05
0.438528009266 0.898717522412 1.10061153716e-16 10.7119572448 -0.898717522412 0.438528009266 -6.87604876264e-17 17.4426381811 -1.10061153716e-16 -6.87604876264e-17 1 -3.29305726385e-05
0.424357467855 0.905494748453 1.10891124534e-16 10.9824927988 -0.905494748453 0.424357467855 -7.04958784444e-17 17.5722864835 -1.10891124534e-16 -7.04958784444e-17 1 -3.37475460945e-05
0.410082222589 0.912048557214 1.11693734626e-16 11.2550314024 -0.912048557214 0.410082222589 -7.22440917866e-17 17.69766941 -1.11693734626e-16 -7.22440917866e-17 1 -3.45703957656e-05
0.395705795671 0.918377331641 1.1246878596e-16 11.5295058087 -0.918377331641 0.395705795671 -7.40046963074e-17 17.8187560257 -1.1246878596e-16 -7.40046963074e-17 1 -3.53985892723e-05
0.381231734269 0.924479510204 1.13216087305e-16 11.805848294 -0.924479510204 0.381231734269 -7.57772576041e-17 17.9355164536 -1.13216087305e-16 -7.57772576041e-17 1 -3.6232276285e-05
0.366663609641 0.93035358728 1.13935454274e-16 12.0839906818 -0.93035358728 0.366663609641 -7.75613383236e-17 18.0479218865 -1.13935454274e-16 -7.75613383236e-17 1 -3.70705402375e-05
0.352005016254 0.93599811353 1.14626709374e-16 12.3638643364 -0.93599811353 0.352005016254 -7.93564982708e-17 18.1559445878 -1.14626709374e-16 -7.93564982708e-17 1 -3.79134786641e-05
0.337259570896 0.941411696251 1.15289682049e-16 12.645400209 -0.941411696251 0.337259570896 -8.11622945167e-17 18.2595579075 -1.15289682049e-16 -8.11622945167e-17 1 -3.87617310516e-05
0.322430911786 0.946592999723 1.15924208721e-16 12.9285288373 -0.946592999723 0.322430911786 -8.29782815083e-17 18.3587362791 -1.15924208721e-16 -8.29782815083e-17 1 -3.96161472214e-05
0.307522697673 0.951540745536 1.16530132828e-16 13.2131803574 -0.951540745536 0.307522697673 -8.48040111777e-17 18.4534552313 -1.16530132828e-16 -8.48040111777e-17 1 -4.04722034233e-05
0.292538606935 0.956253712909 1.17107304869e-16 13.4992845393 -0.956253712909 0.292538606935 -8.66390330537e-17 18.5436913934 -1.17107304869e-16 -8.66390330537e-17 1 -4.13333006364e-05
0.277482336674 0.960730738987 1.17655582434e-16 13.7867707894 -0.960730738987 0.277482336674 -8.8482894372e-17 18.6294225045 -1.17655582434e-16 -8.8482894372e-17 1 -4.21995326469e-05
0.262357601798 0.96497071913 1.18174830245e-16 14.0755681778 -0.96497071913 0.262357601798 -9.03351401873e-17 18.7106274088 -1.18174830245e-16 -9.03351401873e-17 1 -4.30672056595e-05
0.24716813411 0.968972607188 1.18664920185e-16 14.3656054457 -0.968972607188 0.24716813411 -9.21953134858e-17 18.7872860699 -1.18664920185e-16 -9.21953134858e-17 1 -4.39401000456e-05
0.231917681383 0.972735415754 1.19125731332e-16 14.6568110336 -0.972735415754 0.231917681383 -9.40629552976e-17 18.8593795761 -1.19125731332e-16 -9.40629552976e-17 1 -4.4816044678e-05
0.216610006439 0.976258216411 1.19557149987e-16 14.9491130912 -0.976258216411 0.216610006439 -9.59376048099e-17 18.9268901363 -1.19557149987e-16 -9.59376048099e-17 1 -4.56926843011e-05
0.201248886216 0.979540139962 1.19959069704e-16 15.2424394949 -0.979540139962 0.201248886216 -9.78187994811e-17 18.9898010978 -1.19959069704e-16 -9.78187994811e-17 1 -4.65761394928e-05
0.185838110843 0.98258037664 1.20331391316e-16 15.5367178707 -0.98258037664 0.185838110843 -9.97060751544e-17 19.0480969342 -1.20331391316e-16 -9.97060751544e-17 1 -4.74596118174e-05
0.170381482696 0.985378176313 1.20674022957e-16 15.8318756144 -0.985378176313 0.170381482696 -1.01598966173e-16 19.1017632628 -1.20674022957e-16 -1.01598966173e-16 1 -4.83458218152e-05
0.154882815468 0.987932848666 1.20986880089e-16 16.1278398963 -0.987932848666 0.154882815468 -1.03497005494e-16 19.150786844 -1.20986880089e-16 -1.03497005494e-16 1 -4.92350711045e-05
0.139345933222 0.990243763371 1.21269885519e-16 16.4245376953 -0.990243763371 0.139345933222 -1.05399724805e-16 19.1951555799 -1.21269885519e-16 -1.05399724805e-16 1 -5.0125213404e-05
0.123774669453 0.992310350244 1.21522969419e-16 16.7218958017 -0.992310350244 0.123774669453 -1.07306654639e-16 19.2348585264 -1.21522969419e-16 -1.07306654639e-16 1 -5.10163656493e-05
0.108172866136 0.994132099387 1.21746069344e-16 17.0198408499 -0.994132099387 0.108172866136 -1.09217324488e-16 19.2698858836 -1.21746069344e-16 -1.09217324488e-16 1 -5.1909686702e-05
0.0925443727831 0.99570856131 1.21939130249e-16 17.3182993273 -0.99570856131 0.0925443727831 -1.11131262924e-16 19.3002290119 -1.21939130249e-16 -1.11131262924e-16 1 -5.28038035199e-05
0.0768930454909 0.997039347045 1.22102104498e-16 17.617197595 -0.997039347045 0.0768930454909 -1.13047997711e-16 19.3258804217 -1.22102104498e-16 -1.13047997711e-16 1 -5.36992873972e-05
0.0612227459903 0.998124128239 1.2223495188e-16 17.9164619 -0.998124128239 0.0612227459903 -1.14967055924e-16 19.3468337865 -1.2223495188e-16 -1.14967055924e-16 1 -5.4597526594e-05
0.0455373406933 0.998962637241 1.22337639616e-16 18.216018405 -0.998962637241 0.0455373406933 -1.16887964063e-16 19.3630839384 -1.22337639616e-16 -1.16887964063e-16 1 -5.54944498106e-05
0.0298406997387 0.999554667159 1.22410142371e-16 18.515793203 -0.999554667159 0.0298406997387 -1.18810248173e-16 19.3746268619 -1.22410142371e-16 -1.18810248173e-16 1 -5.63928086432e-05
0.0141366960381 0.99990007192 1.22452442254e-16 18.815712323 -0.99990007192 0.0141366960381 -1.20733433959e-16 19.3814597133 -1.22452442254e-16 -1.20733433959e-16 1 -5.72890354746e-05
-0.00157079568076 0.9999987663 1.2246452883e-16 19.115701773 -0.9999987663 -0.00157079568076 -1.22657046905e-16 19.3835808069 -1.2246452883e-16 -1.22657046905e-16 1 -5.81879011179e-05
-0.0172778998293 0.999850725947 1.22446399116e-16 19.4156875284 -0.999850725947 -0.0172778998293 -1.24580612387e-16 19.380989617 -1.22446399116e-16 -1.24580612387e-16 1 -5.90852748772e-05
-0.0329807409146 0.99945598739 1.22398057585e-16 19.7155955757 -0.99945598739 -0.0329807409146 -1.26503655794e-16 19.3736867845 -1.22398057585e-16 -1.26503655794e-16 1 -5.99822196552e-05
-0.0486754444955 0.998814648022 1.22319516164e-16 20.0153519167 -0.998814648022 -0.0486754444955 -1.28425702645e-16 19.3616741093 -1.22319516164e-16 -1.28425702645e-16 1 -6.08770022481e-05
-0.0643581381389 0.997926866086 1.22210794233e-16 20.3148825881 -0.997926866086 -0.0643581381389 -1.30346278702e-16 19.3449545585 -1.22210794233e-16 -1.30346278702e-16 1 -6.17728428569e-05
-0.0800249523747 0.996792860627 1.22071918618e-16 20.6141136934 -0.996792860627 -0.0800249523747 -1.32264910092e-16 19.3235322567 -1.22071918618e-16 -1.32264910092e-16 1 -6.26665894714e-05
-0.095672021651 0.995412911446 1.21902923583e-16 20.9129713931 -0.995412911446 -0.095672021651 -1.34181123423e-16 19.297412487 -1.21902923583e-16 -1.34181123423e-16 1 -6.35594501102e-05
-0.111295485287 0.993787359023 1.21703850826e-16 21.2113819564 -0.993787359023 -0.111295485287 -1.36094445896e-16 19.2666016961 -1.21703850826e-16 -1.36094445896e-16 1 -6.44503499547e-05
-0.126891488428 0.99191660444 1.21474749465e-16 21.5092717489 -0.99191660444 -0.126891488428 -1.38004405429e-16 19.231107485 -1.21474749465e-16 -1.38004405429e-16 1 -6.53389064649e-05
-0.142456182993 0.989801109278 1.21215676027e-16 21.8065672741 -0.989801109278 -0.142456182993 -1.39910530767e-16 19.190938613 -1.21215676027e-16 -1.39910530767e-16 1 -6.62261904392e-05
-0.157985728626 0.987441395502 1.20926694435e-16 22.10319518 -0.987441395502 -0.157985728626 -1.41812351602e-16 19.1461049893 -1.20926694435e-16 -1.41812351602e-16 1 -6.71116861479e-05
-0.173476293645 0.984838045337 1.2060787599e-16 22.3990822765 -0.984838045337 -0.173476293645 -1.43709398689e-16 19.0966176774 -1.2060787599e-16 -1.43709398689e-16 1 -6.79929176108e-05
-0.188924055984 0.981991701121 1.20259299357e-16 22.6941555591 -0.981991701121 -0.188924055984 -1.45601203959e-16 19.0424888855 -1.20259299357e-16 -1.45601203959e-16 1 -6.88738313492e-05
-0.204325204139 0.978903065147 1.19881050541e-16 22.9883422217 -0.978903065147 -0.204325204139 -1.47487300638e-16 18.9837319709 -1.19881050541e-16 -1.47487300638e-16 1 -6.97499112849e-05
-0.219675938108 0.975572899489 1.19473222869e-16 23.281569682 -0.975572899489 -0.219675938108 -1.4936722336e-16 18.9203614295 -1.19473222869e-16 -1.4936722336e-16 1 -7.06241696573e-05
-0.234972470325 0.972002025815 1.19035916968e-16 23.5737655857 -0.972002025815 -0.234972470325 -1.51240508282e-16 18.8523928985 -1.19035916968e-16 -1.51240508282e-16 1 -7.14932280221e-05
-0.250211026602 0.968191325187 1.18569240735e-16 23.8648578423 -0.968191325187 -0.250211026602 -1.53106693199e-16 18.7798431464 -1.18569240735e-16 -1.53106693199e-16 1 -7.23614041043e-05
-0.265387847052 0.964141737836 1.18073309317e-16 24.154774627 -0.964141737836 -0.265387847052 -1.54965317657e-16 18.7027300744 -1.18073309317e-16 -1.54965317657e-16 1 -7.32230274778e-05
-0.280499187022 0.959854262938 1.17548245075e-16 24.4434444081 -0.959854262938 -0.280499187022 -1.5681592307e-16 18.6210727095 -1.17548245075e-16 -1.5681592307e-16 1 -7.40825344003e-05
-0.295541318014 0.955329958363 1.16994177564e-16 24.7307959603 -0.955329958363 -0.295541318014 -1.58658052827e-16 18.534891198 -1.16994177564e-16 -1.58658052827e-16 1 -7.49364724033e-05
-0.310510528609 0.950569940416 1.1641124349e-16 25.0167583874 -0.950569940416 -0.310510528609 -1.60491252411e-16 18.4442068047 -1.1641124349e-16 -1.60491252411e-16 1 -7.57881945184e-05
-0.325403125376 0.94557538356 1.15799586683e-16 25.3012611299 -0.94557538356 -0.325403125376 -1.62315069507e-16 18.349041905 -1.15799586683e-16 -1.62315069507e-16 1 -7.6633325925e-05
-0.340215433792 0.940347520127 1.15159358061e-16 25.5842339905 -0.940347520127 -0.340215433792 -1.64129054116e-16 18.2494199771 -1.15159358061e-16 -1.64129054116e-16 1 -7.74737807632e-05
-0.35494379914 0.934887640014 1.14490715591e-16 25.8656071498 -0.934887640014 -0.35494379914 -1.65932758664e-16 18.1453656036 -1.14490715591e-16 -1.65932758664e-16 1 -7.83104356561e-05
-0.369584587417 0.929197090365 1.13793824249e-16 26.145311185 -0.929197090365 -0.369584587417 -1.67725738114e-16 18.036904458 -1.13793824249e-16 -1.67725738114e-16 1 -7.91394687631e-05
-0.384134186228 0.923277275238 1.13068855985e-16 26.4232770854 -0.923277275238 -0.384134186228 -1.69507550075e-16 17.9240632993 -1.13068855985e-16 -1.69507550075e-16 1 -7.99659185837e-05
-0.398589005675 0.917129655259 1.12315989672e-16 26.6994362629 -0.917129655259 -0.398589005675 -1.71277754912e-16 17.8068699701 -1.12315989672e-16 -1.71277754912e-16 1 -8.07847016908e-05
-0.41294547925 0.91075574726 1.11535411069e-16 26.9737205836 -0.91075574726 -0.41294547925 -1.73035915853e-16 17.6853533875 -1.11535411069e-16 -1.73035915853e-16 1 -8.15982465445e-05
-0.427200064707 0.904157123908 1.10727312772e-16 27.2460623675 -0.904157123908 -0.427200064707 -1.74781599099e-16 17.5595435315 -1.10727312772e-16 -1.74781599099e-16 1 -8.24055350108e-05
-0.44134924494 0.897335413316 1.09891894168e-16 27.5163944238 -0.897335413316 -0.44134924494 -1.76514373927e-16 17.4294714453 -1.09891894168e-16 -1.76514373927e-16 1 -8.32063394718e-05
-0.455389528851 0.890292298637 1.09029361383e-16 27.7846500491 -0.890292298637 -0.455389528851 -1.78233812802e-16 17.2951692214 -1.09029361383e-16 -1.78233812802e-16 1 -8.40006859368e-05
-0.46931745221 0.883029517656 1.08139927235e-16 28.0507630584 -0.883029517656 -0.46931745221 -1.79939491478e-16 17.156669997 -1.08139927235e-16 -1.79939491478e-16 1 -8.47897344594e-05
-0.48312957851 0.875548862354 1.07223811178e-16 28.3146677879 -0.875548862354 -0.48312957851 -1.81630989104e-16 17.0140079447 -1.07223811178e-16 -1.81630989104e-16 1 -8.5570941259e-05
-0.496822499816 0.867852178471 1.0628123925e-16 28.576299125 -0.867852178471 -0.496822499816 -1.83307888329e-16 16.8672182613 -1.0628123925e-16 -1.83307888329e-16 1 -8.63446572232e-05
-0.510392837604 0.859941365049 1.05312444016e-16 28.8355925212 -0.859941365049 -0.510392837604 -1.84969775403e-16 16.7163371694 -1.05312444016e-16 -1.84969775403e-16 1 -8.71131899611e-05
-0.523837243597 0.851818373963 1.04317664513e-16 29.0924839924 -0.851818373963 -0.523837243597 -1.86616240279e-16 16.5614018935 -1.04317664513e-16 -1.86616240279e-16 1 -8.78720514041e-05
-0.537152400588 0.843485209439 1.03297146187e-16 29.3469101601 -0.843485209439 -0.537152400588 -1.88246876718e-16 16.4024506629 -1.03297146187e-16 -1.88246876718e-16 1 -8.86248564758e-05
-0.550335023262 0.834943927561 1.02251140836e-16 29.598808244 -0.834943927561 -0.550335023262 -1.89861282384e-16 16.2395226945 -1.02251140836e-16 -1.89861282384e-16 1 -8.93694733133e-05
-0.563381859003 0.826196635763 1.01179906545e-16 29.8481160948 -0.826196635763 -0.563381859003 -1.91459058947e-16 16.0726581895 -1.01179906545e-16 -1.91459058947e-16 1 -9.01062018084e-05
-0.576289688701 0.817245492307 1.00083707627e-16 30.0947722013 -0.817245492307 -0.576289688701 -1.9303981218e-16 15.9018983177 -1.00083707627e-16 -1.9303981218e-16 1 -9.0833287671e-05
-0.589055327542 0.808092705755 9.89628145517e-17 30.338715704 -0.808092705755 -0.589055327542 -1.94603152054e-16 15.7272852123 -9.89628145517e-17 -1.94603152054e-16 1 -9.15531691792e-05
-0.601675625795 0.798740534419 9.78175038826e-17 30.5798864108 -0.798740534419 -0.601675625795 -1.9614869284e-16 15.5488619574 -9.78175038826e-17 -1.9614869284e-16 1 -9.22645080337e-05
-0.61414746959 0.789191285809 9.66480582081e-17 30.8182248183 -0.789191285809 -0.61414746959 -1.97676053199e-16 15.3666725745 -9.66480582081e-17 -1.97676053199e-16 1 -9.29678993975e-05
-0.626467781687 0.779447316057 9.54547660713e-17 31.0536721198 -0.779447316057 -0.626467781687 -1.99184856276e-16 15.1807620179 -9.54547660713e-17 -1.99184856276e-16 1 -9.36616335894e-05
-0.638633522232 0.769511029343 9.42379218994e-17 31.2861702266 -0.769511029343 -0.638633522232 -2.00674729798e-16 14.9911761536 -9.42379218994e-17 -2.00674729798e-16 1 -9.43468415251e-05
-0.650641689512 0.759384877298 9.29978259304e-17 31.5156617669 -0.759384877298 -0.650641689512 -2.0214530616e-16 14.7979617625 -9.29978259304e-17 -2.0214530616e-16 1 -9.50239551711e-05
-0.662489320691 0.749071358397 9.17347841393e-17 31.7420901181 -0.749071358397 -0.662489320691 -2.0359622252e-16 14.6011665163 -9.17347841393e-17 -2.0359622252e-16 1 -9.5688001986e-05
-0.674173492543 0.738573017346 9.0449108163e-17 31.9653994179 -0.738573017346 -0.674173492543 -2.05027120886e-16 14.4008389728 -9.0449108163e-17 -2.05027120886e-16 1 -9.63453650975e-05
-0.685691322174 0.727892444455 8.91411152226e-17 32.1855345631 -0.727892444455 -0.685691322174 -2.06437648205e-16 14.1970285561 -8.91411152226e-17 -2.06437648205e-16 1 -9.69936364275e-05
-0.697039967731 0.717032274996 8.78111280459e-17 32.4024412432 -0.717032274996 -0.697039967731 -2.07827456451e-16 13.9897855561 -8.78111280459e-17 -2.07827456451e-16 1 -9.76308108607e-05
-0.708216629106 0.705995188551 8.64594747872e-17 32.6160659334 -0.705995188551 -0.708216629106 -2.09196202709e-16 13.7791611046 -8.64594747872e-17 -2.09196202709e-16 1 -9.82581472924e-05
-0.719218548626 0.694783908358 8.50864889469e-17 32.8263559291 -0.694783908358 -0.719218548626 -2.10543549261e-16 13.5652071717 -8.50864889469e-17 -2.10543549261e-16 1 -9.88761697034e-05
-0.73004301173 0.683401200631 8.36925092887e-17 33.0332593455 -0.683401200631 -0.73004301173 -2.1186916367e-16 13.3479765468 -8.36925092887e-17 -2.1186916367e-16 1 -9.94833612005e-05
-0.740687347645 0.671849873885 8.2277879756e-17 33.236725131 -0.671849873885 -0.740687347645 -2.13172718861e-16 13.1275228263 -8.2277879756e-17 -2.13172718861e-16 1 -0.000100079145508
-0.75114893004 0.660132778235 8.08429493877e-17 33.4367030815 -0.660132778235 -0.75114893004 -2.144538932e-16 12.9039004064 -8.08429493877e-17 -2.144538932e-16 1 -0.000100665529051
-0.761425177676 0.6482528047 7.93880722314e-17 33.6331438591 -0.6482528047 -0.761425177676 -2.15712370578e-16 12.6771644599 -7.93880722314e-17 -2.15712370578e-16 1 -0.00010124111944
-0.771513555043 0.636212884485 7.79136072561e-17 33.825998989 -0.636212884485 -0.771513555043 -2.16947840483e-16 12.447370932 -7.79136072561e-17 -2.16947840483e-16 1 -0.000101805567433
-0.781411572985 0.624015988261 7.6419918264e-17 34.0152208973 -0.624015988261 -0.781411572985 -2.18159998082e-16 12.2145765185 -7.6419918264e-17 -2.18159998082e-16 1 -0.000102359353013
-0.791116789314 0.611665125429 7.49073738006e-17 34.2007628879 -0.611665125429 -0.791116789314 -2.19348544293e-16 11.9788386599 -7.49073738006e-17 -2.19348544293e-16 1 -0.000102901437358
-0.800626809412 0.59916334338 7.33763470636e-17 34.3825791829 -0.59916334338 -0.800626809412 -2.20513185861e-16 11.740215521 -7.33763470636e-17 -2.20513185861e-16 1 -0.000103431925834
-0.809939286826 0.586513726741 7.1827215811e-17 34.5606249228 -0.586513726741 -0.809939286826 -2.21653635426e-16 11.4987659766 -7.1827215811e-17 -2.21653635426e-16 1 -0.000103952560521
-0.81905192384 0.573719396617 7.02603622676e-17 34.734856177 -0.573719396617 -0.81905192384 -2.22769611601e-16 11.2545496012 -7.02603622676e-17 -2.22769611601e-16 1 -0.000104461755127
-0.827962472047 0.560783509816 6.86761730311e-17 34.9052299569 -0.560783509816 -0.827962472047 -2.23860839035e-16 11.0076266522 -6.86761730311e-17 -2.23860839035e-16 1 -0.000104957745374
-0.836668732904 0.547709258075 6.70750389765e-17 35.0717042255 -0.547709258075 -0.836668732904 -2.24927048484e-16 10.758058052 -6.70750389765e-17 -2.24927048484e-16 1 -0.000105443029709
-0.84516855827 0.534499867271 6.54573551598e-17 35.2342379085 -0.534499867271 -0.84516855827 -2.25967976877e-16 10.50590538 -6.54573551598e-17 -2.25967976877e-16 1 -0.000105915617942
-0.85345985094 0.521158596622 6.38235207201e-17 35.3927909004 -0.521158596622 -0.85345985094 -2.2698336738e-16 10.2512308487 -6.38235207201e-17 -2.2698336738e-16 1 -0.000106375861899
-0.861540565163 0.507688737888 6.21739387817e-17 35.5473240818 -0.507688737888 -0.861540565163 -2.27972969461e-16 9.99409729684 -6.21739387817e-17 -2.27972969461e-16 1 -0.000106825481518
-0.869408707144 0.494093614554 6.05090163543e-17 35.6977993273 -0.494093614554 -0.869408707144 -2.2893653895e-16 9.73456816717 -6.05090163543e-17 -2.2893653895e-16 1 -0.00010726191498
-0.877062335534 0.480376581014 5.88291642324e-17 35.8441795036 -0.480376581014 -0.877062335534 -2.29873838101e-16 9.47270749521 -5.88291642324e-17 -2.29873838101e-16 1 -0.000107685580643
-0.884499561918 0.466541021741 5.71347968946e-17 35.9864284978 -0.466541021741 -0.884499561918 -2.3078463565e-16 9.20857988888 -5.71347968946e-17 -2.3078463565e-16 1 -0.000108098217897
-0.891718551269 0.452590350452 5.54263324006e-17 36.12451121 -0.452590350452 -0.891718551269 -2.3166870687e-16 8.94225052126 -5.54263324006e-17 -2.3166870687e-16 1 -0.000108497393866
-0.898717522412 0.438528009266 5.37041922884e-17 36.2583935728 -0.438528009266 -0.898717522412 -2.32525833631e-16 8.6737851017 -5.37041922884e-17 -2.32525833631e-16 1 -0.000108883841152
-0.905494748453 0.424357467855 5.19688014703e-17 36.3880425485 -0.424357467855 -0.905494748453 -2.33355804448e-16 8.4032498719 -5.19688014703e-17 -2.33355804448e-16 1 -0.00010925789672
-0.912048557214 0.410082222589 5.02205881281e-17 36.5134261506 -0.410082222589 -0.912048557214 -2.34158414541e-16 8.13071158043 -5.02205881281e-17 -2.34158414541e-16 1 -0.00010961995082
-0.918377331641 0.395705795671 4.84599836073e-17 36.6345134445 -0.395705795671 -0.918377331641 -2.34933465875e-16 7.85623747323 -4.84599836073e-17 -2.34933465875e-16 1 -0.000109966695006
-0.924479510203 0.381231734269 4.66874223106e-17 36.7512745489 -0.381231734269 -0.924479510203 -2.3568076722e-16 7.57989527268 -4.66874223106e-17 -2.3568076722e-16 1 -0.00011030336143
-0.93035358728 0.366663609641 4.49033415911e-17 36.8636806577 -0.366663609641 -0.93035358728 -2.36400134189e-16 7.3017531586 -4.49033415911e-17 -2.36400134189e-16 1 -0.000110625542923
-0.93599811353 0.352005016254 4.31081816439e-17 36.9717040381 -0.352005016254 -0.93599811353 -2.37091389289e-16 7.02187976364 -4.31081816439e-17 -2.37091389289e-16 1 -0.000110934726532
-0.941411696251 0.337259570896 4.1302385398e-17 37.075318033 -0.337259570896 -0.941411696251 -2.37754361964e-16 6.74034413823 -4.1302385398e-17 -2.37754361964e-16 1 -0.000111230499189
-0.946592999723 0.322430911786 3.94863984065e-17 37.174497078 -0.322430911786 -0.946592999723 -2.38388888635e-16 6.45721574946 -3.94863984065e-17 -2.38388888635e-16 1 -0.000111514023574
-0.951540745536 0.307522697673 3.7660668737e-17 37.2692167011 -0.307522697673 -0.951540745536 -2.38994812743e-16 6.17256445287 -3.7660668737e-17 -2.38994812743e-16 1 -0.000111782486628
-0.956253712909 0.292538606935 3.5825646861e-17 37.3594535362 -0.292538606935 -0.956253712909 -2.39571984783e-16 5.88646048229 -3.5825646861e-17 -2.39571984783e-16 1 -0.000112038265144
-0.960730738987 0.277482336674 3.39817855428e-17 37.4451853165 -0.277482336674 -0.960730738987 -2.40120262349e-16 5.59897443114 -3.39817855428e-17 -2.40120262349e-16 1 -0.000112281845016
-0.96497071913 0.262357601798 3.21295397274e-17 37.5263908873 -0.262357601798 -0.96497071913 -2.4063951016e-16 5.31017722974 -3.21295397274e-17 -2.4063951016e-16 1 -0.000112509837883
-0.968972607188 0.24716813411 3.02693664289e-17 37.6030502095 -0.24716813411 -0.968972607188 -2.411296001e-16 5.02014013541 -3.02693664289e-17 -2.411296001e-16 1 -0.000112726339834
-0.972735415754 0.231917681383 2.84017246172e-17 37.6751443751 -0.231917681383 -0.972735415754 -2.41590411247e-16 4.728934711 -2.84017246172e-17 -2.41590411247e-16 1 -0.000112926993698
-0.976258216411 0.216610006439 2.65270751049e-17 37.742655593 -0.216610006439 -0.976258216411 -2.42021829902e-16 4.43663280577 -2.65270751049e-17 -2.42021829902e-16 1 -0.000113115057608
-0.979540139962 0.201248886216 2.46458804337e-17 37.8055672024 -0.201248886216 -0.979540139962 -2.42423749619e-16 4.14330654326 -2.46458804337e-17 -2.42423749619e-16 1 -0.000113288930207
-0.98258037664 0.185838110843 2.27586047603e-17 37.8638636854 -0.185838110843 -0.98258037664 -2.4279607123e-16 3.84902829212 -2.27586047603e-17 -2.4279607123e-16 1 -0.000113449121839
-0.985378176313 0.170381482696 2.08657137418e-17 37.9175306563 -0.170381482696 -0.985378176313 -2.43138702872e-16 3.55387066576 -2.08657137418e-17 -2.43138702872e-16 1 -0.000113596773982
-0.987932848666 0.154882815468 1.89676744205e-17 37.9665548749 -0.154882815468 -0.987932848666 -2.43451560004e-16 3.25790648967 -1.89676744205e-17 -2.43451560004e-16 1 -0.000113729743058
-0.990243763371 0.139345933222 1.70649551095e-17 38.0109242438 -0.139345933222 -0.990243763371 -2.43734565433e-16 2.96120878651 -1.70649551095e-17 -2.43734565433e-16 1 -0.000113847718556
-0.992310350244 0.123774669453 1.51580252761e-17 38.0506278105 -0.123774669453 -0.992310350244 -2.43987649333e-16 2.66385076224 -1.51580252761e-17 -2.43987649333e-16 1 -0.000113952849493
-0.994132099387 0.108172866136 1.32473554268e-17 38.0856557867 -0.108172866136 -0.994132099387 -2.44210749259e-16 2.36590578597 -1.32473554268e-17 -2.44210749259e-16 1 -0.000114043015635
-0.99570856131 0.0925443727832 1.13334169908e-17 38.1159995261 -0.0925443727832 -0.99570856131 -2.44403810164e-16 2.06744737154 -1.13334169908e-17 -2.44403810164e-16 1 -0.000114119237358
-0.997039347045 0.076893045491 9.41668220373e-18 38.1416515421 -0.076893045491 -0.997039347045 -2.44566784413e-16 1.76854915825 -9.41668220373e-18 -2.44566784413e-16 1 -0.000114184693734
-0.998124128239 0.0612227459904 7.49762399122e-18 38.1626055046 -0.0612227459904 -0.998124128239 -2.44699631795e-16 1.46928489413 -7.49762399122e-18 -2.44699631795e-16 1 -0.000114232959866
-0.998962637241 0.0455373406933 5.57671585218e-18 38.1788562453 -0.0455373406933 -0.998962637241 -2.44802319531e-16 1.16972841922 -5.57671585218e-18 -2.44802319531e-16 1 -0.000114267727792
-0.999554667159 0.0298406997388 3.65443174195e-18 38.1903997516 -0.0298406997388 -0.999554667159 -2.44874822286e-16 0.869953644426 -3.65443174195e-18 -2.44874822286e-16 1 -0.000114288371139
