Matrix: 
  1.0081e-06            0            0        9e-08            0            0            0            0            0            0            0            0            0            0            0
           0   1.0081e-06            0            0        9e-08            0            0            0            0            0            0            0            0            0            0
           0            0   1.0081e-06            0            0        9e-08            0            0            0            0            0            0            0            0            0
       9e-08            0            0  1.78534e-06  1.52378e-13  1.14585e-11            0 -8.81536e-07  1.17228e-08            0            0            0        9e-08 -9.89551e-14  9.94674e-14
           0        9e-08            0  1.52378e-13  1.78521e-06 -1.03341e-08  8.81536e-07            0  1.29984e-11            0            0            0  9.89552e-14        9e-08 -9.80964e-14
           0            0        9e-08  1.14585e-11 -1.03341e-08  1.00824e-06 -1.17228e-08 -1.29984e-11            0            0            0            0 -9.94673e-14  9.80965e-14        9e-08
           0            0            0            0  8.81536e-07 -1.17228e-08   1.0081e-06 -1.27742e-30 -1.50463e-36       -9e-08  9.89551e-14 -9.94674e-14            0            0            0
           0            0            0 -8.81536e-07            0 -1.29984e-11  3.00297e-31   1.0081e-06            0 -9.89552e-14       -9e-08  9.80964e-14            0            0            0
           0            0            0  1.17228e-08  1.29984e-11            0 -1.50463e-36            0   1.0081e-06  9.94673e-14 -9.80965e-14       -9e-08            0            0            0
           0            0            0            0            0            0       -9e-08 -9.89552e-14  9.94673e-14        1e-06            0            0            0            0            0
           0            0            0            0            0            0  9.89551e-14       -9e-08 -9.80965e-14            0        1e-06            0            0            0            0
           0            0            0            0            0            0 -9.94674e-14  9.80964e-14       -9e-08            0            0        1e-06            0            0            0
           0            0            0        9e-08  9.89552e-14 -9.94673e-14            0            0            0            0            0            0        1e-06            0            0
           0            0            0 -9.89551e-14        9e-08  9.80965e-14            0            0            0            0            0            0            0        1e-06            0
           0            0            0  9.94674e-14 -9.80964e-14        9e-08            0            0            0            0            0            0            0            0        1e-06
Matrix: 
 6.55304e-13  2.38364e-19  6.44061e-25  5.60855e-13  5.75315e-18  4.08156e-21  3.19688e-21  3.53092e-15  2.02497e-13 -3.91172e-20 -3.88481e-14  -1.9198e-14  4.44257e-14 -6.90516e-20  4.50074e-20
 2.38364e-19  6.15005e-13 -2.97871e-20  2.66436e-18  1.10456e-13 -2.35629e-19 -3.97906e-16  1.89272e-20   1.1914e-18   4.3786e-15 -2.08686e-19 -4.44897e-20  2.38641e-19  5.00727e-15  3.80969e-19
 6.44166e-25 -2.97859e-20  6.55274e-13  1.15044e-18 -1.95064e-13  5.60877e-13 -2.03869e-13  -1.1509e-18 -2.35562e-20     3.43e-14 -4.04609e-19  2.59401e-19 -1.36671e-19  1.72739e-14  4.47045e-14
  5.6085e-13  2.66436e-18  1.15044e-18  9.92673e-09  6.44266e-17  3.58219e-17  3.83045e-20 -7.13299e-11  3.18991e-12  8.07411e-17   7.7394e-10 -1.05119e-11  1.09115e-07 -1.14124e-14  7.39481e-16
 5.75315e-18  1.10475e-13 -1.95064e-13  6.44266e-17  9.92169e-09 -2.18672e-12  7.13647e-11  2.09251e-19  1.14319e-15 -7.74324e-10  7.69862e-17 -1.22644e-14  1.14199e-14  1.09115e-07 -1.46468e-11
 4.08156e-21 -2.35605e-19  5.60874e-13  3.58219e-17 -2.18672e-12  9.92528e-09 -3.20527e-12 -1.14274e-15 -2.43677e-19  1.05777e-11  1.22537e-14  1.32664e-18 -5.65459e-16  1.45016e-11   1.0911e-07
 3.19688e-21 -3.97906e-16 -2.03869e-13  3.83045e-20  7.13647e-11 -3.20527e-12  9.85913e-09 -1.30635e-17 -9.74268e-16 -1.08439e-07  1.14874e-14  1.00695e-14  8.11923e-17  7.74163e-10 -1.04976e-11
 3.53092e-15  1.89272e-20  -1.1509e-18 -7.13299e-11  2.09251e-19 -1.14274e-15 -1.30635e-17  9.85914e-09  8.26106e-13 -1.12012e-14 -1.08439e-07  5.37755e-12 -7.74162e-10  7.92871e-17 -1.22616e-14
 2.02497e-13   1.1914e-18 -2.35562e-20  3.18991e-12  1.14319e-15 -2.43677e-19 -9.74268e-16  8.26106e-13  9.92067e-09  1.13674e-14 -2.34704e-11 -1.09116e-07   1.0393e-11  1.22559e-14 -1.37737e-18
-3.91172e-20   4.3786e-15     3.43e-14  8.07411e-17 -7.74324e-10  1.05777e-11 -1.08439e-07 -1.12012e-14  1.13674e-14  1.19283e-06 -1.56887e-15 -1.17936e-13 -7.43827e-20 -8.51674e-09  1.13301e-10
-3.88481e-14 -2.08686e-19 -4.04609e-19   7.7394e-10  7.69862e-17  1.22537e-14  1.14874e-14 -1.08439e-07 -2.34704e-11 -1.56887e-15  1.19283e-06  9.90627e-11  8.51671e-09 -1.63269e-19  1.34868e-13
 -1.9198e-14 -4.44897e-20  2.59401e-19 -1.05119e-11 -1.22644e-14  1.32664e-18  1.00695e-14  5.37755e-12 -1.09116e-07 -1.17936e-13  9.90627e-11  1.20028e-06 -1.13285e-10 -1.34869e-13  2.37652e-19
 4.44257e-14  2.38641e-19 -1.36671e-19  1.09115e-07  1.14199e-14 -5.65459e-16  8.11923e-17 -7.74162e-10   1.0393e-11 -7.43827e-20  8.51671e-09 -1.13285e-10  1.20026e-06  1.27242e-17  9.62988e-16
-6.90516e-20  5.00727e-15  1.72739e-14 -1.14124e-14  1.09115e-07  1.45016e-11  7.74163e-10  7.92871e-17  1.22559e-14 -8.51674e-09 -1.63269e-19 -1.34869e-13  1.27242e-17  1.20026e-06 -7.91721e-13
 4.50074e-20  3.80975e-19  4.47045e-14  7.39481e-16 -1.46468e-11   1.0911e-07 -1.04976e-11 -1.22616e-14 -1.37737e-18  1.13301e-10  1.34868e-13  2.37652e-19  9.62988e-16 -7.91721e-13   1.2002e-06
Matrix: 
  4.0039e-13  3.67602e-19  1.06431e-23  8.35438e-13  7.06432e-18  1.38677e-21 -9.60974e-22   4.2647e-17  3.18759e-13  8.16722e-21 -4.57552e-16 -1.29227e-12  2.95269e-12  3.94653e-18  9.93811e-21
 3.67602e-19  3.49796e-13 -4.76154e-19  5.49853e-18  1.60751e-13  2.19686e-18 -4.27321e-18   3.5246e-22  2.59404e-18  4.99144e-17  -3.7642e-21 -1.17624e-17  2.25892e-17  5.52287e-13  3.77859e-17
 1.06432e-23 -4.76065e-19  4.00382e-13  8.69254e-19 -9.42158e-14  8.35463e-13 -3.18766e-13 -2.61195e-18 -9.72591e-22  1.29235e-12  1.16266e-17  8.25341e-21 -6.73041e-18  1.15417e-12  2.95299e-12
 8.35441e-13  5.49853e-18  8.69254e-19  3.42985e-11   2.9914e-16  8.22541e-17  4.29775e-19 -3.23836e-12  1.19952e-11  1.85096e-18  2.50768e-11 -8.33332e-11  2.29884e-10  1.62833e-15  5.56732e-16
 7.06432e-18  1.60741e-13 -9.42158e-14   2.9914e-16  8.43121e-12 -6.91094e-12  3.19572e-12 -9.20567e-20  1.38699e-16 -2.46158e-11  7.29303e-18 -9.84595e-16  2.07542e-15  5.56183e-11 -5.21189e-11
 1.38678e-21  2.19626e-18  8.35465e-13  8.22541e-17 -6.91094e-12  3.21826e-11 -1.19954e-11 -1.39412e-16 -4.35295e-21  8.33341e-11  9.74659e-16  4.72968e-20   3.6585e-16 -2.79222e-11  2.17038e-10
-9.60975e-22 -4.27221e-18 -3.18766e-13  4.29775e-19  3.19572e-12 -1.19954e-11  5.59435e-12 -2.98104e-19 -6.69165e-21 -3.86948e-11  1.13162e-17  3.12085e-20  6.20482e-18  1.26613e-11 -8.03836e-11
 4.26473e-17  3.52459e-22 -2.61195e-18 -3.23836e-12 -9.20566e-20 -1.39412e-16 -2.98104e-19  5.64093e-12  6.81961e-16 -5.08331e-18  -3.9197e-11 -3.97683e-15 -1.31282e-11  5.46586e-19 -7.78758e-16
 3.18759e-13  2.59404e-18 -9.72592e-22  1.19952e-11  1.38699e-16 -4.35293e-21 -6.69165e-21   6.8196e-16  5.59447e-12  9.64205e-20 -8.87801e-15 -3.86961e-11   8.0379e-11  7.54432e-16 -2.94798e-20
 8.16722e-21  4.99033e-17  1.29235e-12  1.85096e-18 -2.46158e-11  8.33341e-11 -3.86948e-11 -5.08331e-18  9.64205e-20  2.94124e-10  -3.2868e-17 -6.02746e-19  -2.9974e-17 -1.40647e-10  6.18308e-10
-4.57555e-16 -3.76419e-21  1.16266e-17  2.50768e-11  7.29303e-18  9.74659e-16  1.13162e-17  -3.9197e-11 -8.87802e-15  -3.2868e-17  2.99583e-10  5.84823e-14  1.45744e-10  2.96339e-17  6.40711e-15
-1.29227e-12 -1.17624e-17  8.25342e-21 -8.33331e-11 -9.84595e-16  4.72965e-20  3.12085e-20 -3.97682e-15 -3.86961e-11 -6.02746e-19  5.84822e-14  2.94138e-10 -6.18281e-10 -6.32612e-15  3.36834e-19
 2.95272e-12  2.25892e-17 -6.73041e-18  2.29884e-10  2.07542e-15   3.6585e-16  6.20482e-18 -1.31282e-11   8.0379e-11  -2.9974e-17  1.45744e-10 -6.18281e-10  1.78081e-09  1.35711e-14  4.06496e-15
 3.94655e-18  5.52173e-13  1.15417e-12  1.62833e-15  5.56183e-11 -2.79222e-11  1.26613e-11  5.46586e-19  7.54432e-16 -1.40647e-10  2.96339e-17 -6.32612e-15  1.35711e-14   4.6708e-10 -3.10223e-10
 9.93819e-21  3.77774e-17  2.95301e-12  5.56732e-16 -5.21189e-11  2.17038e-10 -8.03836e-11 -7.78758e-16   -2.948e-20  6.18308e-10  6.40711e-15  3.36837e-19  4.06496e-15 -3.10223e-10  1.63813e-09
Matrix: 
 3.25701e-13  1.32631e-19  3.63654e-20  7.51992e-13   9.1255e-19  1.37653e-18 -6.40089e-19  2.26394e-15    2.854e-13  3.77757e-18 -1.37434e-14 -9.26218e-13  1.99331e-12 -2.86757e-17  7.82024e-18
 1.32627e-19  2.64034e-13  3.94244e-17 -2.64648e-19  1.44424e-13  1.52244e-15 -6.93697e-16 -6.36182e-21 -9.35534e-20  4.19807e-15  3.77319e-20  2.98215e-18 -7.25932e-18  3.65672e-13  8.89795e-15
 3.63655e-20  3.93722e-17  3.25221e-13  1.76608e-19 -9.42785e-14  7.35369e-13  -2.7707e-13  1.22539e-19  2.97136e-19  8.75861e-13 -3.22194e-18 -1.56233e-18 -3.06172e-18  1.20528e-12  1.89391e-12
 7.51993e-13 -2.64576e-19  1.76605e-19  1.72288e-11  7.03001e-17  5.26649e-17 -1.09856e-17 -1.63343e-12  5.83419e-12  6.44413e-17  9.99508e-12 -3.03956e-11  8.37255e-11  1.57958e-16  2.84453e-16
 9.12551e-19   1.4442e-13 -9.42785e-14     7.03e-17  4.48758e-12 -3.68693e-12   1.6701e-12 -4.73026e-19  3.15129e-17 -1.00972e-11  4.68023e-18 -2.04635e-16     4.46e-16  2.10075e-11 -2.14491e-11
 1.37653e-18  1.52042e-15  7.35369e-13  5.26649e-17 -3.68693e-12  1.52261e-11 -5.53446e-12 -3.12922e-17  1.12899e-17  2.85906e-11  1.99551e-16 -5.84634e-17  2.62102e-16 -5.04585e-12  7.43197e-11
-6.40089e-19 -6.92784e-16  -2.7707e-13 -1.09856e-17   1.6701e-12 -5.53446e-12  2.55208e-12 -1.08257e-18 -5.33331e-18  -1.3053e-11  8.19532e-18  2.78674e-17 -5.53228e-17  2.00585e-12 -2.65872e-11
 2.26415e-15 -6.36198e-21  1.22542e-19 -1.63343e-12 -4.73025e-19 -3.12921e-17 -1.08258e-18  2.57465e-12  2.71963e-14  4.53859e-18 -1.32356e-11 -1.72543e-13 -1.82838e-12  -1.5032e-18 -6.39744e-17
   2.854e-13   -9.352e-20  2.97136e-19  5.83419e-12  3.15129e-17  1.12899e-17 -5.33331e-18  2.71962e-14   2.6976e-12  3.09041e-17 -1.64839e-13 -1.39328e-11  2.83642e-11  6.53354e-17  6.32213e-17
 3.77757e-18  4.19254e-15  8.75861e-13  6.44413e-17 -1.00972e-11  2.85906e-11  -1.3053e-11  4.53858e-18  3.09041e-17  7.68045e-11 -4.04877e-17 -1.60381e-16  3.10339e-16 -3.52631e-11  1.60353e-10
-1.37447e-14   3.7734e-20 -3.22196e-18  9.99508e-12  4.68022e-18  1.99551e-16  8.19533e-18 -1.32356e-11  -1.6484e-13 -4.04878e-17  7.86995e-11  1.04623e-12  3.56765e-11  1.76496e-17  9.44547e-16
-9.26218e-13  2.98199e-18 -1.56233e-18 -3.03956e-11 -2.04635e-16 -5.84635e-17  2.78674e-17 -1.72542e-13 -1.39328e-11 -1.60381e-16  1.04622e-12   8.2125e-11 -1.71071e-10 -9.58067e-16 -3.25021e-16
 1.99332e-12 -7.25899e-18 -3.06172e-18  8.37255e-11     4.46e-16  2.62102e-16 -5.53228e-17 -1.82839e-12  2.83642e-11  3.10339e-16  3.56765e-11 -1.71071e-10  5.26606e-10  2.29385e-15  2.39674e-15
-2.86757e-17  3.65636e-13  1.20528e-12  1.57957e-16  2.10075e-11 -5.04584e-12  2.00585e-12 -1.50321e-18  6.53352e-17 -3.52631e-11  1.76497e-17 -9.58065e-16  2.29385e-15  1.60072e-10  -8.4605e-11
 7.82023e-18  8.88623e-15  1.89392e-12  2.84453e-16 -2.14491e-11  7.43197e-11 -2.65872e-11 -6.39745e-17  6.32213e-17  1.60353e-10  9.44547e-16 -3.25021e-16  2.39674e-15  -8.4605e-11  4.33336e-10
Matrix: 
 2.95669e-13  6.52497e-20   3.4288e-20  7.15766e-13  1.04089e-18  8.52217e-19  -4.0516e-19  3.27642e-15  2.68897e-13  1.95564e-18 -1.66043e-14 -7.47277e-13  1.54116e-12 -2.52155e-17  3.91464e-18
  6.5247e-20   2.2331e-13  1.14227e-16 -5.44662e-19  1.36046e-13  2.91759e-15 -1.29211e-15 -1.42861e-20 -2.27281e-19  6.45048e-15  7.12914e-20  2.16997e-18 -5.09673e-18  2.70982e-13  1.37842e-14
 3.42881e-20   1.1415e-16  2.94276e-13  4.37031e-19 -9.47361e-14  6.81188e-13 -2.52266e-13   1.9291e-19  3.74993e-19  6.63222e-13 -2.05108e-18 -1.95864e-18  7.49329e-19  1.23229e-12  1.37131e-12
 7.15766e-13 -5.44613e-19   4.3703e-19  1.18686e-11  4.94334e-17  4.39145e-17 -9.38584e-18 -1.08972e-12   3.8928e-12   4.5061e-17  5.60524e-12 -1.65052e-11  4.55644e-11  5.20235e-17  1.89868e-16
 1.04089e-18  1.36044e-13  -9.4736e-14  4.94333e-17  3.23398e-12 -2.59526e-12  1.14857e-12 -1.66633e-19  2.15829e-17 -5.79442e-12   2.3136e-18 -1.17118e-16  2.59297e-16  1.17439e-11 -1.23948e-11
 8.52214e-19  2.91552e-15  6.81188e-13  4.39144e-17 -2.59526e-12  9.84475e-12 -3.47454e-12 -2.03628e-17  9.43419e-18   1.4413e-11  1.12023e-16 -4.83682e-17  2.00114e-16  2.36679e-14  3.76165e-11
 -4.0516e-19  -1.2912e-15 -2.52266e-13 -9.38583e-18  1.14857e-12 -3.47454e-12   1.5817e-12 -7.94395e-19 -4.46478e-18 -6.46288e-12  5.12601e-18  2.30686e-17 -4.68375e-17  -2.8922e-13 -1.29131e-11
 3.27662e-15 -1.42864e-20  1.92912e-19 -1.08972e-12  -1.6663e-19 -2.03628e-17 -7.94397e-19   1.6053e-12  3.32141e-14  3.65577e-18 -6.57736e-12 -1.89561e-13  6.56932e-13 -5.53013e-19 -6.81931e-18
 2.68896e-13 -2.27259e-19  3.74993e-19   3.8928e-12  2.15829e-17   9.4342e-18 -4.46479e-18   3.3214e-14  1.78043e-12  2.16614e-17 -1.69267e-13 -7.46731e-12  1.49588e-11  1.66831e-17   4.3664e-17
 1.95565e-18  6.44587e-15  6.63222e-13   4.5061e-17 -5.79442e-12   1.4413e-11 -6.46288e-12  3.65576e-18  2.16614e-17  3.13251e-11 -2.62501e-17 -1.12028e-16  2.17835e-16 -1.32216e-11   6.4822e-11
-1.66053e-14  7.12941e-20  -2.0511e-18  5.60524e-12  2.31358e-18  1.12023e-16  5.12602e-18 -6.57736e-12 -1.69267e-13 -2.62502e-17  3.23561e-11  9.67099e-13  1.28573e-11  9.09108e-18  3.73299e-16
-7.47277e-13  2.16987e-18 -1.95865e-18 -1.65052e-11 -1.17118e-16 -4.83682e-17  2.30686e-17  -1.8956e-13 -7.46731e-12 -1.12028e-16  9.67093e-13  3.64021e-11 -7.50966e-11 -4.05246e-16 -2.23973e-16
 1.54116e-12 -5.09653e-18  7.49331e-19  4.55644e-11  2.59297e-16  2.00114e-16 -4.68376e-17  6.56929e-13  1.49589e-11  2.17835e-16  1.28573e-11 -7.50966e-11  2.52277e-10  1.06029e-15  1.61383e-15
-2.52155e-17  2.70967e-13  1.23229e-12  5.20231e-17  1.17439e-11  2.36759e-14 -2.89222e-13 -5.53039e-19   1.6683e-17 -1.32216e-11  9.09123e-18 -4.05246e-16  1.06029e-15  8.81237e-11 -3.60446e-11
 3.91463e-18  1.37744e-14  1.37131e-12  1.89868e-16 -1.23949e-11  3.76165e-11 -1.29131e-11 -6.81936e-18   4.3664e-17   6.4822e-11  3.73299e-16 -2.23973e-16  1.61382e-15 -3.60446e-11   1.8023e-10
Matrix: 
 2.82362e-13  4.03521e-20  4.30436e-20  6.92402e-13  1.36588e-18  8.02702e-19 -3.85926e-19  4.02361e-15  2.57517e-13  1.62894e-18 -1.78043e-14 -6.37555e-13  1.26773e-12 -2.27642e-17   3.2008e-18
 4.03501e-20  2.00569e-13  1.94504e-16 -4.20047e-19  1.30831e-13  3.86947e-15  -1.6724e-15 -1.63685e-20 -1.74385e-19  7.22475e-15  7.08979e-20  1.30344e-18 -3.07245e-18  2.13823e-13  1.55411e-14
 4.30437e-20  1.94421e-16  2.79703e-13  8.86174e-19 -9.36294e-14  6.40323e-13 -2.33148e-13   1.3441e-19  5.11459e-19  5.30531e-13 -1.17183e-18 -2.42843e-18   3.2322e-18  1.24256e-12  1.04903e-12
 6.92402e-13 -4.20011e-19  8.86174e-19  9.22378e-12  3.87586e-17  4.22654e-17  -9.9025e-18 -8.01518e-13  2.94162e-12  4.14507e-17  3.60156e-12 -1.06541e-11  2.94994e-11  9.16456e-18  1.54941e-16
 1.36588e-18  1.30831e-13 -9.36294e-14  3.87586e-17  2.61415e-12 -2.01002e-12  8.71467e-13 -8.31706e-20  1.65585e-17  -3.8101e-12  1.54811e-18 -7.57469e-17   1.6919e-16  7.79982e-12 -8.19746e-12
   8.027e-19  3.86772e-15  6.40323e-13  4.22654e-17 -2.01002e-12   7.1893e-12 -2.46331e-12 -1.49915e-17   9.8964e-18  8.58594e-12  7.14038e-17 -4.62611e-17   1.6896e-16  1.75292e-12  2.25345e-11
-3.85927e-19 -1.67164e-15 -2.33148e-13 -9.90249e-18  8.71467e-13 -2.46331e-12  1.11147e-12 -7.62964e-19 -4.62228e-18  -3.7986e-12  4.13219e-18  2.18032e-17 -4.48249e-17 -1.03301e-12 -7.40324e-12
 4.02375e-15 -1.63688e-20  1.34411e-19 -8.01518e-13 -8.31676e-20 -1.49915e-17 -7.62966e-19  1.14124e-12  3.54458e-14  3.54906e-18 -3.89171e-12 -1.83692e-13  1.51533e-12 -2.33575e-19  1.50356e-17
 2.57517e-13 -1.74369e-19  5.11459e-19  2.94162e-12  1.65585e-17  9.89641e-18 -4.62228e-18  3.54457e-14  1.33488e-12  1.98006e-17 -1.58254e-13 -4.77976e-12   9.4097e-12 -2.03979e-18  3.99312e-17
 1.62894e-18  7.22144e-15  5.30531e-13  4.14507e-17  -3.8101e-12  8.58593e-12  -3.7986e-12  3.54904e-18  1.98006e-17  1.57818e-11 -2.05771e-17 -9.35789e-17   1.8361e-16 -5.70724e-12  3.21071e-11
-1.78049e-14  7.09002e-20 -1.17183e-18  3.60155e-12  1.54809e-18  7.14038e-17   4.1322e-18 -3.89171e-12 -1.58255e-13 -2.05771e-17  1.64579e-11  8.21166e-13  5.09889e-12  5.73114e-18  1.61445e-16
-6.37555e-13  1.30338e-18 -2.42843e-18 -1.06541e-11  -7.5747e-17 -4.62611e-17  2.18032e-17 -1.83691e-13 -4.77977e-12  -9.3579e-17  8.21162e-13   2.0092e-11 -4.08384e-11 -1.94308e-16 -1.87127e-16
 1.26773e-12 -3.07231e-18  3.23221e-18  2.94994e-11   1.6919e-16   1.6896e-16  -4.4825e-17  1.51532e-12   9.4097e-12   1.8361e-16   5.0989e-12 -4.08384e-11  1.51904e-10  5.68986e-16  1.25073e-15
-2.27642e-17  2.13816e-13  1.24256e-12  9.16431e-18  7.79982e-12  1.75292e-12 -1.03301e-12 -2.33601e-19 -2.03987e-18 -5.70723e-12  5.73125e-18 -1.94308e-16  5.68984e-16  5.97956e-11  -1.8776e-11
  3.2008e-18   1.5534e-14  1.04903e-12  1.54941e-16 -8.19746e-12  2.25345e-11 -7.40324e-12  1.50355e-17  3.99312e-17  3.21071e-11  1.61445e-16 -1.87127e-16  1.25073e-15  -1.8776e-11  9.23375e-11
Matrix: 
  2.7647e-13  2.91655e-20  6.40541e-20   6.7446e-13  1.53342e-18  9.98634e-19 -4.68637e-19  4.44393e-15  2.48336e-13  1.79904e-18 -1.76518e-14 -5.62572e-13  1.08496e-12 -2.14721e-17  3.57828e-18
 2.91639e-20  1.86719e-13  2.66198e-16 -2.95364e-19  1.27212e-13  4.39911e-15 -1.85977e-15 -1.56441e-20 -1.21047e-19  7.14603e-15  6.03811e-20   7.9875e-19 -1.90548e-18  1.75776e-13  1.54594e-14
 6.40541e-20  2.66118e-16  2.72297e-13  1.30359e-18 -9.12181e-14  6.06083e-13 -2.17136e-13  9.64787e-20  6.45253e-19  4.40371e-13 -7.32827e-19 -2.72109e-18  4.62409e-18   1.2395e-12  8.33132e-13
  6.7446e-13 -2.95336e-19  1.30359e-18  7.63565e-12  3.10945e-17  4.12099e-17  -1.0356e-17 -6.19824e-13  2.37666e-12  3.88786e-17   2.4973e-12  -7.5914e-12  2.10953e-11 -1.38669e-17   1.3296e-16
 1.53342e-18  1.27212e-13 -9.12181e-14  3.10945e-17  2.23659e-12 -1.62981e-12  6.94264e-13 -6.41861e-20  1.30382e-17 -2.69856e-12  1.15631e-18 -5.18034e-17  1.16406e-16  5.71011e-12 -5.83099e-12
 9.98632e-19  4.39771e-15  6.06083e-13  4.12099e-17 -1.62981e-12  5.61338e-12 -1.86851e-12  -1.1445e-17  1.03527e-17  5.64124e-12  4.83031e-17 -4.29408e-17  1.44552e-16  2.44185e-12  1.48984e-11
-4.68637e-19 -1.85918e-15 -2.17136e-13  -1.0356e-17  6.94264e-13 -1.86851e-12  8.38976e-13 -7.43336e-19  -4.7482e-18 -2.47457e-12  3.44726e-18  1.99602e-17 -4.13266e-17 -1.30432e-12 -4.67625e-12
 4.44404e-15 -1.56443e-20  9.64799e-20 -6.19824e-13 -6.41836e-20  -1.1445e-17 -7.43338e-19  8.76128e-13   3.5095e-14  3.31503e-18 -2.55995e-12 -1.68127e-13  1.86926e-12 -5.30036e-20  2.56657e-17
 2.48336e-13 -1.21036e-19  6.45254e-19  2.37666e-12  1.30382e-17  1.03528e-17  -4.7482e-18  3.50949e-14  1.07233e-12  1.83705e-17  -1.4098e-13 -3.38871e-12  6.55121e-12  -1.1545e-17  3.72187e-17
 1.79905e-18  7.14372e-15  4.40371e-13  3.88786e-17 -2.69856e-12  5.64124e-12 -2.47457e-12  3.31501e-18  1.83705e-17  9.06715e-12 -1.62451e-17   -7.733e-17  1.52422e-16 -2.48275e-12  1.79622e-11
-1.76522e-14  6.03829e-20 -7.32832e-19   2.4973e-12   1.1563e-18  4.83031e-17  3.44727e-18 -2.55995e-12  -1.4098e-13 -1.62452e-17  9.55506e-12  6.76285e-13  1.78933e-12  3.74543e-18  6.70979e-17
-5.62572e-13  7.98704e-19 -2.72109e-18  -7.5914e-12 -5.18034e-17 -4.29408e-17  1.99603e-17 -1.68127e-13 -3.38871e-12 -7.73301e-17  6.76282e-13    1.265e-11 -2.52192e-11 -9.63532e-17 -1.54935e-16
 1.08496e-12 -1.90538e-18  4.62409e-18  2.10953e-11  1.16406e-16  1.44552e-16 -4.13267e-17  1.86926e-12  6.55121e-12  1.52423e-16  1.78934e-12 -2.52192e-11   1.0496e-10  3.31812e-16  1.02682e-15
-2.14721e-17  1.75772e-13   1.2395e-12 -1.38671e-17  5.71011e-12  2.44186e-12 -1.30432e-12 -5.30263e-20 -1.15451e-17 -2.48274e-12  3.74552e-18 -9.63529e-17  3.31811e-16  4.53901e-11 -1.09538e-11
 3.57827e-18  1.54544e-14  8.33132e-13   1.3296e-16 -5.83099e-12  1.48984e-11 -4.67625e-12  2.56657e-17  3.72186e-17  1.79622e-11   6.7098e-17 -1.54935e-16  1.02682e-15 -1.09538e-11  5.36739e-11
Matrix: 
 2.74091e-13  2.34083e-20  9.28363e-20  6.59369e-13  1.58448e-18  1.27138e-18 -5.77021e-19  4.57524e-15  2.40303e-13  2.04375e-18 -1.66324e-14 -5.07538e-13  9.54893e-13 -2.07007e-17  4.13563e-18
 2.34069e-20  1.77834e-13  3.20587e-16 -2.03014e-19  1.24546e-13  4.55965e-15 -1.88891e-15 -1.38017e-20 -8.18666e-20  6.57727e-15  4.84789e-20  5.06051e-19 -1.22796e-18  1.48877e-13  1.42965e-14
 9.28363e-20  3.20515e-16  2.68257e-13  1.64466e-18 -8.80245e-14  5.76341e-13 -2.03327e-13  7.70307e-20  7.55155e-19  3.75957e-13 -5.06905e-19 -2.85128e-18  5.33214e-18  1.22647e-12  6.81742e-13
 6.59369e-13 -2.02991e-19  1.64466e-18  6.57055e-12  2.54312e-17  3.98453e-17 -1.04529e-17  -4.9543e-13  2.00239e-12  3.58137e-17  1.82347e-12 -5.76872e-12  1.60985e-11 -2.66606e-17  1.15914e-16
 1.58448e-18  1.24546e-13 -8.80245e-14  2.54312e-17  1.97755e-12 -1.35834e-12  5.70228e-13 -6.12229e-20  1.05002e-17  -2.0069e-12  8.92023e-19 -3.71509e-17  8.37497e-17  4.45163e-12 -4.34734e-12
 1.27137e-18  4.55855e-15  5.76341e-13  3.98453e-17 -1.35834e-12  4.58019e-12 -1.48304e-12 -9.00095e-18  1.04673e-17  3.96572e-12   3.4318e-17 -3.87797e-17  1.24151e-16    2.721e-12  1.05381e-11
-5.77021e-19 -1.88845e-15 -2.03327e-13 -1.04529e-17  5.70229e-13 -1.48304e-12  6.65006e-13 -7.01973e-19 -4.71072e-18 -1.73338e-12  2.86622e-18  1.77786e-17  -3.6976e-17 -1.39424e-12 -3.15802e-12
 4.57531e-15 -1.38019e-20  7.70316e-20  -4.9543e-13  -6.1221e-20 -9.00094e-18 -7.01975e-19    7.097e-13  3.31662e-14  2.96891e-18  -1.8166e-12 -1.49188e-13  2.02565e-12  7.68622e-20   3.1008e-17
 2.40303e-13 -8.18576e-20  7.55155e-19  2.00239e-12  1.05002e-17  1.04673e-17 -4.71072e-18  3.31661e-14  8.99413e-13  1.67156e-17 -1.22213e-13 -2.56794e-12  4.87392e-12 -1.64349e-17  3.40201e-17
 2.04375e-18  6.57566e-15  3.75957e-13  3.58137e-17  -2.0069e-12  3.96572e-12 -1.73338e-12   2.9689e-18  1.67156e-17  5.72838e-12  -1.2766e-17 -6.31602e-17  1.24688e-16 -9.05991e-13  1.09326e-11
-1.66327e-14  4.84801e-20 -5.06909e-19  1.82347e-12  8.92017e-19   3.4318e-17  2.86622e-18  -1.8166e-12 -1.22214e-13  -1.2766e-17   6.1034e-12  5.50486e-13  1.76195e-13  2.44189e-18  2.14639e-17
-5.07538e-13  5.06018e-19 -2.85128e-18 -5.76872e-12  -3.7151e-17 -3.87798e-17  1.77786e-17 -1.49187e-13 -2.56794e-12 -6.31602e-17  5.50484e-13  8.70233e-12 -1.69511e-11 -4.68697e-17 -1.26714e-16
 9.54893e-13 -1.22789e-18  5.33214e-18  1.60985e-11  8.37498e-17  1.24151e-16  -3.6976e-17  2.02565e-12  4.87392e-12  1.24689e-16  1.76202e-13 -1.69511e-11  7.94872e-11  2.06193e-16  8.75251e-16
-2.07007e-17  1.48875e-13  1.22647e-12 -2.66608e-17  4.45163e-12  2.72101e-12 -1.39424e-12  7.68436e-20  -1.6435e-17 -9.05986e-13  2.44195e-18 -4.68696e-17  2.06193e-16  3.68469e-11 -6.85447e-12
 4.13562e-18   1.4293e-14  6.81742e-13  1.15914e-16 -4.34735e-12  1.05381e-11 -3.15802e-12   3.1008e-17  3.40201e-17  1.09326e-11  2.14641e-17 -1.26714e-16   8.7525e-16 -6.85449e-12  3.40631e-11
Matrix: 
 2.73395e-13   2.0256e-20  1.25423e-19   6.4608e-13  1.57246e-18  1.54439e-18 -6.79263e-19  4.49337e-15  2.32995e-13  2.24043e-18 -1.51695e-14 -4.65017e-13  8.57983e-13 -2.01438e-17  4.59807e-18
 2.02548e-20  1.71945e-13  3.53337e-16   -1.359e-19   1.2252e-13  4.42372e-15 -1.79858e-15 -1.16552e-20   -5.368e-20  5.75383e-15  3.79083e-20  3.27471e-19 -8.12727e-19  1.29086e-13  1.25527e-14
 1.25423e-19  3.53274e-16   2.6583e-13  1.91133e-18 -8.44902e-14   5.5023e-13 -1.91302e-13  6.67036e-20  8.38841e-19   3.2831e-13 -3.79175e-19 -2.87394e-18  5.63532e-18  1.20661e-12  5.72324e-13
 6.46079e-13 -1.35883e-19  1.91133e-18  5.80509e-12  2.12212e-17  3.82351e-17 -1.02795e-17 -4.06574e-13  1.73648e-12  3.25655e-17  1.38597e-12 -4.58769e-12  1.28651e-11 -3.38171e-17  1.02029e-16
 1.57246e-18   1.2252e-13 -8.44902e-14  2.12212e-17  1.78665e-12 -1.15446e-12  4.79136e-13 -6.05045e-20  8.65897e-18 -1.54809e-12  6.94832e-19 -2.78133e-17  6.26965e-17  3.62824e-12 -3.35458e-12
 1.54439e-18  4.42287e-15   5.5023e-13   3.8235e-17 -1.15446e-12   3.8601e-12  -1.2179e-12  -7.2925e-18  1.03128e-17  2.93545e-12  2.54756e-17 -3.45792e-17  1.07228e-16  2.81717e-12  7.84358e-12
-6.79263e-19 -1.79823e-15 -1.91302e-13 -1.02795e-17  4.79136e-13  -1.2179e-12   5.4705e-13 -6.43387e-19 -4.55471e-18 -1.28467e-12  2.36847e-18  1.56347e-17 -3.26184e-17 -1.40573e-12 -2.24523e-12
 4.49342e-15 -1.16552e-20  6.67044e-20 -4.06574e-13 -6.05032e-20  -7.2925e-18  -6.4339e-19  5.99054e-13  3.03623e-14  2.58813e-18 -1.36851e-12 -1.29863e-13  2.09384e-12  1.71967e-19   3.3699e-17
 2.32995e-13 -5.36732e-20  8.38842e-19  1.73648e-12  8.65897e-18  1.03128e-17 -4.55471e-18  3.03622e-14  7.77003e-13  1.50036e-17 -1.04156e-13  -2.0393e-12  3.80005e-12 -1.88607e-17  3.06514e-17
 2.24043e-18  5.75271e-15   3.2831e-13  3.25655e-17 -1.54809e-12  2.93545e-12 -1.28467e-12  2.58812e-18  1.50036e-17  3.90214e-12 -1.00318e-17 -5.15757e-17  1.01811e-16 -7.14495e-14  7.09493e-12
-1.51697e-14   3.7909e-20 -3.79177e-19  1.38597e-12  6.94828e-19  2.54756e-17  2.36848e-18 -1.36851e-12 -1.04157e-13 -1.00318e-17  4.20494e-12  4.46075e-13 -6.81429e-13  1.56833e-18 -2.06306e-18
-4.65017e-13  3.27448e-19 -2.87395e-18 -4.58769e-12 -2.78134e-17 -3.45793e-17  1.56347e-17 -1.29863e-13  -2.0393e-12 -5.15758e-17  4.46073e-13    6.382e-12 -1.21068e-11  -2.0285e-17 -1.03534e-16
 8.57983e-13 -8.12676e-19  5.63532e-18  1.28651e-11  6.26965e-17  1.07228e-16 -3.26184e-17  2.09384e-12  3.80005e-12  1.01811e-16 -6.81424e-13 -1.21068e-11  6.42154e-11   1.3454e-16  7.68614e-16
-2.01438e-17  1.29085e-13  1.20661e-12 -3.38172e-17  3.62824e-12  2.81718e-12 -1.40573e-12  1.71952e-19 -1.88608e-17 -7.14454e-14  1.56837e-18 -2.02849e-17   1.3454e-16   3.1246e-11 -4.48576e-12
 4.59807e-18  1.25502e-14  5.72324e-13  1.02028e-16 -3.35458e-12  7.84358e-12 -2.24523e-12  3.36989e-17  3.06513e-17  7.09493e-12 -2.06296e-18 -1.03534e-16  7.68614e-16 -4.48577e-12  2.31053e-11
Matrix: 
 2.73478e-13  1.86003e-20  1.59094e-19  6.34117e-13  1.53195e-18  1.78769e-18 -7.64613e-19  4.26837e-15  2.26239e-13  2.36756e-18 -1.35374e-14 -4.30886e-13  7.83107e-13  -1.9678e-17  4.91167e-18
 1.85993e-20  1.67955e-13  3.63618e-16 -8.56644e-20  1.20957e-13   4.0694e-15 -1.62604e-15 -9.57444e-21   -3.282e-20  4.82992e-15  2.92583e-20  2.12438e-19  -5.4376e-19  1.14114e-13  1.05635e-14
 1.59094e-19  3.63565e-16  2.64177e-13  2.11595e-18 -8.09188e-14  5.27289e-13 -1.80804e-13  5.98415e-20   8.9966e-19  2.92124e-13 -2.98248e-19 -2.83245e-18   5.7015e-18  1.18258e-12  4.91423e-13
 6.34117e-13 -8.56512e-20  2.11595e-18  5.22922e-12   1.8069e-17  3.65434e-17 -9.94782e-18  -3.4164e-13  1.53824e-12  2.94455e-17  1.09007e-12  -3.7748e-12  1.06443e-11  -3.7801e-17  9.06222e-17
 1.53195e-18  1.20957e-13 -8.09188e-14   1.8069e-17  1.63961e-12 -9.96752e-13  4.10343e-13  -5.8313e-20  7.31433e-18 -1.23045e-12  5.42694e-19 -2.16519e-17  4.86246e-17  3.05804e-12 -2.66046e-12
 1.78769e-18  4.06875e-15  5.27289e-13  3.65434e-17 -9.96753e-13  3.33715e-12 -1.02804e-12 -6.08872e-18  9.99664e-18  2.26583e-12  1.96895e-17 -3.07286e-17  9.33154e-17  2.82665e-12  6.08169e-12
-7.64613e-19 -1.62578e-15 -1.80804e-13 -9.94781e-18  4.10343e-13 -1.02804e-12  4.63695e-13 -5.75515e-19 -4.33358e-18 -9.97284e-13  1.94666e-18  1.36979e-17 -2.86428e-17 -1.38175e-12 -1.66543e-12
  4.2684e-15 -9.57446e-21  5.98421e-20  -3.4164e-13  -5.8312e-20 -6.08872e-18 -5.75517e-19    5.226e-13  2.71351e-14  2.21751e-18 -1.08327e-12 -1.11526e-13  2.11955e-12  2.37983e-19  3.50289e-17
 2.26239e-13 -3.28148e-20  8.99661e-19  1.53824e-12  7.31433e-18  9.99665e-18 -4.33358e-18   2.7135e-14  6.85882e-13  1.33823e-17 -8.76809e-14 -1.67677e-12  3.06821e-12 -1.99473e-17  2.74242e-17
 2.36756e-18  4.82913e-15  2.92124e-13  2.94455e-17 -1.23045e-12  2.26583e-12 -9.97284e-13  2.21751e-18  1.33823e-17  2.83073e-12 -7.90393e-18 -4.23834e-17  8.35902e-17  3.91698e-13  4.85086e-12
-1.35375e-14  2.92587e-20  -2.9825e-19  1.09007e-12  5.42691e-19  1.96895e-17  1.94667e-18 -1.08327e-12 -8.76812e-14 -7.90396e-18  3.08561e-12  3.60783e-13 -1.16543e-12  9.81594e-19 -1.48473e-17
-4.30886e-13  2.12422e-19 -2.83245e-18  -3.7748e-12 -2.16519e-17 -3.07286e-17  1.36979e-17 -1.11526e-13 -1.67677e-12 -4.23834e-17  3.60782e-13  4.91269e-12 -9.05222e-12 -5.31082e-18 -8.50877e-17
 7.83107e-13 -5.43723e-19   5.7015e-18  1.06443e-11  4.86246e-17  9.33155e-17 -2.86429e-17  2.11955e-12  3.06821e-12  8.35902e-17 -1.16542e-12 -9.05222e-12  5.43874e-11  9.10433e-17  6.91836e-16
 -1.9678e-17  1.14114e-13  1.18258e-12 -3.78011e-17  3.05804e-12  2.82665e-12 -1.38175e-12   2.3797e-19 -1.99474e-17  3.91701e-13  9.81631e-19 -5.31072e-18   9.1043e-17  2.73147e-11 -3.01787e-12
 4.91167e-18  1.05618e-14  4.91423e-13  9.06222e-17 -2.66046e-12  6.08169e-12 -1.66543e-12  3.50289e-17  2.74242e-17  4.85086e-12 -1.48472e-17 -8.50876e-17  6.91836e-16 -3.01788e-12  1.65312e-11
Matrix: 
 2.73889e-13  1.79409e-20  1.92136e-19  6.23253e-13  1.48254e-18  1.99252e-18 -8.31222e-19  3.95109e-15  2.19958e-13  2.43351e-18 -1.18845e-14 -4.02701e-13  7.23518e-13 -1.92588e-17  5.09078e-18
 1.79401e-20  1.65213e-13  3.53014e-16 -4.65655e-20  1.19743e-13  3.56896e-15 -1.40316e-15 -7.71298e-21 -1.67902e-20  3.90211e-15   2.2421e-20  1.34657e-19 -3.60985e-19  1.02556e-13  8.54483e-15
 1.92136e-19  3.52969e-16  2.62892e-13  2.27129e-18 -7.74966e-14  5.07197e-13 -1.71649e-13  5.36007e-20  9.41946e-19  2.64063e-13 -2.40697e-19 -2.75486e-18  5.62936e-18  1.15649e-12  4.30498e-13
 6.23253e-13 -4.65553e-20   2.2713e-18  4.78222e-12  1.56889e-17  3.48925e-17 -9.53841e-18 -2.93614e-13  1.38525e-12  2.66067e-17  8.84192e-13 -3.18969e-12  9.05077e-12 -3.99753e-17    8.125e-17
 1.48254e-18  1.19743e-13 -7.74966e-14  1.56889e-17   1.5232e-12 -8.72435e-13   3.5746e-13 -5.39576e-20  6.32511e-18 -1.00371e-12   4.2365e-19  -1.7463e-17   3.8919e-17  2.64693e-12 -2.15936e-12
 1.99252e-18  3.56846e-15  5.07197e-13  3.48925e-17 -8.72435e-13    2.946e-12 -8.88072e-13 -5.23807e-18   9.5984e-18  1.81192e-12  1.58005e-17 -2.73524e-17  8.19188e-17   2.7949e-12  4.87891e-12
-8.31222e-19 -1.40296e-15 -1.71649e-13 -9.53841e-18   3.5746e-13 -8.88072e-13  4.02962e-13 -5.04192e-19 -4.08435e-18 -8.05125e-13   1.5911e-18  1.20137e-17  -2.5167e-17 -1.34221e-12 -1.28134e-12
 3.95111e-15 -7.71297e-21  5.36012e-20 -2.93614e-13 -5.39569e-20 -5.23807e-18 -5.04194e-19   4.6827e-13  2.37624e-14  1.87656e-18 -8.94057e-13 -9.47429e-14  2.12398e-12  2.79917e-19  3.56523e-17
 2.19958e-13 -1.67862e-20  9.41946e-19  1.38525e-12  6.32511e-18   9.5984e-18 -4.08435e-18  2.37623e-14  6.15521e-13  1.19189e-17 -7.30247e-14 -1.41621e-12  2.54568e-12 -2.03032e-17   2.4492e-17
 2.43351e-18  3.90154e-15  2.64063e-13  2.66067e-17 -1.00371e-12  1.81192e-12 -8.05125e-13  1.87655e-18  1.19189e-17  2.16702e-12 -6.24572e-18  -3.5152e-17   6.9251e-17   6.5507e-13    3.467e-12
-1.18846e-14  2.24212e-20 -2.40699e-19  8.84191e-13  4.23648e-19  1.58005e-17   1.5911e-18 -8.94057e-13 -7.30249e-14 -6.24574e-18   2.3894e-12  2.91384e-13 -1.45018e-12  5.88933e-19 -2.21042e-17
-4.02701e-13  1.34646e-19 -2.75486e-18 -3.18969e-12  -1.7463e-17 -2.73524e-17  1.20137e-17 -9.47425e-14 -1.41621e-12  -3.5152e-17  2.91383e-13  3.92826e-12 -7.01638e-12  3.42991e-18 -7.05654e-17
 7.23518e-13 -3.60958e-19  5.62936e-18  9.05077e-12  3.89191e-17  8.19189e-17 -2.51671e-17  2.12398e-12  2.54568e-12  6.92511e-17 -1.45017e-12 -7.01638e-12  4.77245e-11  6.32144e-17  6.35632e-16
-1.92588e-17  1.02555e-13   1.1565e-12 -3.99754e-17  2.64693e-12   2.7949e-12 -1.34221e-12  2.79907e-19 -2.03033e-17  6.55072e-13  5.88961e-19  3.42999e-18  6.32142e-17  2.44204e-11 -2.05905e-12
 5.09078e-18  8.54359e-15  4.30498e-13    8.125e-17 -2.15936e-12  4.87891e-12 -1.28134e-12  3.56523e-17   2.4492e-17    3.467e-12 -2.21041e-17 -7.05654e-17  6.35632e-16 -2.05906e-12  1.23635e-11
Matrix: 
 2.74407e-13  1.80163e-20   2.2352e-19  6.13372e-13   1.4346e-18  2.15939e-18 -8.80662e-19  3.57405e-15  2.14117e-13  2.45282e-18 -1.02781e-14 -3.78931e-13  6.74947e-13 -1.88735e-17  5.16583e-18
 1.80156e-20  1.63308e-13  3.24524e-16 -1.49618e-20  1.18796e-13  2.98308e-15 -1.15496e-15 -6.11984e-21 -4.01248e-21  3.02656e-15   1.7103e-20  7.98282e-20 -2.31772e-19  9.34953e-14  6.62638e-15
  2.2352e-19  3.24486e-16  2.61791e-13  2.38815e-18 -7.43276e-14  4.89689e-13 -1.63681e-13  4.66654e-20  9.69612e-19   2.4194e-13 -1.95351e-19  -2.6583e-18  5.47737e-18  1.12992e-12  3.83904e-13
 6.13371e-13 -1.49539e-20  2.38815e-18  4.42769e-12   1.3877e-17  3.33551e-17 -9.10201e-18 -2.57904e-13   1.2641e-12  2.40983e-17  7.38036e-13 -2.75391e-12  7.86948e-12 -4.11129e-17  7.35582e-17
  1.4346e-18  1.18796e-13 -7.43276e-14   1.3877e-17  1.42942e-12 -7.73144e-13  3.16303e-13  -4.7592e-20  5.59244e-18 -8.38044e-13  3.29619e-19 -1.45422e-17  3.20442e-17  2.34167e-12 -1.78857e-12
 2.15939e-18   2.9827e-15  4.89689e-13  3.33551e-17 -7.73144e-13   2.6469e-12  -7.8256e-13 -4.63901e-18  9.16896e-18  1.49383e-12  1.31344e-17 -2.44536e-17   7.2585e-17  2.74484e-12  4.02923e-12
-8.80662e-19 -1.15481e-15 -1.63681e-13   -9.102e-18  3.16303e-13  -7.8256e-13  3.57645e-13 -4.33038e-19 -3.82944e-18 -6.72146e-13  1.29125e-18  1.05735e-17 -2.21881e-17 -1.29692e-12 -1.01822e-12
 3.57406e-15 -6.11981e-21  4.66659e-20 -2.57904e-13 -4.75915e-20   -4.639e-18  -4.3304e-19  4.28823e-13   2.0409e-14  1.57124e-18 -7.64421e-13 -7.96777e-14  2.11768e-12  3.02918e-19  3.59096e-17
 2.14117e-13  -4.0095e-21  9.69612e-19   1.2641e-12  5.59244e-18  9.16896e-18 -3.82944e-18  2.04089e-14  5.59671e-13  1.06304e-17 -6.01404e-14 -1.22206e-12  2.15908e-12 -2.02656e-17  2.19045e-17
 2.45282e-18  3.02616e-15   2.4194e-13  2.40983e-17 -8.38045e-13  1.49383e-12 -6.72146e-13  1.57123e-18  1.06303e-17  1.73744e-12 -4.94394e-18 -2.94535e-17  5.79744e-17  8.05401e-13  2.57628e-12
-1.02782e-14  1.71031e-20 -1.95352e-19  7.38036e-13  3.29617e-19  1.31343e-17  1.29125e-18 -7.64421e-13 -6.01405e-14 -4.94395e-18   1.9375e-12  2.34821e-13 -1.62243e-12   3.2806e-19 -2.63759e-17
-3.78931e-13  7.98198e-20 -2.65831e-18 -2.75391e-12 -1.45422e-17 -2.44537e-17  1.05735e-17 -7.96774e-14 -1.22206e-12 -2.94535e-17  2.34821e-13  3.23902e-12 -5.60013e-12   8.6656e-18 -5.91389e-17
 6.74947e-13 -2.31753e-19  5.47737e-18  7.86948e-12  3.20443e-17  7.25851e-17 -2.21882e-17  2.11768e-12  2.15909e-12  5.79745e-17 -1.62243e-12 -5.60013e-12  4.30273e-11   4.4602e-17  5.93993e-16
-1.88735e-17  9.34949e-14  1.12992e-12 -4.11129e-17  2.34167e-12  2.74484e-12 -1.29692e-12   3.0291e-19 -2.02656e-17  8.05403e-13  3.28082e-19  8.66565e-18  4.46018e-17  2.22151e-11 -1.40644e-12
 5.16583e-18  6.62549e-15  3.83904e-13  7.35582e-17 -1.78857e-12  4.02923e-12 -1.01822e-12  3.59096e-17  2.19045e-17  2.57628e-12 -2.63758e-17 -5.91388e-17  5.93993e-16 -1.40645e-12  9.60123e-12
Matrix: 
 2.74932e-13  1.86744e-20  2.52659e-19  6.04406e-13  1.39312e-18  2.29244e-18 -9.15554e-19  3.15669e-15  2.08695e-13  2.43891e-18 -8.74055e-15 -3.58569e-13  6.34604e-13 -1.85208e-17  5.16641e-18
 1.86738e-20  1.61976e-13  2.81791e-16  1.14853e-20  1.18057e-13  2.35932e-15 -8.99826e-16 -4.79483e-21  6.52632e-21  2.23231e-15  1.30005e-20  3.97423e-20 -1.37384e-19  8.63089e-14  4.87826e-15
 2.52659e-19   2.8176e-16  2.60797e-13  2.47512e-18 -7.14634e-14  4.74526e-13 -1.56768e-13  3.84883e-20  9.85864e-19  2.24271e-13 -1.56615e-19 -2.55302e-18   5.2809e-18  1.10393e-12  3.47807e-13
 6.04406e-13  1.14914e-20  2.47512e-18  4.14231e-12   1.2488e-17  3.19694e-17  -8.6687e-18 -2.31349e-13   1.1663e-12  2.19168e-17  6.32821e-13 -2.42064e-12  6.97208e-12 -4.16607e-17  6.72571e-17
 1.39312e-18  1.18057e-13 -7.14633e-14   1.2488e-17  1.35302e-12 -6.93075e-13  2.83982e-13 -3.95939e-20  5.04693e-18 -7.14777e-13   2.5473e-19 -1.24624e-17  2.70658e-17  2.10997e-12 -1.50871e-12
 2.29244e-18  2.35902e-15  4.74526e-13  3.19694e-17 -6.93075e-13  2.41425e-12 -7.01627e-13 -4.22216e-18  8.73906e-18  1.26484e-12  1.12823e-17 -2.19888e-17  6.49315e-17  2.68843e-12  3.41197e-12
-9.15554e-19 -8.99715e-16 -1.56768e-13  -8.6687e-18  2.83983e-13 -7.01627e-13  3.23173e-13 -3.64121e-19 -3.58149e-18 -5.77492e-13  1.03736e-18  9.35003e-18 -1.96586e-17 -1.25087e-12 -8.32904e-13
  3.1567e-15  -4.7948e-21  3.84887e-20 -2.31349e-13 -3.95935e-20 -4.22216e-18 -3.64122e-19   3.9969e-13  1.71689e-14  1.30121e-18 -6.73251e-13 -6.62982e-14  2.10616e-12  3.11805e-19  3.59813e-17
 2.08695e-13  6.52859e-21  9.85865e-19   1.1663e-12  5.04693e-18  8.73907e-18 -3.58149e-18  1.71688e-14  5.14387e-13  9.51006e-18 -4.88667e-14 -1.07325e-12  1.86509e-12 -2.00247e-17  1.96588e-17
 2.43891e-18  2.23202e-15  2.24271e-13  2.19168e-17 -7.14777e-13  1.26484e-12 -5.77492e-13   1.3012e-18  9.51006e-18  1.44915e-12 -3.91148e-18 -2.49338e-17  4.90681e-17  8.89477e-13  1.98227e-12
-8.74059e-15  1.30005e-20 -1.56616e-19  6.32821e-13  2.54729e-19  1.12823e-17  1.03736e-18 -6.73251e-13 -4.88669e-14 -3.91149e-18  1.63381e-12  1.88513e-13 -1.72827e-12  1.56717e-19 -2.89675e-17
-3.58569e-13  3.97362e-20 -2.55302e-18 -2.42064e-12 -1.24624e-17 -2.19888e-17  9.35004e-18  -6.6298e-14 -1.07325e-12 -2.49338e-17  1.88512e-13  2.73928e-12 -4.58114e-12  1.18559e-17 -5.01128e-17
 6.34604e-13  -1.3737e-19   5.2809e-18  6.97209e-12  2.70658e-17  6.49316e-17 -1.96586e-17  2.10616e-12  1.86509e-12  4.90681e-17 -1.72826e-12 -4.58114e-12  3.96161e-11  3.16792e-17  5.62908e-16
-1.85208e-17  8.63086e-14  1.10393e-12 -4.16607e-17  2.10997e-12  2.68843e-12 -1.25087e-12  3.11798e-19 -2.00247e-17  8.89479e-13  1.56734e-19  1.18559e-17   3.1679e-17  2.04917e-11 -9.47249e-13
 5.16641e-18  4.87762e-15  3.47807e-13  6.72571e-17 -1.50871e-12  3.41197e-12 -8.32904e-13  3.59813e-17  1.96588e-17  1.98227e-12 -2.89675e-17 -5.01128e-17  5.62908e-16 -9.47255e-13  7.70208e-12
Matrix: 
 2.75421e-13  1.98116e-20  2.79254e-19  5.96318e-13   1.3601e-18  2.39695e-18 -9.38622e-19  2.71053e-15  2.03676e-13  2.40249e-18 -7.27304e-15 -3.40931e-13  6.00622e-13 -1.82028e-17  5.11689e-18
 1.98111e-20   1.6104e-13  2.28573e-16  3.42861e-20   1.1748e-13  1.73278e-15 -6.50514e-16 -3.71678e-21  1.54816e-20    1.531e-15  9.85389e-21  9.48331e-21  -6.6545e-20  8.05567e-14  3.33133e-15
 2.79254e-19  2.28547e-16  2.59888e-13  2.53904e-18 -6.89228e-14  4.61481e-13  -1.5079e-13  2.89144e-20  9.93275e-19  2.10019e-13  -1.2159e-19 -2.44518e-18  5.06202e-18  1.07925e-12  3.19538e-13
 5.96318e-13  3.42908e-20  2.53904e-18  3.91036e-12  1.14175e-17  3.07521e-17 -8.25571e-18 -2.11691e-13   1.0862e-12  2.00367e-17  5.56395e-13 -2.16044e-12  6.27787e-12  -4.1882e-17  6.21105e-17
  1.3601e-18   1.1748e-13 -6.89228e-14  1.14175e-17  1.29033e-12 -6.28038e-13  2.58425e-13 -3.03179e-20  4.63934e-18 -6.21698e-13  1.94605e-19 -1.09557e-17  2.33961e-17  1.93112e-12   -1.294e-12
 2.39695e-18  1.73256e-15  4.61481e-13  3.07521e-17 -6.28039e-13  2.23089e-12 -6.38683e-13 -3.93918e-18  8.32672e-18   1.0963e-12  9.98751e-18 -1.99021e-17  5.86488e-17  2.63196e-12  2.95297e-12
-9.38622e-19  -6.5043e-16  -1.5079e-13 -8.25571e-18  2.58425e-13 -6.38683e-13   2.9653e-13 -2.98538e-19 -3.34727e-18 -5.08516e-13  8.21123e-19  8.31223e-18 -1.75197e-17 -1.20656e-12 -6.99305e-13
 2.71054e-15 -3.71675e-21  2.89148e-20 -2.11691e-13 -3.03176e-20 -3.93917e-18 -2.98539e-19  3.77877e-13  1.40932e-14   1.0635e-18 -6.07747e-13 -5.44832e-14  2.09234e-12  3.10748e-19  3.59649e-17
 2.03676e-13  1.54833e-20  9.93275e-19   1.0862e-12  4.63934e-18  8.32673e-18 -3.34727e-18  1.40932e-14  4.77058e-13  8.54188e-18 -3.90106e-14 -9.56577e-13  1.63671e-12  -1.9689e-17  1.77293e-17
