Matrix: 
  1.0081e-06            0            0        9e-08            0            0            0            0            0            0            0            0            0            0            0
           0   1.0081e-06            0            0        9e-08            0            0            0            0            0            0            0            0            0            0
           0            0   1.0081e-06            0            0        9e-08            0            0            0            0            0            0            0            0            0
       9e-08            0            0  1.79895e-06  1.58867e-12  1.19456e-11            0 -8.81536e-07  1.17237e-07            0            0            0        9e-08 -9.89551e-14  9.94674e-14
           0        9e-08            0  1.58867e-12  1.78521e-06 -1.03349e-07  8.81536e-07            0  1.35509e-11            0            0            0  9.89552e-14        9e-08 -9.80661e-14
           0            0        9e-08  1.19456e-11 -1.03349e-07  1.02184e-06 -1.17237e-07 -1.35509e-11            0            0            0            0 -9.94673e-14  9.80662e-14        9e-08
           0            0            0            0  8.81536e-07 -1.17237e-07   1.0081e-06  1.95106e-30 -3.15545e-30       -9e-08  9.89551e-14 -9.94674e-14            0            0            0
           0            0            0 -8.81536e-07            0 -1.35509e-11  3.73339e-31   1.0081e-06 -1.57772e-30 -9.89552e-14       -9e-08  9.80661e-14            0            0            0
           0            0            0  1.17237e-07  1.35509e-11            0 -1.57772e-30            0   1.0081e-06  9.94673e-14 -9.80662e-14       -9e-08            0            0            0
           0            0            0            0            0            0       -9e-08 -9.89552e-14  9.94673e-14        1e-06            0            0            0            0            0
           0            0            0            0            0            0  9.89551e-14       -9e-08 -9.80662e-14            0        1e-06            0            0            0            0
           0            0            0            0            0            0 -9.94674e-14  9.80661e-14       -9e-08            0            0        1e-06            0            0            0
           0            0            0        9e-08  9.89552e-14 -9.94673e-14            0            0            0            0            0            0        1e-06            0            0
           0            0            0 -9.89551e-14        9e-08  9.80662e-14            0            0            0            0            0            0            0        1e-06            0
           0            0            0  9.94674e-14 -9.80661e-14        9e-08            0            0            0            0            0            0            0            0        1e-06
Matrix: 
 6.58071e-13  2.51379e-19  6.87154e-25  6.24242e-13  6.32938e-18  4.12133e-21   4.1521e-21  3.57625e-15  2.08901e-13 -5.02419e-20 -3.93472e-14 -1.51469e-14  4.49964e-14 -7.71763e-20  4.53886e-20
 2.51379e-19  6.15003e-13 -3.23121e-20  2.99942e-18  1.10456e-13  7.67393e-20 -3.97856e-16  1.89442e-20  1.21311e-18  4.37813e-15 -2.08928e-19 -1.96722e-20  2.38857e-19  5.00727e-15  4.12165e-18
 6.87231e-25 -3.23072e-20   6.5804e-13   1.1737e-18 -2.01648e-13  6.24265e-13  -2.1032e-13 -1.17269e-18 -2.37791e-20  3.07566e-14 -4.28588e-19  2.61827e-19 -1.39128e-19  1.78902e-14  4.52921e-14
 6.24243e-13  2.99942e-18   1.1737e-18  9.92783e-09  7.66266e-17  3.78679e-17   5.0204e-20  -7.1321e-11  1.18393e-11  9.13461e-17  7.73823e-10 -1.03143e-10  1.09115e-07 -1.28549e-14    6.265e-16
 6.32938e-18  1.10448e-13 -2.01648e-13  7.66266e-17  9.92169e-09 -2.47252e-12   7.1357e-11  2.25808e-19   1.1808e-15 -7.74238e-10  8.63648e-17  -1.2657e-14  1.28842e-14  1.09115e-07 -2.12544e-11
 4.12133e-21  7.68323e-20  6.24269e-13  3.78679e-17 -2.47252e-12  9.92638e-09 -1.18555e-11 -1.18035e-15 -2.50842e-19  1.03176e-10  1.26361e-14  1.10304e-18 -4.46222e-16  1.98103e-11   1.0911e-07
  4.1521e-21 -3.97856e-16  -2.1032e-13   5.0204e-20   7.1357e-11 -1.18555e-11  9.85806e-09 -1.33799e-16  -1.0056e-15 -1.08427e-07   1.4259e-14  1.05291e-14  9.19357e-17  7.74079e-10 -1.03155e-10
 3.57625e-15  1.89442e-20 -1.17269e-18  -7.1321e-11  2.25808e-19 -1.18035e-15 -1.33799e-16  9.85915e-09    8.188e-12  -1.1317e-14 -1.08439e-07 -6.96934e-11 -7.74096e-10   8.8848e-17 -1.26547e-14
 2.08901e-13  1.21311e-18 -2.37791e-20  1.18393e-11   1.1808e-15 -2.50842e-19  -1.0056e-15    8.188e-12  9.91959e-09  1.15857e-14 -1.10408e-10 -1.09104e-07  1.03008e-10  1.26387e-14 -1.68031e-18
-5.02419e-20  4.37813e-15  3.07566e-14  9.13461e-17 -7.74238e-10  1.03176e-10 -1.08427e-07  -1.1317e-14  1.15857e-14   1.1927e-06 -1.61738e-14 -1.21611e-13 -8.12677e-20 -8.51582e-09  1.13257e-09
-3.93472e-14 -2.08928e-19 -4.28588e-19  7.73823e-10  8.63648e-17  1.26361e-14   1.4259e-14 -1.08439e-07 -1.10408e-10 -1.61738e-14  1.19283e-06  9.90368e-10  8.51579e-09 -1.62843e-19  1.39071e-13
-1.51469e-14 -1.96722e-20  2.61827e-19 -1.03143e-10  -1.2657e-14  1.10304e-18  1.05291e-14 -6.96934e-11 -1.09104e-07 -1.21611e-13  9.90368e-10  1.20015e-06 -1.13256e-09 -1.39071e-13   2.4411e-19
 4.49964e-14  2.38857e-19 -1.39128e-19  1.09115e-07  1.28842e-14 -4.46222e-16  9.19357e-17 -7.74096e-10  1.03008e-10 -8.12677e-20  8.51579e-09 -1.13256e-09  1.20026e-06  1.31971e-16  9.92996e-16
-7.71763e-20  5.00727e-15  1.78902e-14 -1.28549e-14  1.09115e-07  1.98103e-11  7.74079e-10   8.8848e-17  1.26387e-14 -8.51582e-09 -1.62843e-19 -1.39071e-13  1.31971e-16  1.20026e-06 -8.06962e-12
 4.53886e-20  4.12165e-18  4.52921e-14    6.265e-16 -2.12544e-11   1.0911e-07 -1.03155e-10 -1.26547e-14 -1.68031e-18  1.13257e-09  1.39071e-13   2.4411e-19  9.92996e-16 -8.06962e-12   1.2002e-06
Matrix: 
 4.10218e-13  4.26487e-19  1.60464e-23  1.04473e-12  9.00064e-18  1.41704e-21 -9.88232e-22  5.46027e-17  3.60663e-13  8.23436e-21 -6.10258e-16 -1.51825e-12  3.71079e-12  7.34509e-18  8.38879e-21
 4.26487e-19  3.49795e-13 -1.10651e-18   6.8444e-18  1.60753e-13 -1.38593e-17  1.46723e-18  4.79236e-22  2.79662e-18  1.65062e-17 -5.08596e-21 -1.28805e-17  2.74978e-17  5.52287e-13 -5.55303e-17
 1.60464e-23 -1.10655e-18   4.1021e-13  9.56943e-19 -1.12027e-13  1.04476e-12  -3.6067e-13 -2.81794e-18 -8.93202e-22  1.51833e-12  1.26999e-17  7.26748e-21 -6.83564e-18  1.19074e-12  3.71111e-12
 1.04473e-12   6.8444e-18  9.56943e-19  4.17754e-11  3.71112e-16  8.93917e-17  4.47139e-19  -3.2375e-12   1.3618e-11  2.05448e-18  2.50672e-11 -9.41568e-11  2.73121e-10  1.94665e-15  5.92331e-16
 9.00064e-18  1.60758e-13 -1.12027e-13  3.71112e-16  8.42756e-12 -7.80115e-12  3.19194e-12 -1.01991e-19  1.51659e-16 -2.45773e-11  7.76366e-18 -1.07103e-15  2.49293e-15  5.55813e-11 -5.75402e-11
 1.41703e-21 -1.38593e-17  1.04476e-12  8.93917e-17 -7.80115e-12  3.96604e-11 -1.36182e-11 -1.52487e-16 -4.52937e-21  9.41575e-11  1.05851e-15  1.89643e-20  3.88103e-16 -3.07612e-11  2.60283e-10
-9.88232e-22  1.46684e-18  -3.6067e-13  4.47139e-19  3.19194e-12 -1.36182e-11   5.5906e-12 -3.19105e-19 -7.11347e-21 -3.86565e-11  1.21024e-17  4.34546e-20  6.54656e-18  1.26224e-11 -8.88158e-11
 5.46027e-17  4.79236e-22 -2.81794e-18  -3.2375e-12 -1.01991e-19 -1.52487e-16 -3.19105e-19  5.64093e-12  7.52304e-16 -5.46742e-18  -3.9197e-11 -3.97226e-15 -1.31223e-11  5.89688e-19 -8.29457e-16
 3.60663e-13  2.79662e-18 -8.93202e-22   1.3618e-11  1.51659e-16 -4.52939e-21 -7.11347e-21  7.52304e-16  5.59072e-12  9.17087e-20 -1.01964e-14 -3.86578e-11  8.88107e-11  8.01184e-16 -6.33161e-20
 8.23436e-21  1.65106e-17  1.51833e-12  2.05448e-18 -2.45773e-11  9.41575e-11 -3.86565e-11 -5.46742e-18  9.17088e-20  2.93724e-10 -3.48211e-17 -6.37505e-19 -3.15028e-17 -1.40245e-10  6.82774e-10
-6.10258e-16 -5.08596e-21  1.26999e-17  2.50672e-11  7.76366e-18  1.05851e-15  1.21024e-17  -3.9197e-11 -1.01964e-14 -3.48211e-17  2.99583e-10  6.43884e-14  1.45679e-10  3.11035e-17  6.80476e-15
-1.51825e-12 -1.28805e-17  7.26748e-21 -9.41568e-11 -1.07103e-15  1.89645e-20  4.34546e-20 -3.97227e-15 -3.86578e-11 -6.37505e-19  6.43885e-14  2.93738e-10 -6.82744e-10 -6.71478e-15  3.95401e-19
 3.71078e-12  2.74978e-17 -6.83564e-18  2.73121e-10  2.49293e-15  3.88103e-16  6.54656e-18 -1.31223e-11  8.88107e-11 -3.15028e-17  1.45679e-10 -6.82744e-10  2.06998e-09  1.59217e-14  4.31256e-15
 7.34508e-18  5.52335e-13  1.19074e-12  1.94665e-15  5.55813e-11 -3.07612e-11  1.26224e-11  5.89688e-19  8.01184e-16 -1.40245e-10  3.11035e-17 -6.71478e-15  1.59217e-14    4.667e-10 -3.41868e-10
 8.38878e-21  -5.5529e-17  3.71109e-12  5.92331e-16 -5.75402e-11  2.60283e-10 -8.88158e-11 -8.29457e-16 -6.33159e-20  6.82774e-10  6.80476e-15  3.95398e-19  4.31256e-15 -3.41867e-10  1.92738e-09
Matrix: 
 3.46562e-13  1.84418e-19  5.87244e-20  1.05189e-12  2.50351e-18  2.09318e-18 -7.96524e-19  7.64374e-16  3.43966e-13  4.78982e-18 -4.67361e-15  -1.1719e-12  2.80571e-12 -3.27803e-17   1.1601e-17
  1.8442e-19  2.64034e-13  5.14933e-17   2.4939e-19  1.44421e-13  1.84372e-15 -6.98769e-16 -9.55062e-22  9.56214e-20  4.22107e-15  4.69233e-21   2.2176e-18 -6.62745e-18  3.65676e-13  1.02613e-14
 5.87244e-20  5.15214e-17  3.45765e-13  7.23562e-19 -1.22104e-13    1.024e-12 -3.33207e-13 -1.09571e-19  4.04106e-19  1.10693e-12 -2.28094e-18 -2.01226e-18 -1.85697e-18  1.30901e-12  2.64985e-12
 1.05189e-12  2.49352e-19  7.23565e-19  2.32549e-11  1.07138e-16  7.31958e-17 -1.44677e-17 -1.68439e-12  7.09044e-12  8.75223e-17  1.03035e-11 -3.66778e-11  1.07991e-10   2.0407e-16  3.83125e-16
 2.50351e-18  1.44423e-13 -1.22104e-13  1.07138e-16  4.48839e-12 -4.42388e-12  1.67308e-12 -2.09342e-19  4.04272e-17 -1.01047e-11  3.73591e-18 -2.51037e-16  6.21458e-16  2.09867e-11 -2.46488e-11
 2.09318e-18  1.84473e-15    1.024e-12  7.31958e-17 -4.42388e-12   2.0859e-11 -6.70728e-12 -4.17265e-17  1.45096e-17  3.43731e-11  2.51169e-16 -7.18682e-17  3.16041e-16 -5.38345e-12  9.66304e-11
-7.96524e-19  -6.9915e-16 -3.33207e-13 -1.44678e-17  1.67308e-12 -6.70728e-12  2.55537e-12 -2.31997e-19 -5.51148e-18 -1.30743e-11  3.90634e-18  2.74192e-17 -6.30205e-17  2.01646e-12 -3.06327e-11
 7.64326e-16 -9.55043e-22 -1.09576e-19 -1.68439e-12 -2.09339e-19 -4.17265e-17 -2.31995e-19  2.57489e-12  3.57228e-15 -3.97751e-19 -1.32371e-11 -3.25191e-14 -2.11719e-12 -9.64741e-19 -8.61187e-17
 3.43966e-13   9.5607e-20  4.04106e-19  7.09044e-12  4.04272e-17  1.45096e-17 -5.51148e-18  3.57231e-15  2.70117e-12  3.30575e-17 -2.19092e-14 -1.39548e-11  3.27662e-11   7.7127e-17  8.02172e-17
 4.78982e-18  4.22336e-15  1.10693e-12  8.75223e-17 -1.01047e-11  3.43731e-11 -1.30743e-11 -3.97723e-19  3.30575e-17  7.68693e-11 -1.59859e-17 -1.64217e-16  3.68618e-16 -3.51426e-11  1.84324e-10
-4.67331e-15  4.69159e-21 -2.28091e-18  1.03035e-11   3.7359e-18  2.51169e-16  3.90632e-18 -1.32371e-11 -2.19091e-14 -1.59858e-17  7.87089e-11  1.99248e-13  3.74241e-11  1.74424e-17  1.10557e-15
 -1.1719e-12  2.21767e-18 -2.01226e-18 -3.66778e-11 -2.51037e-16 -7.18682e-17  2.74192e-17 -3.25193e-14 -1.39548e-11 -1.64217e-16  1.99249e-13  8.21875e-11 -1.97172e-10 -1.06996e-15 -3.96915e-16
  2.8057e-12 -6.62761e-18 -1.85698e-18  1.07991e-10  6.21457e-16  3.16041e-16 -6.30204e-17 -2.11719e-12  3.27662e-11  3.68618e-16  3.74241e-11 -1.97172e-10   6.4492e-10   2.9178e-15  2.81441e-15
-3.27803e-17  3.65691e-13  1.30901e-12  2.04071e-16  2.09867e-11 -5.38346e-12  2.01646e-12 -9.64773e-19   7.7127e-17 -3.51426e-11  1.74425e-17 -1.06996e-15   2.9178e-15  1.59612e-10 -9.63343e-11
  1.1601e-17  1.02669e-14  2.64985e-12  3.83125e-16 -2.46488e-11  9.66304e-11 -3.06327e-11 -8.61186e-17  8.02172e-17  1.84324e-10  1.10557e-15 -3.96915e-16  2.81441e-15 -9.63343e-11   5.4213e-10
Matrix: 
  3.3084e-13  1.31645e-19  7.42752e-20  1.10917e-12  3.20889e-18  1.77524e-18  -6.1705e-19  1.86086e-16  3.42164e-13  3.21097e-18 -8.71032e-16 -1.00596e-12  2.40486e-12 -3.12395e-17  8.16117e-18
 1.31646e-19   2.2331e-13  1.49302e-16 -2.03483e-20  1.36064e-13  3.61831e-15 -1.26402e-15 -5.11591e-21 -4.76892e-21  6.34563e-15  2.46059e-20  1.41748e-18 -4.39133e-18  2.70949e-13   1.6144e-14
 7.42752e-20  1.49347e-16  3.28157e-13  1.42025e-18 -1.32265e-13  1.04299e-12 -3.19025e-13 -8.48461e-20  5.77169e-19  8.89255e-13 -1.02872e-18 -2.73005e-18  3.16989e-18  1.39628e-12  2.10803e-12
 1.10917e-12 -2.03756e-20  1.42025e-18  1.76269e-11  8.56919e-17  6.90131e-17 -1.36212e-17  -1.1613e-12  5.03433e-12  7.00775e-17  5.97019e-12 -2.12036e-11  6.36532e-11  6.36963e-17  2.91732e-16
 3.20889e-18  1.36065e-13 -1.32265e-13  8.56919e-17   3.2365e-12 -3.29509e-12   1.1534e-12 -1.36202e-19  2.98853e-17 -5.80925e-12  2.09308e-18 -1.53546e-16   3.9655e-16  1.17225e-11 -1.48021e-11
 1.77524e-18   3.6194e-15  1.04299e-12  6.90131e-17 -3.29509e-12  1.48456e-11  -4.4634e-12 -2.96929e-17  1.37608e-17    1.835e-11  1.51345e-16 -6.45497e-17  2.61663e-16   5.6419e-13  5.26908e-11
 -6.1705e-19  -1.2644e-15 -3.19025e-13 -1.36212e-17   1.1534e-12  -4.4634e-12  1.58201e-12  -8.7249e-20 -4.78784e-18 -6.48174e-12  1.42026e-18   2.2704e-17  -5.7276e-17 -2.37232e-13  -1.5487e-11
 1.86043e-16 -5.11583e-21 -8.48495e-20  -1.1613e-12   -1.362e-19 -2.96929e-17 -8.72475e-20  1.60578e-12  1.41388e-15  3.51854e-19 -6.57977e-12 -3.33729e-14  3.33445e-13 -1.00374e-18  -1.6036e-17
 3.42164e-13 -4.77847e-21  5.77169e-19  5.03433e-12  2.98852e-17  1.37608e-17 -4.78784e-18   1.4139e-15  1.78167e-12  2.48574e-17  -6.9188e-15 -7.48878e-12  1.80478e-11  2.08924e-17  6.31559e-17
 3.21097e-18  6.34755e-15  8.89255e-13  7.00775e-17 -5.80925e-12    1.835e-11 -6.48174e-12  3.51872e-19  2.48574e-17  3.14019e-11 -9.18502e-18 -1.18103e-16  2.86599e-16 -1.31937e-11  7.74522e-11
-8.70811e-16  2.46049e-20 -1.02871e-18  5.97019e-12  2.09307e-18  1.51345e-16  1.42025e-18 -6.57977e-12 -6.91868e-15 -9.18494e-18  3.23681e-11  1.69941e-13  1.45069e-11  1.21903e-17  4.58535e-16
-1.00596e-12  1.41753e-18 -2.73005e-18 -2.12036e-11 -1.53546e-16 -6.45496e-17  2.27039e-17 -3.33732e-14 -7.48878e-12 -1.18103e-16  1.69943e-13  3.64819e-11 -9.02879e-11 -4.60132e-16 -2.97807e-16
 2.40486e-12 -4.39143e-18  3.16989e-18  6.36532e-11   3.9655e-16  2.61663e-16 -5.72759e-17  3.33446e-13  1.80478e-11  2.86599e-16  1.45069e-11 -9.02879e-11  3.22466e-10  1.41301e-15  2.04189e-15
-3.12395e-17  2.70956e-13  1.39628e-12  6.36965e-17  1.17225e-11  5.64183e-13 -2.37231e-13 -1.00377e-18  2.08924e-17 -1.31937e-11  1.21904e-17 -4.60132e-16  1.41301e-15  8.73234e-11  -4.2289e-11
 8.16116e-18  1.61489e-14  2.10803e-12  2.91732e-16 -1.48021e-11  5.26908e-11  -1.5487e-11 -1.60359e-17  6.31559e-17  7.74522e-11  4.58535e-16 -2.97807e-16  2.04189e-15 -4.22889e-11  2.38712e-10
Matrix: 
 3.34107e-13  1.34565e-19   1.2548e-19    1.178e-12  4.19597e-18    2.289e-18 -7.24937e-19 -5.99408e-16  3.43118e-13  3.44903e-18  2.84289e-15  -9.0502e-13  2.18049e-12 -3.03666e-17  9.19435e-18
 1.34566e-19  2.00569e-13  2.69427e-16  2.74217e-19  1.30855e-13  5.04207e-15 -1.63431e-15 -8.02148e-21  9.19659e-20  7.11343e-15   3.4262e-20  5.10687e-19 -1.98593e-18  2.13727e-13  1.88915e-14
  1.2548e-19  2.69479e-16  3.28248e-13  2.65231e-18 -1.39776e-13   1.0652e-12 -3.06833e-13 -2.06463e-19  8.77441e-19  7.46194e-13 -2.20355e-20 -3.68889e-18   7.5186e-18  1.45246e-12  1.75603e-12
   1.178e-12  2.74195e-19  2.65231e-18  1.49754e-11  7.59793e-17  7.59714e-17 -1.57286e-17 -8.82603e-13  4.02415e-12  7.19104e-17   3.9643e-12 -1.45207e-11  4.45293e-11  2.65327e-18  2.74849e-16
 4.19597e-18  1.30855e-13 -1.39776e-13  7.59793e-17  2.61654e-12 -2.68933e-12  8.76016e-13 -9.94086e-20  2.46469e-17  -3.8225e-12  1.32139e-18 -1.07014e-16  2.85896e-16  7.77563e-12 -1.01592e-11
   2.289e-18  5.04304e-15   1.0652e-12  7.59714e-17 -2.68933e-12  1.18175e-11  -3.3301e-12 -2.40449e-17  1.59301e-17  1.15217e-11  1.04605e-16 -6.66389e-17  2.44893e-16  2.70022e-12  3.38015e-11
-7.24937e-19 -1.63463e-15 -3.06833e-13 -1.57287e-17  8.76016e-13  -3.3301e-12  1.10542e-12 -3.81979e-20 -5.11645e-18 -3.80507e-12  5.49655e-19  2.17498e-17 -5.88189e-17 -9.30108e-13 -9.22941e-12
-5.99439e-16 -8.02139e-21 -2.06465e-19 -8.82603e-13 -9.94062e-20 -2.40449e-17 -3.81968e-20  1.14202e-12  1.92769e-16  6.68884e-19 -3.89522e-12 -3.52038e-14  1.21124e-12   -7.037e-19  1.17862e-17
 3.43118e-13  9.19588e-20  8.77441e-19  4.02415e-12  2.46469e-17  1.59301e-17 -5.11645e-18  1.92791e-16   1.3302e-12  2.38118e-17 -4.05975e-16 -4.78916e-12  1.18463e-11 -9.19626e-19  6.30456e-17
 3.44903e-18  7.11482e-15  7.46194e-13  7.19104e-17  -3.8225e-12  1.15217e-11 -3.80507e-12  6.68898e-19  2.38118e-17  1.58259e-11 -6.48278e-18  -1.0145e-16  2.62655e-16 -5.75588e-12  3.98355e-11
 2.84303e-15  3.42612e-20 -2.20263e-20   3.9643e-12  1.32138e-18  1.04605e-16   5.4965e-19 -3.89522e-12 -4.05874e-16 -6.48272e-18  1.64737e-11  1.56524e-13  6.45928e-12    8.335e-18  2.15236e-16
 -9.0502e-13  5.10717e-19 -3.68889e-18 -1.45207e-11 -1.07014e-16 -6.66389e-17  2.17497e-17  -3.5204e-14 -4.78916e-12  -1.0145e-16  1.56525e-13   2.0136e-11 -5.11918e-11 -2.25653e-16  -2.6624e-16
 2.18049e-12   -1.986e-18   7.5186e-18  4.45293e-11  2.85896e-16  2.44893e-16 -5.88189e-17  1.21124e-12  1.18463e-11  2.62655e-16  6.45927e-12 -5.11918e-11  2.00784e-10  7.96088e-16  1.71434e-15
-3.03666e-17   2.1373e-13  1.45246e-12  2.65343e-18  7.77563e-12  2.70021e-12 -9.30107e-13 -7.03723e-19 -9.19589e-19 -5.75588e-12  8.33509e-18 -2.25653e-16  7.96089e-16  5.85156e-11 -2.26713e-11
 9.19434e-18  1.88952e-14  1.75603e-12  2.74849e-16 -1.01592e-11  3.38015e-11 -9.22941e-12  1.17862e-17  6.30456e-17  3.98355e-11  2.15235e-16  -2.6624e-16  1.71434e-15 -2.26712e-11  1.28923e-10
Matrix: 
 3.45849e-13   1.5694e-19  2.25455e-19  1.24667e-12  4.94891e-18  3.39625e-18 -9.91676e-19 -1.52465e-15  3.43319e-13  4.33902e-18  6.38242e-15 -8.33982e-13  2.04114e-12 -3.05795e-17  1.20649e-17
 1.56942e-19  1.86718e-13   3.9392e-16  5.87349e-19  1.27231e-13  6.04333e-15 -1.82646e-15 -9.82159e-21   1.8164e-19  7.06964e-15  3.81147e-20 -1.46589e-20 -5.29201e-19  1.75648e-13  1.95598e-14
 2.25455e-19  3.93972e-16  3.35493e-13  4.10172e-18 -1.44384e-13   1.0814e-12 -2.94065e-13 -2.97971e-19  1.21462e-18  6.41943e-13  4.82591e-19 -4.46961e-18  1.08178e-17  1.47703e-12  1.50349e-12
 1.24667e-12  5.87331e-19  4.10172e-18  1.34466e-11  6.87925e-17  8.44135e-17 -1.78524e-17 -7.04591e-13  3.41322e-12  7.41292e-17  2.83918e-12 -1.09147e-11  3.42599e-11 -3.33192e-17  2.70401e-16
 4.94891e-18  1.27231e-13 -1.44384e-13  6.87926e-17  2.23734e-12 -2.28756e-12  6.97152e-13 -8.47652e-20  2.08804e-17 -2.70473e-12  9.07647e-19 -7.93385e-17  2.18636e-16  5.68385e-12 -7.48515e-12
 3.39625e-18  6.04414e-15   1.0814e-12  8.44135e-17 -2.28756e-12  9.94783e-12 -2.63541e-12 -2.02949e-17  1.80966e-17  7.93063e-12  7.69545e-17 -6.63986e-17  2.30693e-16  3.56362e-12  2.37626e-11
-9.91675e-19 -1.82671e-15 -2.94065e-13 -1.78524e-17  6.97152e-13 -2.63541e-12  8.24666e-13 -1.28024e-20 -5.39997e-18 -2.46577e-12  1.55842e-19  2.02028e-17 -5.76233e-17 -1.14151e-12 -6.04464e-12
-1.52467e-15  -9.8215e-21 -2.97972e-19 -7.04592e-13 -8.47628e-20 -2.02949e-17 -1.28016e-20  8.77483e-13 -9.70757e-16  7.79638e-19 -2.56549e-12 -3.44213e-14  1.59894e-12 -3.51118e-19  2.67859e-17
 3.43319e-13  1.81635e-19  1.21462e-18  3.41322e-12  2.08804e-17  1.80966e-17 -5.39997e-18 -9.70736e-16  1.05903e-12  2.29321e-17  4.43142e-15    -3.38e-12  8.58349e-12 -1.19803e-17  6.31172e-17
 4.33902e-18   7.0706e-15  6.41943e-13  7.41292e-17 -2.70473e-12  7.93063e-12 -2.46577e-12  7.79649e-19  2.29321e-17  9.07429e-12 -4.90306e-18 -8.61855e-17  2.34358e-16  -2.6113e-12  2.30973e-11
  6.3825e-15  3.81141e-20  4.82597e-19  2.83918e-12  9.07638e-19  7.69546e-17  1.55838e-19 -2.56549e-12   4.4315e-15 -4.90302e-18  9.57769e-12  1.37398e-13  2.87921e-12  5.59427e-18  1.01302e-16
-8.33982e-13 -1.46383e-20 -4.46961e-18 -1.09147e-11 -7.93385e-17 -6.63986e-17  2.02028e-17 -3.44215e-14    -3.38e-12 -8.61854e-17  1.37399e-13  1.26435e-11 -3.28914e-11 -1.14922e-16 -2.35113e-16
 2.04114e-12 -5.29258e-19  1.08178e-17  3.42599e-11  2.18636e-16  2.30693e-16 -5.76233e-17  1.59894e-12  8.58349e-12  2.34358e-16   2.8792e-12 -3.28914e-11   1.4209e-10  4.86502e-16  1.50988e-15
-3.05795e-17   1.7565e-13  1.47703e-12 -3.33191e-17  5.68385e-12  3.56362e-12 -1.14151e-12  -3.5114e-19 -1.19803e-17  -2.6113e-12  5.59435e-18 -1.14922e-16  4.86502e-16  4.35372e-11 -1.36235e-11
 1.20649e-17  1.95624e-14  1.50349e-12  2.70401e-16 -7.48514e-12  2.37626e-11 -6.04464e-12  2.67859e-17  6.31172e-17  2.30973e-11  1.01302e-16 -2.35113e-16  1.50988e-15 -1.36234e-11  7.85735e-11
Matrix: 
 3.61081e-13  1.85417e-19  3.70308e-19  1.30984e-12  5.48547e-18  4.81063e-18 -1.30786e-18 -2.49136e-15  3.41576e-13  5.29699e-18  9.52568e-15 -7.78152e-13  1.94744e-12 -3.11156e-17  1.53095e-17
 1.85418e-19  1.77834e-13  5.05316e-16    8.471e-19  1.24557e-13  6.59272e-15  -1.8659e-15 -1.07765e-20  2.45091e-19  6.53799e-15  3.88086e-20 -3.02502e-19  3.30058e-19  1.48755e-13  1.88058e-14
 3.70308e-19  5.05366e-16   3.4503e-13  5.61312e-18  -1.4653e-13   1.0892e-12 -2.80311e-13 -3.57709e-19  1.53742e-18   5.6136e-13  7.23483e-19 -5.01173e-18   1.3229e-17  1.47281e-12   1.3128e-12
 1.30984e-12  8.47085e-19  5.61312e-18   1.2445e-11   6.3212e-17  9.20456e-17  -1.9379e-17 -5.80738e-13   2.9938e-12  7.42779e-17  2.13969e-12 -8.68795e-12  2.79713e-11 -5.53151e-17  2.66843e-16
 5.48547e-18  1.24557e-13 -1.46531e-13   6.3212e-17  1.97549e-12 -1.99121e-12  5.70691e-13 -8.19545e-20  1.80475e-17 -2.00579e-12  6.79351e-19 -6.17193e-17  1.75271e-16  4.42417e-12 -5.76922e-12
 4.81063e-18  6.59339e-15   1.0892e-12  9.20456e-17 -1.99121e-12  8.65352e-12 -2.16225e-12 -1.76642e-17  1.96549e-17  5.80027e-12  5.94284e-17 -6.39798e-17  2.15789e-16  3.87694e-12  1.77432e-11
-1.30786e-18 -1.86609e-15 -2.80311e-13  -1.9379e-17  5.70691e-13 -2.16225e-12  6.41718e-13  1.11279e-20 -5.47518e-18 -1.70947e-12  -6.0612e-20  1.82109e-17 -5.43914e-17 -1.16678e-12 -4.21929e-12
-2.49137e-15 -1.07764e-20  -3.5771e-19 -5.80738e-13 -8.19522e-20 -1.76642e-17  1.11285e-20  7.11904e-13  -2.1661e-15  7.72392e-19 -1.82485e-12 -3.15956e-14  1.79022e-12 -3.93426e-20  3.57789e-17
 3.41576e-13  2.45087e-19  1.53742e-18   2.9938e-12  1.80475e-17  1.96549e-17 -5.47518e-18 -2.16609e-15  8.75729e-13  2.15373e-17  8.52046e-15 -2.53833e-12  6.62063e-12  -1.7572e-17  6.15257e-17
 5.29699e-18  6.53866e-15   5.6136e-13  7.42779e-17 -2.00579e-12  5.80027e-12 -1.70947e-12    7.724e-19  2.15373e-17  5.70405e-12 -3.78078e-18 -7.22319e-17  2.04788e-16 -1.11659e-12  1.45364e-11
 9.52573e-15  3.88081e-20  7.23486e-19  2.13969e-12  6.79343e-19  5.94284e-17 -6.06142e-20 -1.82485e-12  8.52054e-15 -3.78076e-18  6.13434e-12   1.1552e-13  1.04833e-12  3.71242e-18  4.21091e-17
-7.78152e-13 -3.02488e-19 -5.01173e-18 -8.68795e-12 -6.17193e-17 -6.39798e-17  1.82108e-17 -3.15958e-14 -2.53833e-12 -7.22319e-17   1.1552e-13  8.64401e-12 -2.29296e-11 -5.78577e-17 -2.04642e-16
 1.94744e-12  3.30017e-19   1.3229e-17  2.79713e-11  1.75271e-16  2.15789e-16 -5.43914e-17  1.79022e-12  6.62063e-12  2.04788e-16  1.04833e-12 -2.29296e-11   1.0924e-10  3.15593e-16  1.36617e-15
-3.11156e-17  1.48756e-13  1.47281e-12 -5.53149e-17  4.42417e-12  3.87693e-12 -1.16678e-12 -3.93622e-20  -1.7572e-17 -1.11659e-12  3.71249e-18 -5.78578e-17  3.15593e-16  3.43737e-11 -8.81456e-12
 1.53095e-17  1.88078e-14   1.3128e-12  2.66843e-16 -5.76922e-12  1.77432e-11 -4.21929e-12  3.57789e-17  6.15257e-17  1.45364e-11   4.2109e-17 -2.04642e-16  1.36617e-15 -8.81455e-12  5.19839e-11
Matrix: 
 3.77163e-13  2.14152e-19   5.5034e-19  1.36502e-12  5.87615e-18  6.33916e-18 -1.61523e-18 -3.41685e-15  3.37656e-13  6.11364e-18  1.21332e-14 -7.30612e-13  1.87918e-12 -3.15925e-17  1.83316e-17
 2.14153e-19  1.71945e-13  5.89616e-16  1.05049e-18  1.22524e-13  6.71142e-15 -1.78586e-15 -1.11267e-20  2.86068e-19   5.7413e-15  3.78062e-20 -4.57495e-19  8.48343e-19  1.28992e-13  1.71322e-14
  5.5034e-19  5.89661e-16  3.54458e-13  7.10054e-18  -1.4684e-13  1.08893e-12 -2.65877e-13 -3.99108e-19  1.82228e-18  4.96802e-13  8.40329e-19 -5.34891e-18   1.4951e-17  1.44512e-12   1.1646e-12
 1.36502e-12  1.05047e-18  7.10054e-18  1.17247e-11  5.89279e-17  9.84357e-17 -2.03076e-17 -4.90946e-13  2.68016e-12  7.27653e-17  1.67752e-12 -7.18137e-12   2.3762e-11 -6.87909e-17  2.62349e-16
 5.87615e-18  1.22524e-13  -1.4684e-13  5.89279e-17  1.78091e-12 -1.76044e-12  4.76846e-13 -8.15936e-20  1.58996e-17 -1.53989e-12  5.51485e-19 -4.99625e-17  1.46218e-16  3.59991e-12 -4.59415e-12
 6.33916e-18  6.71196e-15  1.08893e-12  9.84357e-17 -1.76044e-12  7.69318e-12 -1.81896e-12 -1.58316e-17  2.06028e-17  4.43432e-12    4.792e-17 -6.04689e-17  2.00783e-16   3.9189e-12  1.38454e-11
-1.61523e-18   -1.786e-15 -2.65877e-13 -2.03076e-17  4.76846e-13 -1.81896e-12  5.14882e-13  4.32484e-20 -5.37934e-18 -1.24705e-12 -2.07836e-19  1.61467e-17 -5.03033e-17 -1.11353e-12 -3.08976e-12
-3.41686e-15 -1.11266e-20 -3.99108e-19 -4.90946e-13 -8.15914e-20 -1.58316e-17  4.32489e-20  6.02295e-13 -3.38444e-15  6.86282e-19 -1.37977e-12 -2.74602e-14  1.88933e-12  2.06155e-19  4.16088e-17
 3.37656e-13  2.86065e-19  1.82228e-18  2.68016e-12  1.58996e-17  2.06028e-17 -5.37934e-18 -3.38442e-15   7.4202e-13   1.9842e-17  1.20841e-14 -1.98798e-12  5.32748e-12 -2.01649e-17  5.87634e-17
 6.11364e-18  5.74177e-15  4.96802e-13  7.27653e-17 -1.53989e-12  4.43432e-12 -1.24705e-12  6.86288e-19   1.9842e-17  3.85302e-12 -2.88341e-18 -6.03244e-17  1.77651e-16 -3.61691e-13  9.73076e-12
 1.21333e-14  3.78059e-20  8.40331e-19  1.67752e-12  5.51478e-19    4.792e-17 -2.07838e-19 -1.37977e-12  1.20842e-14 -2.88339e-18  4.24407e-12  9.34225e-14  2.46996e-14  2.44405e-18  8.86265e-18
-7.30612e-13 -4.57485e-19 -5.34891e-18 -7.18137e-12 -4.99625e-17 -6.04689e-17  1.61467e-17 -2.74603e-14 -1.98798e-12 -6.03244e-17   9.3423e-14  6.27528e-12 -1.69197e-11  -2.6641e-17 -1.77367e-16
 1.87918e-12  8.48313e-19   1.4951e-17   2.3762e-11  1.46218e-16  2.00783e-16 -5.03033e-17  1.88933e-12  5.32748e-12  1.77651e-16  2.46979e-14 -1.69197e-11  8.89188e-11   2.1407e-16  1.26193e-15
-3.15925e-17  1.28993e-13  1.44512e-12 -6.87908e-17  3.59991e-12  3.91889e-12 -1.11353e-12  2.06138e-19 -2.01649e-17 -3.61693e-13  2.44411e-18 -2.66411e-17  2.14071e-16  2.81478e-11 -6.00972e-12
 1.83316e-17  1.71336e-14   1.1646e-12  2.62348e-16 -4.59415e-12  1.38454e-11 -3.08976e-12  4.16089e-17  5.87634e-17  9.73076e-12  8.86255e-18 -1.77367e-16  1.26193e-15  -6.0097e-12  3.65557e-11
Matrix: 
 3.92688e-13  2.40794e-19  7.54343e-19  1.41139e-12  6.18272e-18  7.86207e-18 -1.88678e-18 -4.26648e-15  3.31762e-13  6.73417e-18  1.42271e-14 -6.87971e-13  1.82506e-12 -3.18811e-17  2.09236e-17
 2.40795e-19  1.67955e-13  6.38138e-16  1.20783e-18  1.20956e-13  6.45774e-15  -1.6215e-15 -1.10985e-20  3.10873e-19  4.83353e-15  3.60213e-20   -5.385e-19  1.17132e-18  1.14054e-13  1.49296e-14
 7.54343e-19  6.38178e-16  3.62675e-13  8.51292e-18 -1.45908e-13  1.08208e-12  -2.5127e-13 -4.33635e-19  2.05997e-18  4.43923e-13  9.03757e-19 -5.52669e-18  1.61347e-17  1.40023e-12  1.04742e-12
 1.41139e-12  1.20782e-18  8.51292e-18  1.11687e-11  5.57205e-17  1.03644e-16 -2.07594e-17 -4.24692e-13  2.43132e-12  7.02252e-17  1.36046e-12 -6.09311e-12  2.07568e-11 -7.69483e-17  2.56989e-16
 6.18272e-18  1.20956e-13 -1.45908e-13  5.57206e-17   1.6296e-12 -1.57559e-12  4.05229e-13 -7.68323e-20  1.42666e-17 -1.21581e-12  4.78126e-19 -4.18134e-17    1.262e-16  3.02853e-12 -3.75445e-12
 7.86207e-18  6.45817e-15  1.08208e-12  1.03644e-16 -1.57559e-12  6.94913e-12 -1.55966e-12 -1.46072e-17  2.10603e-17  3.50956e-12  4.02267e-17 -5.65696e-17  1.86262e-16  3.82062e-12  1.11839e-11
-1.88678e-18 -1.62161e-15  -2.5127e-13 -2.07594e-17  4.05229e-13 -1.55966e-12  4.23227e-13  8.74999e-20 -5.17181e-18 -9.47712e-13 -3.30248e-19  1.42039e-17 -4.60246e-17  -1.0284e-12   -2.352e-12
-4.26649e-15 -1.10985e-20 -4.33635e-19 -4.24692e-13 -7.68304e-20 -1.46072e-17  8.75003e-20  5.26962e-13 -4.62954e-15  5.44096e-19 -1.09748e-12 -2.25457e-14  1.94018e-12  3.85938e-19  4.56667e-17
 3.31762e-13  3.10871e-19  2.05997e-18  2.43132e-12  1.42666e-17  2.10602e-17 -5.17181e-18 -4.62953e-15  6.39357e-13  1.80622e-17  1.52992e-14 -1.60421e-12  4.41774e-12 -2.10907e-17  5.54102e-17
 6.73417e-18  4.83386e-15  4.43923e-13  7.02252e-17 -1.21581e-12  3.50956e-12 -9.47712e-13  5.44101e-19  1.80622e-17  2.76242e-12 -2.11482e-18 -5.04839e-17  1.54059e-16  2.80947e-14  6.84512e-12
 1.42271e-14  3.60211e-20  9.03757e-19  1.36046e-12   4.7812e-19  4.02267e-17  -3.3025e-19 -1.09748e-12  1.52993e-14 -2.11481e-18   3.1319e-12  7.23255e-14  -5.8195e-13  1.59937e-18 -1.10545e-17
-6.87971e-13 -5.38493e-19 -5.52669e-18 -6.09311e-12 -4.18134e-17 -5.65696e-17  1.42038e-17 -2.25458e-14 -1.60421e-12 -5.04839e-17  7.23258e-14  4.76283e-12 -1.30137e-11 -8.83579e-18 -1.53976e-16
 1.82506e-12   1.1713e-18  1.61347e-17  2.07568e-11    1.262e-16  1.86262e-16 -4.60246e-17  1.94018e-12  4.41774e-12  1.54059e-16 -5.81951e-13 -1.30137e-11  7.54194e-11  1.50097e-16  1.18568e-15
-3.18811e-17  1.14055e-13  1.40023e-12 -7.69483e-17  3.02853e-12  3.82062e-12  -1.0284e-12  3.85923e-19 -2.10907e-17  2.80933e-14  1.59941e-18 -8.83584e-18  1.50097e-16  2.36194e-11 -4.26405e-12
 2.09236e-17  1.49306e-14  1.04742e-12  2.56989e-16 -3.75445e-12  1.11839e-11   -2.352e-12  4.56668e-17  5.54102e-17  6.84512e-12 -1.10545e-17 -1.53976e-16  1.18568e-15 -4.26404e-12  2.69763e-11
Matrix: 
 4.06957e-13  2.64909e-19  9.71811e-19  1.44906e-12  6.44972e-18  9.31142e-18 -2.11294e-18 -5.05171e-15  3.24271e-13  7.16432e-18  1.59447e-14 -6.48585e-13  1.77865e-12 -3.19742e-17  2.30497e-17
  2.6491e-19  1.65213e-13  6.47645e-16  1.33198e-18  1.19737e-13  5.90836e-15 -1.40471e-15 -1.09086e-20  3.25118e-19  3.91526e-15  3.41078e-20 -5.78702e-19  1.38231e-18  1.02524e-13  1.24864e-14
 9.71811e-19   6.4768e-16  3.69312e-13  9.82143e-18 -1.44222e-13  1.07056e-12 -2.36969e-13 -4.69602e-19   2.2491e-18  4.00008e-13  9.49929e-19 -5.58504e-18  1.68873e-17  1.34419e-12  9.53713e-13
 1.44906e-12  1.33197e-18  9.82143e-18  1.07163e-11  5.34066e-17  1.07867e-16 -2.08619e-17 -3.75673e-13  2.22569e-12  6.71343e-17  1.13793e-12 -5.26841e-12  1.85058e-11 -8.17653e-17  2.51169e-16
 6.44972e-18  1.19737e-13 -1.44222e-13  5.34066e-17  1.50847e-12 -1.42521e-12  3.49563e-13 -6.34164e-20  1.30227e-17 -9.83296e-13  4.34349e-19  -3.5984e-17  1.12155e-16  2.61534e-12 -3.13602e-12
 9.31142e-18   5.9087e-15  1.07056e-12  1.07867e-16 -1.42521e-12  6.35674e-12 -1.35841e-12 -1.38628e-17  2.11561e-17   2.8577e-12  3.50725e-17 -5.26627e-17  1.72513e-16  3.65176e-12  9.29475e-12
-2.11294e-18 -1.40479e-15 -2.36969e-13 -2.08619e-17  3.49563e-13 -1.35841e-12  3.54992e-13  1.44788e-19 -4.90087e-18 -7.45279e-13 -4.46858e-19   1.2457e-17 -4.18715e-17  -9.3357e-13 -1.84999e-12
-5.05172e-15 -1.09085e-20 -4.69602e-19 -3.75673e-13 -6.34146e-20 -1.38628e-17  1.44788e-19  4.73747e-13 -5.91672e-15   3.6105e-19 -9.10942e-13 -1.72118e-14   1.9637e-12  5.10789e-19  4.86831e-17
 3.24271e-13  3.25117e-19   2.2491e-18  2.22569e-12  1.30227e-17  2.11561e-17 -4.90087e-18  -5.9167e-15  5.57703e-13  1.63283e-17   1.8323e-14  -1.3237e-12  3.74575e-12 -2.10994e-17  5.18635e-17
 7.16432e-18  3.91549e-15  4.00008e-13  6.71343e-17 -9.83296e-13   2.8577e-12 -7.45279e-13  3.61054e-19  1.63283e-17  2.08365e-12 -1.42982e-18 -4.24405e-17  1.33942e-16  2.26693e-13  5.02032e-12
 1.59447e-14  3.41076e-20  9.49929e-19  1.13793e-12  4.34344e-19  3.50725e-17 -4.46859e-19 -9.10942e-13   1.8323e-14 -1.42981e-18  2.44146e-12  5.27174e-14 -9.54924e-13  1.04121e-18 -2.36606e-17
-6.48585e-13 -5.78697e-19 -5.58504e-18 -5.26841e-12  -3.5984e-17 -5.26627e-17   1.2457e-17 -1.72119e-14  -1.3237e-12 -4.24404e-17  5.27177e-14  3.74109e-12 -1.03294e-11  1.59511e-18 -1.34259e-16
 1.77865e-12  1.38229e-18  1.68873e-17  1.85058e-11  1.12155e-16  1.72513e-16 -4.18715e-17   1.9637e-12  3.74575e-12  1.33942e-16 -9.54925e-13 -1.03294e-11  6.59683e-11  1.07841e-16  1.13007e-15
-3.19742e-17  1.02524e-13  1.34419e-12 -8.17653e-17  2.61534e-12  3.65175e-12 -9.33569e-13  5.10776e-19 -2.10994e-17  2.26691e-13  1.04124e-18  1.59508e-18  1.07841e-16  2.01758e-11  -3.1246e-12
 2.30497e-17  1.24872e-14  9.53713e-13  2.51169e-16 -3.13602e-12  9.29475e-12 -1.84999e-12  4.86831e-17  5.18635e-17  5.02032e-12 -2.36606e-17 -1.34259e-16  1.13007e-15 -3.12459e-12  2.07143e-11
Matrix: 
 4.19681e-13  2.87164e-19  1.19397e-18  1.47871e-12  6.70625e-18  1.06544e-17 -2.29335e-18 -5.81213e-15  3.15595e-13  7.43094e-18   1.7467e-14   -6.117e-13   1.7364e-12 -3.19118e-17  2.47467e-17
 2.87165e-19  1.63308e-13  6.19366e-16   1.4357e-18  1.18786e-13  5.14326e-15 -1.16152e-15 -1.07561e-20  3.33293e-19  3.04698e-15  3.25628e-20 -5.97507e-19  1.53137e-18  9.34782e-14  1.00029e-14
 1.19397e-18  6.19396e-16  3.74392e-13  1.10133e-17 -1.42148e-13  1.05616e-12 -2.23345e-13 -5.12865e-19  2.39272e-18  3.63218e-13   9.9821e-19 -5.55628e-18  1.72882e-17  1.28209e-12  8.78196e-13
 1.47871e-12   1.4357e-18  1.10133e-17  1.03342e-11  5.18315e-17  1.11337e-16 -2.07221e-17 -3.39734e-13  2.05105e-12  6.38105e-17  9.79865e-13 -4.62104e-12  1.67584e-11 -8.44858e-17  2.45287e-16
 6.70625e-18  1.18786e-13 -1.42148e-13  5.18315e-17  1.40956e-12 -1.30174e-12  3.05684e-13 -3.94563e-20  1.20736e-17 -8.12366e-13  4.07066e-19 -3.17023e-17  1.02224e-16  2.30667e-12 -2.66998e-12
 1.06544e-17  5.14353e-15  1.05616e-12  1.11337e-16 -1.30174e-12  5.87688e-12 -1.19917e-12 -1.35064e-17  2.10015e-17  2.38359e-12  3.16779e-17 -4.89452e-17  1.59651e-16  3.45162e-12  7.91336e-12
-2.29335e-18 -1.16158e-15 -2.23345e-13 -2.07221e-17  3.05684e-13 -1.19917e-12  3.03013e-13  2.14334e-19 -4.60058e-18 -6.03472e-13 -5.65622e-19  1.09228e-17 -3.79835e-17 -8.39899e-13 -1.49704e-12
-5.81213e-15  -1.0756e-20 -5.12865e-19 -3.39735e-13 -3.94547e-20 -1.35064e-17  2.14335e-19  4.35346e-13 -7.25914e-15   1.4813e-19 -7.83594e-13  -1.1702e-14  1.97084e-12  5.94126e-19  5.10612e-17
 3.15595e-13  3.33292e-19  2.39272e-18  2.05105e-12  1.20736e-17  2.10015e-17 -4.60058e-18 -7.25913e-15  4.91145e-13  1.47078e-17  2.12671e-14 -1.11137e-12   3.2309e-12 -2.06198e-17  4.83657e-17
 7.43094e-18  3.04714e-15  3.63218e-13  6.38105e-17 -8.12366e-13  2.38359e-12 -6.03472e-13  1.48133e-19  1.47078e-17   1.6419e-12 -8.04256e-19 -3.58754e-17  1.16869e-16  3.21705e-13   3.8173e-12
 1.74671e-14  3.25626e-20   9.9821e-19  9.79865e-13  4.07062e-19  3.16779e-17 -5.65623e-19 -7.83594e-13  2.12671e-14 -8.04248e-19  1.99387e-12  3.47373e-14 -1.18873e-12  6.73668e-19 -3.20264e-17
  -6.117e-13 -5.97504e-19 -5.55628e-18 -4.62104e-12 -3.17023e-17 -4.89452e-17  1.09228e-17 -1.17021e-14 -1.11137e-12 -3.58754e-17  3.47374e-14  3.02036e-12 -8.40443e-12  7.78124e-18  -1.1774e-16
  1.7364e-12  1.53136e-18  1.72882e-17  1.67584e-11  1.02224e-16  1.59651e-16 -3.79835e-17  1.97084e-12   3.2309e-12  1.16869e-16 -1.18873e-12 -8.40443e-12  5.90875e-11  7.88921e-17   1.0901e-15
-3.19118e-17  9.34784e-14  1.28209e-12 -8.44857e-17  2.30667e-12  3.45162e-12 -8.39899e-13  5.94115e-19 -2.06198e-17  3.21704e-13  6.73697e-19  7.78122e-18  7.88922e-17  1.74781e-11 -2.35317e-12
 2.47467e-17  1.00034e-14  8.78196e-13  2.45287e-16 -2.66998e-12  7.91336e-12 -1.49704e-12  5.10612e-17  4.83657e-17   3.8173e-12 -3.20264e-17  -1.1774e-16   1.0901e-15 -2.35317e-12  1.64504e-11
Matrix: 
 4.30804e-13  3.08713e-19  1.41418e-18  1.50131e-12  6.96926e-18  1.18816e-17 -2.43218e-18 -6.59612e-15  3.06125e-13  7.56588e-18  1.89649e-14  -5.7702e-13  1.69658e-12 -3.17445e-17  2.60798e-17
 3.08714e-19  1.61976e-13  5.57593e-16  1.53019e-18   1.1804e-13  4.23617e-15 -9.11471e-16 -1.08109e-20  3.38695e-19  2.26091e-15  3.17552e-20 -6.06326e-19  1.64936e-18  8.62928e-14  7.60824e-15
 1.41418e-18  5.57618e-16  3.78125e-13  1.20882e-17  -1.3994e-13  1.04039e-12 -2.10633e-13 -5.67387e-19   2.4963e-18  3.32215e-13  1.05923e-18 -5.46643e-18  1.74022e-17  1.21779e-12  8.17017e-13
 1.50131e-12  1.53019e-18  1.20882e-17  1.00041e-11  5.08632e-17   1.1428e-16 -2.04254e-17 -3.13946e-13  1.90007e-12  6.04613e-17  8.67269e-13 -4.09966e-12  1.53667e-11 -8.58993e-17  2.39683e-16
 6.96926e-18   1.1804e-13  -1.3994e-13  5.08632e-17  1.32762e-12 -1.19971e-12  2.70676e-13 -4.84423e-21  1.13474e-17 -6.84117e-13  3.89805e-19 -2.84847e-17  9.52305e-17  2.06998e-12  -2.3122e-12
 1.18816e-17  4.23638e-15  1.04039e-12   1.1428e-16 -1.19971e-12  5.48385e-12 -1.07132e-12 -1.34693e-17  2.06869e-17   2.0299e-12  2.95457e-17 -4.55182e-17  1.47729e-16   3.2427e-12  6.87916e-12
-2.43218e-18 -9.11516e-16 -2.10633e-13 -2.04254e-17  2.70676e-13 -1.07132e-12  2.62663e-13  2.94463e-19 -4.29379e-18 -5.01153e-13 -6.89326e-19  9.59341e-18 -3.44184e-17 -7.52483e-13 -1.24198e-12
-6.59612e-15 -1.08108e-20 -5.67387e-19 -3.13946e-13 -4.84284e-21 -1.34693e-17  2.94464e-19  4.07151e-13 -8.66016e-15 -8.63895e-20 -6.94289e-13 -6.18361e-15  1.96779e-12  6.48577e-19   5.3034e-17
 3.06125e-13  3.38694e-19   2.4963e-18  1.90007e-12  1.13474e-17  2.06869e-17 -4.29379e-18 -8.66014e-15  4.35947e-13  1.32307e-17  2.41917e-14 -9.46365e-13  2.82565e-12 -1.98979e-17  4.50588e-17
 7.56588e-18  2.26103e-15  3.32215e-13  6.04613e-17 -6.84117e-13   2.0299e-12 -5.01153e-13  -8.6387e-20  1.32307e-17  1.34335e-12 -2.23748e-19 -3.05056e-17  1.02369e-16   3.5975e-13  2.99619e-12
  1.8965e-14  3.17551e-20  1.05923e-18   8.6727e-13  3.89802e-19  2.95457e-17 -6.89327e-19 -6.94289e-13  2.41917e-14 -2.23741e-19  1.69315e-12  1.83667e-14  -1.3357e-12  4.30779e-19 -3.78116e-17
 -5.7702e-13 -6.06323e-19 -5.46643e-18 -4.09966e-12 -2.84847e-17 -4.55182e-17   9.5934e-18 -6.18367e-15 -9.46365e-13 -3.05056e-17  1.83669e-14  2.49462e-12 -6.97804e-12  1.14357e-17 -1.03928e-16
 1.69658e-12  1.64935e-18  1.74022e-17  1.53667e-11  9.52305e-17  1.47729e-16 -3.44184e-17  1.96779e-12  2.82565e-12  1.02369e-16 -1.33571e-12 -6.97804e-12  5.39301e-11  5.85152e-17  1.06236e-15
-3.17445e-17  8.62929e-14  1.21779e-12 -8.58993e-17  2.06999e-12  3.24269e-12 -7.52483e-13  6.48567e-19 -1.98979e-17  3.59749e-13  4.30801e-19  1.14356e-17  5.85153e-17  1.53201e-11 -1.81546e-12
 2.60798e-17  7.60864e-15  8.17017e-13  2.39683e-16  -2.3122e-12  6.87916e-12 -1.24198e-12   5.3034e-17  4.50588e-17  2.99619e-12 -3.78116e-17 -1.03928e-16  1.06236e-15 -1.81546e-12  1.34489e-11
Matrix: 
 4.40395e-13  3.30799e-19   1.6279e-18  1.51798e-12  7.24713e-18  1.29983e-17 -2.53549e-18 -7.44704e-15  2.96202e-13  7.59958e-18  2.05704e-14 -5.44467e-13  1.65861e-12 -3.15175e-17   2.7122e-17
   3.308e-19   1.6104e-13  4.68326e-16  1.62441e-18  1.17451e-13   3.2498e-15   -6.682e-16  -1.1209e-20  3.43569e-19   1.5705e-15  3.19477e-20 -6.11743e-19  1.75547e-18  8.05279e-14  5.37917e-15
  1.6279e-18  4.68347e-16  3.80783e-13  1.30549e-17 -1.37764e-13   1.0244e-12 -1.98953e-13 -6.35643e-19  2.56648e-18  3.05969e-13  1.13873e-18 -5.33654e-18  1.72864e-17  1.15397e-12  7.67274e-13
 1.51798e-12  1.62441e-18  1.30549e-17  9.71567e-12  5.03907e-17  1.16913e-16 -2.00383e-17 -2.96134e-13  1.76815e-12  5.72222e-17  7.87568e-13 -3.67203e-12  1.42393e-11 -8.65042e-17  2.34639e-16
 7.24713e-18  1.17451e-13 -1.37764e-13  5.03908e-17  1.25894e-12 -1.11496e-12  2.42418e-13  3.91277e-20  1.07898e-17 -5.86137e-13   3.7993e-19 -2.60175e-17  9.03985e-17  1.88447e-12 -2.03315e-12
 1.29983e-17  3.24997e-15   1.0244e-12  1.16913e-16 -1.11496e-12  5.15961e-12 -9.67421e-13 -1.36977e-17  2.02836e-17   1.7604e-12  2.83465e-17 -4.24323e-17  1.36796e-16   3.0376e-12  6.08987e-12
-2.53549e-18 -6.68234e-16 -1.98953e-13 -2.00383e-17  2.42418e-13 -9.67421e-13   2.3082e-13  3.83066e-19 -3.99524e-18 -4.25408e-13  -8.1828e-19  8.45161e-18 -3.11979e-17 -6.73379e-13 -1.05326e-12
-7.44705e-15 -1.12089e-20 -6.35643e-19 -2.96134e-13  3.91289e-20 -1.36977e-17  3.83066e-19  3.86148e-13 -1.01121e-14 -3.35957e-19  -6.3024e-13   -7.734e-16  1.95825e-12    6.845e-19  5.47427e-17
 2.96202e-13  3.43569e-19  2.56648e-18  1.76815e-12  1.07898e-17  2.02836e-17 -3.99524e-18 -1.01121e-14  3.89613e-13  1.19065e-17  2.71145e-14 -8.15589e-13  2.50041e-12 -1.90734e-17  4.20228e-17
