0.999999999999 -9.999995e-07 1.0000005e-06 9.98727789704e-07 1.0000005e-06 0.999999999999 -9.999995e-07 9.99819357029e-07 -9.999995e-07 1.0000005e-06 0.999999999999 1.00028908918e-06
1 7.06327984903e-07 -6.80709835473e-08 -1.89048911291e-09 -7.06327981659e-07 1 4.76570920886e-08 2.69954586352e-07 6.80710172088e-08 -4.76570440082e-08 1 -1.96706528701e-12
0.99927986407 0.0379440806743 2.64514466327e-06 0.0122539612722 -0.0379440806643 0.999279864066 -3.7404229744e-06 0.765303790228 -2.78516671064e-06 3.63736177895e-06 0.99999999999 -8.60317232504e-07
0.997625901507 0.0688648703139 0.000436209200928 0.0453667702296 -0.0688651178266 0.997625810976 0.000580362584017 1.41880803344 -0.000395206963747 -0.000609024344099 0.99999973645 8.09903025525e-05
0.995201348501 0.097846859185 0.000517773039566 0.0944321941271 -0.0978472032822 0.995201212133 0.000687152770149 2.04385592662 -0.000448052616246 -0.000734518007335 0.999999629866 -8.0745248878e-05
0.991829685384 0.127568625176 0.000347940234656 0.161111929794 -0.127568832266 0.991829501742 0.000657653785355 2.65607773711 -0.000261201400335 -0.000696666876454 0.999999723215 -0.00017956412166
0.987451369407 0.157923338264 0.000110846976474 0.246265013639 -0.157923377166 0.987451125145 0.000694545632569 3.26029523583 2.28993233799e-07 -0.000703335364869 0.99999975266 -0.000238948968221
0.982055959468 0.188589725531 -8.88661441592e-05 0.350104327135 -0.188589599721 0.982055674112 0.000784742681146 3.85827184391 0.000235265907957 -0.000753901996112 0.999999688141 -0.000300003785093
0.975651785916 0.219325207541 -0.000214422233302 0.472587913618 -0.219324941561 0.975651467911 0.000884970498029 4.45062038498 0.000403297704822 -0.000816394903096 0.999999585425 -0.000370817151769
0.968254294105 0.249967099037 -0.000267108436181 0.613578204949 -0.249966741135 0.96825394076 0.000966710510001 5.03744051156 0.000500274617737 -0.000869253377142 0.999999497062 -0.000445515360485
0.959880922575 0.280407819034 -0.000263632977589 0.772900433853 -0.280407426257 0.959880534462 0.00101728086617 5.61857521361 0.000538309672456 -0.000902543851613 0.999999447818 -0.000516101880193
0.950548888907 0.310574885866 -0.000223756283276 0.950363050789 -0.310574507568 0.950548476205 0.00103423094226 6.19372778842 0.000533897350962 -0.000913594075548 0.99999944015 -0.000576361072445
0.94027441621 0.340417383605 -0.000164805802672 1.14576388696 -0.340417052746 0.940273996471 0.00102066662242 6.76252052057 0.000502415271859 -0.000903604006923 0.999999465539 -0.000622537360392
0.929072670343 0.369897233358 -9.98800837005e-05 1.35889101488 -0.369896965626 0.929072263101 0.000982220272575 7.3245266204 0.000456116376776 -0.000875608671619 0.999999512634 -0.000653025181313
0.916958005908 0.398983726451 -3.78010862737e-05 1.58952181035 -0.398983523886 0.916957628026 0.000925242053584 7.87928893401 0.000403818516815 -0.000833326097828 0.999999571249 -0.000667831172292
0.903944306986 0.427650195375 1.62239947946e-05 1.83742159598 -0.427650051378 0.903943970146 0.000855799072552 8.42633166597 0.000351317058313 -0.000780532891765 0.999999633672 -0.000668074118265
0.890045313875 0.455872060649 5.9738703049e-05 2.10234240977 -0.455871964509 0.890045024067 0.000779171446487 8.96516816996 0.000302032357515 -0.000720731094567 0.999999694662 -0.000655558433853
0.875274898828 0.483625726135 9.2212149067e-05 2.3840220471 -0.483625666288 0.875274657113 0.000699659707667 9.49530640193 0.000257662477011 -0.000656990741874 0.999999750987 -0.000632451819739
0.761679472032 -0.646660697546 0.0409185060243 0.249501979026 0.647037850141 0.762441355236 0.00501999107359 11.3378040221 -0.0344441921167 0.0226521980184 0.999149876422 0.000959094970447
0.973677890436 -0.21307490822 0.080934845171 1.38128947175 0.212926095045 0.977011178686 0.0105657357365 11.425279876 -0.0813255416496 0.00694551725258 0.996663391555 -0.0226501495537
0.993572449548 -0.11132769805 0.0204922216207 1.97536472965 0.112438719485 0.991534260188 -0.0649410904905 11.7722122307 -0.0130889976912 0.0668277975134 0.997678667517 0.0637704589244
0.997977294057 0.063429303479 -0.0042478238124 2.56930874586 -0.0635535053016 0.997051389074 -0.04300557534 12.1420169659 0.00150748494316 0.0431885518004 0.999065801878 0.0424395019654
0.963068781761 0.267966806234 -0.0263118291505 3.17980304382 -0.268283735799 0.963295090104 -0.00929550903752 12.5358323146 0.0228551679632 0.0160112503848 0.999610564749 0.017548574584
0.891857048089 0.451535508828 -0.0265836423599 3.78537573711 -0.451910406188 0.892006921387 -0.0100317982485 12.933393297 0.0191830798541 0.0209603545898 0.999596254986 0.0224036165663
0.806383950018 0.590617751517 -0.0302588292392 4.3683174043 -0.591374726445 0.805698856201 -0.0335452834069 13.3141636464 0.00456706424823 0.044944685002 0.998979037425 0.0469899388758
0.717814128285 0.695176220961 -0.0383783668757 4.93168950983 -0.696176659998 0.715950648218 -0.052466440599 13.6695238841 -0.00899640526067 0.0643792755905 0.997884950065 0.068141360626
0.633095223462 0.773154399271 -0.037718866864 5.47556543743 -0.773649049123 0.630381839944 -0.063920925058 14.0020606067 -0.0256434557197 0.0696491978168 0.997241897647 0.0781810652922
0.561045824313 0.827446635404 -0.0236568928609 5.99654345005 -0.826493916877 0.558346771439 -0.0718100841694 14.3225883275 -0.0462102627829 0.0598410259086 0.997137735336 0.0750049585801
0.508529291159 0.861044515728 -0.000549515532877 6.49548487197 -0.858568745467 0.507018541921 -0.0761045823546 14.6444973519 -0.065250818694 0.0391732061804 0.997099689388 0.0599456296863
0.477133546608 0.878527184619 0.0230990170162 6.979467795 -0.8755430858 0.477455748899 -0.0738939290546 14.9766486356 -0.0759465839211 0.0150330878053 0.996998557001 0.0385008768117
0.462538722964 0.885713802584 0.0396104742592 7.45877693896 -0.883353006304 0.464204666268 -0.0648189329474 15.3191731635 -0.0757983905645 -0.00500876504857 0.997110583767 0.0180793576738
0.457353733791 0.888099035242 0.0459093213862 7.94195198746 -0.886698920747 0.459349833355 -0.0525619115202 15.6656515286 -0.0677686220397 -0.0166683592364 0.997561817467 0.00367138516012
0.455375851716 0.889226605725 0.0436907008997 8.43312253663 -0.888514324701 0.457021271215 -0.0409127420006 16.0088003962 -0.0563482783656 -0.020189138871 0.998207027724 -0.004022149111
0.453149146234 0.890684685744 0.0365601128077 8.93307897918 -0.89032868202 0.454248498838 -0.0311951803481 16.3434370545 -0.0443924457653 -0.0184144477092 0.99884444178 -0.00683688570097
0.4489425665 0.893131522319 0.0276885504167 9.44148425458 -0.892948130511 0.449566507985 -0.0230995912497 16.6661219716 -0.0330788180198 -0.0143540495504 0.999349665062 -0.00695464395376
0.441718001945 0.896949581662 0.0191482300603 9.95810423595 -0.896863511152 0.44201745839 -0.0160127712384 16.9742991724 -0.0228265004474 -0.0101002195273 0.99968841968 -0.00600297385065
0.430827199984 0.902353990802 0.0120498563255 10.483027408 -0.902327906642 0.430943103076 -0.00961201360583 17.2660063534 -0.0138662413134 -0.0067318047255 0.999881198022 -0.00495731272267
0.416010994285 0.909334058724 0.00681338972263 11.0164575524 -0.909336994243 0.416041794426 -0.00393143649594 17.5398663675 -0.00640964399179 -0.00456014652533 0.999969060285 -0.0042635066533
0.397376932424 0.917649191889 0.00339620419306 11.5584722594 -0.917655272433 0.397376590848 0.000803754576485 17.7950499967 -0.000612007306475 -0.00343593821205 0.999993909869 -0.00399947223351
0.375296062501 0.926903807808 0.00148207363965 12.1088999979 -0.926898369364 0.375286856406 0.00438044276419 18.0311463355 0.00350404632082 -0.00301769456128 0.999989307532 -0.00404143493528
0.350271681378 0.936647923848 0.000644961659781 12.6673186891 -0.936628463992 0.350259774124 0.00672391778572 18.2479997249 0.00607203950885 -0.00295928743699 0.999977186217 -0.00420649160696
0.322835327309 0.946455031083 0.000474951228297 13.2331192508 -0.946426667032 0.322821677863 0.00792011571499 18.4455781603 0.00734270881279 -0.00300639965717 0.999968522599 -0.00434431823314
0.293489182684 0.955962173626 0.000649802960438 13.8055813773 -0.9559320356 0.293474377233 0.00816904036968 18.6238979497 0.0076185930691 -0.00301869244812 0.999966421704 -0.00437270818988
0.262684618849 0.964881278042 0.000954098706763 14.3839354591 -0.964854906837 0.262669806769 0.0077188966443 18.7829943117 0.00719720593628 -0.00294820224177 0.999969753708 -0.00427289609623
0.230818139491 0.97299608824 0.00126441727117 14.9674053251 -0.97297627261 0.230804585247 0.00681295576215 18.9229153147 0.00633714600207 -0.00280280177698 0.999975992153 -0.00406691355704
0.948111161429 0.31282338613 -0.0568045303055 14.9201467989 -0.311213814169 0.949677066929 0.03548845473 21.6027257272 0.065047578306 -0.0159686454929 0.997754386068 0.00690817568494
0.735693339823 0.677307711454 -0.00309414673482 15.7321030231 -0.677081175925 0.735551898115 0.0229016677666 20.9052994537 0.0177873816873 -0.014753615937 0.999732934273 -0.0141638592459
0.626232928424 0.777964710913 -0.0510218377942 16.4286213203 -0.776927214641 0.628169925488 0.0422687575205 20.6414861204 0.0649339857706 0.0131701665205 0.997802647925 0.0174839309902
0.476582233994 0.877391294771 -0.0552620131895 17.1311106822 -0.874288999104 0.479608220577 0.0747977325922 20.4139654451 0.0921309952563 0.0126676997034 0.995666314132 0.011689842977
0.310469220318 0.949320482993 -0.0489845261698 17.8301361158 -0.944530511997 0.313888437586 0.0966238099849 20.206617205 0.107102638349 0.0162686606329 0.994114860336 0.0111400554868
0.154899153231 0.986854992363 -0.0460811932996 18.5071523448 -0.982516144826 0.158759200806 0.0972498910812 20.0168554406 0.103287353941 0.0302115906094 0.994192628372 0.0248859233859
0.0182160075916 0.998713946706 -0.0473141598444 19.155872374 -0.996005588071 0.0222631757862 0.0864709172795 19.8364148449 0.0874130745293 0.0455500127143 0.995130217983 0.0430882414007
-0.0983176801938 0.994016454749 -0.0475911908904 19.777218009 -0.993043955805 -0.0948834771527 0.0697196357049 19.6603322764 0.0647868474363 0.0541148173097 0.996430755721 0.0562713183926
-0.191765916141 0.980453830696 -0.0440013554375 20.3750261784 -0.980722872383 -0.189718570401 0.046792217629 19.4917744826 0.0375297347718 0.0521262881753 0.997935052541 0.0598659420421
-0.259588212005 0.965038756371 -0.0362513294994 20.956683882 -0.96567607152 -0.259038027061 0.0192100346072 19.3368868851 0.00914795503529 0.0399937399946 0.999158053403 0.0528630855286
-0.302397157623 0.952850246897 -0.0251468894491 21.5316875753 -0.953065370449 -0.30266763368 -0.00766179958008 19.1986504916 -0.0149116971455 0.0216497230931 0.999654405671 0.037741080699
-0.324907389814 0.945662364461 -0.0125650501517 22.1079492371 -0.945266787672 -0.325136969345 -0.0275072952041 19.0735615573 -0.0300979761486 0.00294000110824 0.999542629519 0.0198134320431
-0.334671858811 0.942333421537 -0.00157148809481 22.6887758052 -0.941657321073 -0.334494031834 -0.0373528089469 18.952859065 -0.0357244536477 -0.0110211307326 0.999300904677 0.00456770932896
-0.339027027994 0.940761546076 0.00532801226615 23.2730916139 -0.940139568007 -0.338583629516 -0.0387132857285 18.82727347 -0.0346159928044 -0.0181339253546 0.999236155167 -0.00521938580408
-0.342754120616 0.939392025948 0.0078888773745 23.8579604568 -0.938941715833 -0.342296287406 -0.0349529097113 18.6906332885 -0.0301341512294 -0.0193874498891 0.999357823663 -0.00983375785873
-0.348187988226 0.937394147864 0.00757208065812 24.4405343214 -0.937107819143 -0.347848903913 -0.0288110282396 18.5397936123 -0.0243733493085 -0.0171275099534 0.999556195642 -0.0109571575795
-0.356415409276 0.934307609142 0.00611126264825 25.0186292996 -0.93414815794 -0.356211153088 -0.0219279144872 18.3730381625 -0.0183105174432 -0.0135242713621 0.999740875945 -0.0102634586764
-0.367991716958 0.929817069969 0.00472362611292 25.5907037337 -0.929745870382 -0.367886085546 -0.0152461329591 18.1891148269 -0.0124383583561 -0.0100022225163 0.999872613279 -0.00893655943108
-0.383101491189 0.923697733267 0.00396799780909 26.1557264199 -0.923678798982 -0.383053447426 -0.00935589263749 17.9870513844 -0.00712206158179 -0.00724941187148 0.9999483598 -0.00765507772525
-0.401576256181 0.915817317688 0.00389244072661 26.7130199667 -0.915821697304 -0.401558531096 -0.00462221282836 17.7662378213 -0.0026700597737 -0.00542095259579 0.99998174186 -0.00670268358172
-0.422968056283 0.906134564523 0.00426313735779 27.2621016219 -0.906144308116 -0.422966972683 -0.00119703310071 17.5264666173 0.000718493234922 -0.00436932441539 0.999990196338 -0.00610314826687
-0.446676334121 0.894682898383 0.00477115060453 27.8025566821 -0.894690591774 -0.44668535113 0.000970606166339 17.2678722239 0.00299958782117 -0.00383515675355 0.999988146953 -0.00575071368008
-0.472069191635 0.881546360611 0.0051664690101 28.3339649392 -0.881551142192 -0.472083947621 0.0020808891051 16.9908204903 0.00427340730298 -0.00357218301923 0.999984488629 -0.00551185683157
-0.498562031716 0.866837755756 0.00531090650268 28.8558759908 -0.866841114285 -0.498578687137 0.00240318911998 16.6958056509 0.00473107985503 -0.00340557326039 0.999983009333 -0.00528383523695
-0.52565170018 0.850684162324 0.0051716602025 29.3678153762 -0.850687476108 -0.525667153097 0.00220502801723 16.383380308 0.00459435430717 -0.00324038983876 0.999984195766 -0.00501301688257
-0.552922452352 0.833218966447 0.00478702811041 29.8693026201 -0.833222769422 -0.552934799742 0.00170989784114 16.0541161828 0.00407163374151 -0.00304321991186 0.999987080222 -0.00468777627766
-0.580040202984 0.814576870718 0.00422902033631 30.3598681952 -0.814581019132 -0.580048781912 0.00108345407999 15.708583615 0.0033355947288 -0.00281643277099 0.999990470712 -0.00432177250707
-0.606744109861 0.79488917597 0.00357534257856 30.8390634579 -0.794893231065 -0.606749173611 0.000437640566335 15.3473401774 0.00251721190407 -0.00257647977858 0.999993512677 -0.00393808627454
-0.632838157496 0.774278693022 0.00289343206389 31.3064629194 -0.774282213604 -0.632840444954 -0.000157884460873 14.9709239625 0.00170883426074 -0.00234024829466 0.999995801553 -0.00355860222607
-0.658182582774 0.75285502998 0.0022341811909 31.7616610724 -0.752857719197 -0.658182963944 -0.00066379123374 14.5798504208 0.000970761429039 -0.0021189163843 0.999997283904 -0.00319895804463
-0.682684709892 0.730711245716 0.00163164454636 32.2042667773 -0.730712989115 -0.682683968458 -0.00106148461806 14.1746125254 0.000338258826453 -0.00191692318218 0.999998105491 -0.0028675619863
-0.706289343087 0.707922412073 0.00110558818336 32.633897686 -0.707923254441 -0.706288080911 -0.0013463227306 13.7556837502 -0.000172228278577 -0.00173356498182 0.999998482544 -0.00256685826816
-0.728969316589 0.684546049173 0.000664855374096 33.0501761702 -0.684546144669 -0.728967939051 -0.00152304099825 13.3235229111 -0.000557933446262 -0.00156537433874 0.999998619156 -0.00229539744934
-0.750716875213 0.66062400566 0.000310509414407 33.4527272458 -0.660623562742 -0.750715618637 -0.0016025867218 12.8785797852 -0.000825602992442 -0.00140821873165 0.999998667649 -0.00204981732471
-0.771536366246 0.636185219953 3.83722566833e-05 33.8411783422 -0.636184453707 -0.771535340487 -0.00159976260792 12.4213006057 -0.000988139774466 -0.00125868686253 0.999998719643 -0.00182632620724
-0.791438459015 0.611248836636 -0.000159072345149 34.2151604312 -0.611247934889 -0.79143768996 -0.00153134079106 11.9521328478 -0.00106192612641 -0.00111472935344 0.999998814845 -0.00162159268483
-0.810435875697 0.585827283873 -0.000291294706724 34.5743099872 -0.585826388719 -0.810435340685 -0.00141451364708 11.4715290404 -0.00106473621275 -0.000975724480163 0.999998957149 -0.00143313474919
-0.828540478747 0.559929048298 -0.000368712217882 34.9182713008 -0.559928251238 -0.828540132751 -0.0012656564812 10.979949559 -0.00101417069894 -0.000842195239493 0.999999131082 -0.0012593596524
-0.845761484199 0.533561008965 -0.000401943072466 35.2466988177 -0.533560355863 -0.845761277161 -0.00109941188121 10.4778644984 -0.000926551198921 -0.000715379335617 0.999999314867 -0.00109940342867
0.0304614342631 0.999448961814 -0.0131861196252 37.7879247793 -0.998245058124 0.0310896980161 0.0504007401494 11.3975449087 0.0507829198942 0.0116276999188 0.998642023771 0.0225834831514
-0.393955817647 0.919108070906 -0.0062584133004 37.3866813999 -0.91910993377 -0.393982641277 -0.00382204368841 10.401511146 -0.00597857740367 0.00424645348768 0.999973111761 -0.00365864944483
-0.519751646425 0.854281270966 -0.00785723327725 37.3746053136 -0.853411644789 -0.518755243477 0.050809073043 9.66785305162 0.039329258534 0.0331135537421 0.998677476457 0.0357311636433
-0.662100816844 0.749180447792 0.0187393964944 37.3963364426 -0.746958126968 -0.661747072227 0.0643767734154 8.93901367355 0.0606305607002 0.0286263697581 0.997749701109 0.0297110026518
-0.787086786109 0.615461612079 0.0412479719407 37.4335923297 -0.612641017358 -0.787767508844 0.0639791830224 8.21531462391 0.071870543223 0.0250869700493 0.997098424906 0.0247918728508
-0.876478794457 0.479512001954 0.0430483780075 37.4799776683 -0.476737932279 -0.876908093483 0.0612628721951 7.51597417119 0.0671257535778 0.0331728136472 0.997192908941 0.0339723727121
-0.934516961564 0.354313884755 0.0337597336949 37.5274125921 -0.351929341023 -0.934038032335 0.0609810878782 6.84640681966 0.0531393213752 0.0451068201244 0.99756783594 0.048912457238
-0.969697896524 0.243361055319 0.0214799029593 37.5716011346 -0.24176647981 -0.968544232684 0.0589155206664 6.20395617822 0.0351419794138 0.0519371359377 0.998031850791 0.0596370822661
-0.988447463948 0.151407896757 0.00687457733875 37.6164228274 -0.150866628136 -0.987233320538 0.0510845508488 5.58570491142 0.0145214162142 0.0494572504305 0.998670670868 0.0615094227429
-0.99648666969 0.0831902737446 -0.00967964283499 37.6695635466 -0.0834951373891 -0.995815285532 0.0371547995916 4.98660331866 -0.00654821834462 0.0378324656164 0.999262640842 0.0537138816973
-0.998893855734 0.0398736049891 -0.0249230937514 37.7362359582 -0.0403681596809 -0.998991334579 0.0196653278625 4.39877288349 -0.0241138271734 0.0206496746011 0.999495930096 0.0386968017985
-0.999246129652 0.0172730641143 -0.0347679972328 37.8150936139 -0.0173775034324 -0.999845343602 0.00270393266555 3.8138685107 -0.0347159149373 0.00330607524214 0.999391752576 0.0214022711922
-0.999257316188 0.0074408237532 -0.0378080703794 37.8988098888 -0.00707532722003 -0.999927027736 -0.00979177955125 3.22618250538 -0.0378781703448 -0.0095170028856 0.999237044383 0.0068154959873
-0.999357641881 0.00274168917377 -0.0357321529432 37.9786361546 -0.00216852175494 -0.999868524759 -0.0160695585024 2.63379937907 -0.0357715127844 -0.0159817501401 0.999232196507 -0.002609267848
-0.999519864678 -0.00154461744673 -0.0309459895848 38.0481593224 0.00207194951421 -0.999853077612 -0.017015587392 2.03738019158 -0.030915160353 -0.0170715361356 0.999376213202 -0.00718374528341
-0.999657111094 -0.0076648344988 -0.025038181887 38.1035962912 0.00803612246268 -0.999858741154 -0.0147620619572 1.43842551162 -0.0249214962606 -0.0149582101058 0.999577496233 -0.00846845611515
