1 0 0 -1.27221029604e-09 0 1 0 -1.80642970525e-10 0 0 1 2.89089183159e-10
0.999915498027 0.0129998771024 1.59202578828e-18 0.00256708269849 -0.0129998771024 0.999915498027 -1.03485070304e-20 0.599990565822 -1.59202578828e-18 -1.03485070304e-20 1 -2.83763135212e-08
0.99927827613 0.0379858770366 4.65192827257e-18 0.0167853344424 -0.0379858770366 0.99927827613 -8.8385682701e-20 1.19980686394 -4.65192827257e-18 -8.83856827011e-20 1 -1.12983736034e-07
0.997744807521 0.0671215246085 8.22001602657e-18 0.0473312125865 -0.0671215246085 0.997744807521 -2.76181425141e-19 1.79900782858 -8.22001602657e-18 -2.76181425141e-19 1 -2.55131239024e-07
0.995220678672 0.0976514246852 1.19588504673e-17 0.095811187547 -0.0976514246852 0.995220678672 -5.85298056607e-19 2.3970227683 -1.19588504673e-17 -5.85298056607e-19 1 -4.53244798804e-07
0.991697331987 0.128593941265 1.5748215856e-17 0.162748097236 -0.128593941265 0.991697331987 -1.01678358066e-18 2.99325314342 -1.5748215856e-17 -1.01678358066e-18 1 -7.06290369967e-07
0.987183906782 0.159586760697 1.95437415674e-17 0.248274698275 -0.159586760697 0.987183906782 -1.56951875365e-18 3.58710166907 -1.95437415674e-17 -1.56951875365e-18 1 -1.01698559996e-06
0.981690354072 0.190483722982 2.3327528164e-17 0.352375782626 -0.190483722982 0.981690354072 -2.24228492788e-18 4.17797705112 -2.3327528164e-17 -2.24228492788e-18 1 -1.38285906326e-06
0.975225263439 0.221214116976 2.70909160281e-17 0.474972671316 -0.221214116976 0.975225263439 -3.03403018287e-18 4.76529358669 -2.70909160281e-17 -3.03403018287e-18 1 -1.80463318245e-06
0.967796558131 0.251733633171 3.08284788101e-17 0.615952729083 -0.251733633171 0.967796558131 -3.94378420062e-18 5.3484705062 -3.08284788101e-17 -3.94378420062e-18 1 -2.28072585395e-06
0.959412260065 0.282007296424 3.45359332902e-17 0.775179727721 -0.282007296424 0.959412260065 -4.97056457958e-18 5.92693178652 -3.45359332902e-17 -4.97056457958e-18 1 -2.81141987246e-06
0.9500809374 0.312003545476 3.8209414329e-17 0.952497531393 -0.312003545476 0.9500809374 -6.11332202299e-18 6.50010635579 -3.8209414329e-17 -6.11332202299e-18 1 -3.39703673014e-06
0.939811919888 0.341692193701 4.18452251309e-17 1.14773149631 -0.341692193701 0.939811919888 -7.37091396557e-18 7.06742847537 -4.18452251309e-17 -7.37091396557e-18 1 -4.03326339082e-06
0.928615390328 0.3710437398 4.5439752829e-17 1.36068906889 -0.3710437398 0.928615390328 -8.74209337426e-18 7.62833823634 -4.5439752829e-17 -8.74209337426e-18 1 -4.72537248353e-06
0.916502417466 0.400029147411 4.89894414942e-17 1.59116012949 -0.400029147411 0.916502417466 -1.02255047186e-17 8.1822820767 -4.89894414942e-17 -1.02255047186e-17 1 -5.4661775386e-06
0.903484962774 0.428619787272 5.24907850534e-17 1.83891724064 -0.428619787272 0.903484962774 -1.18196831408e-17 8.72871331879 -5.24907850534e-17 -1.18196831408e-17 1 -6.2612559879e-06
0.889575875762 0.456787435535 5.59403270818e-17 2.10371590422 -0.456787435535 0.889575875762 -1.35230550297e-17 9.26709269674 -5.59403270818e-17 -1.35230550297e-17 1 -7.10489021571e-06
0.874788884105 0.484504291256 5.9334662946e-17 2.38529479419 -0.484504291256 0.874788884105 -1.53339392298e-17 9.79688890044 -5.9334662946e-17 -1.53339392298e-17 1 -7.99909333171e-06
0.85913858119 0.511743000255 6.26704427249e-17 2.68337602828 -0.511743000255 0.85913858119 -1.72505485669e-17 10.317579082 -6.26704427249e-17 -1.72505485669e-17 1 -8.94164119813e-06
0.84264041213 0.538476680875 6.59443743649e-17 2.99766543587 -0.538476680875 0.84264041213 -1.92709915601e-17 10.8286493861 -6.59443743649e-17 -1.92709915601e-17 1 -9.93102222413e-06
0.825310658682 0.564678950083 6.91532268764e-17 3.32785285103 -0.564678950083 0.825310658682 -2.13932742691e-17 11.3295954492 -6.91532268764e-17 -2.13932742691e-17 1 -1.0968500372e-05
0.807166423242 0.590323949362 7.22938335046e-17 3.67361242113 -0.590323949362 0.807166423242 -2.36153022544e-17 11.8199229016 -7.22938335046e-17 -2.36153022544e-17 1 -1.20527460901e-05
0.788225611989 0.615386370181 7.53630948481e-17 4.03460291714 -0.615386370181 0.788225611989 -2.59348826419e-17 12.2991478478 -7.53630948481e-17 -2.59348826419e-17 1 -1.3180035956e-05
0.768506917219 0.639841478952 7.8357981916e-17 4.41046808734 -0.639841478952 0.768506917219 -2.83497262853e-17 12.7667973534 -7.8357981916e-17 -2.83497262853e-17 1 -1.43501001366e-05
0.748029798903 0.663665141433 8.12755391161e-17 4.8008370015 -0.663665141433 0.748029798903 -3.08574500254e-17 13.222409905 -8.12755391161e-17 -3.08574500254e-17 1 -1.55636121413e-05
0.726814465487 0.686833846544 8.41128871717e-17 5.20532441257 -0.686833846544 0.726814465487 -3.34555790415e-17 13.665535873 -8.41128871717e-17 -3.34555790415e-17 1 -1.6819107393e-05
0.704881853942 0.709324729572 8.68672259627e-17 5.62353113804 -0.709324729572 0.704881853942 -3.6141549294e-17 14.095737944 -8.68672259627e-17 -3.6141549294e-17 1 -1.81132695607e-05
0.682253609109 0.73111559473 8.95358372893e-17 6.05504446031 -0.73111559473 0.682253609109 -3.89127100545e-17 14.5125915646 -8.95358372893e-17 -3.89127100545e-17 1 -1.94464564478e-05
0.658952062334 0.752184937064 9.21160875542e-17 6.49943852583 -0.752184937064 0.658952062334 -4.17663265219e-17 14.9156853515 -9.21160875542e-17 -4.17663265219e-17 1 -2.08172022704e-05
0.635000209429 0.772511963678 9.46054303621e-17 6.95627477742 -0.772511963678 0.635000209429 -4.46995825213e-17 15.3046214997 -9.46054303621e-17 -4.46995825213e-17 1 -2.22232274307e-05
0.610421687982 0.79207661425 9.70014090321e-17 7.42510236937 -0.79207661425 0.610421687982 -4.77095832831e-17 15.6790161793 -9.70014090321e-17 -4.77095832831e-17 1 -2.36645137965e-05
0.585240754026 0.810859580832 9.93016590224e-17 7.90545862717 -0.810859580832 0.585240754026 -5.07933582999e-17 16.0384999101 -9.93016590224e-17 -5.07933582999e-17 1 -2.51392203747e-05
0.559482258102 0.828842326905 1.01503910264e-16 8.39686950066 -0.828842326905 0.559482258102 -5.39478642583e-17 16.3827179252 -1.01503910264e-16 -5.39478642583e-17 1 -2.6644273281e-05
0.533171620737 0.846007105668 1.03605989401e-16 8.89885002275 -0.846007105668 0.533171620737 -5.71699880415e-17 16.7113305263 -1.03605989401e-16 -5.71699880415e-17 1 -2.8180136308e-05
0.506334807353 0.862336977557 1.05605821935e-16 9.41090480497 -0.862336977557 0.506334807353 -6.04565498025e-17 17.0240134144 -1.05605821935e-16 -6.04565498025e-17 1 -2.97441348396e-05
0.478998302645 0.877815826961 1.07501434273e-16 9.93252851083 -0.877815826961 0.478998302645 -6.38043061016e-17 17.3204580058 -1.07501434273e-16 -6.38043061016e-17 1 -3.13349128449e-05
0.451189084442 0.892428378124 1.09290955674e-16 10.4632063618 -0.892428378124 0.451189084442 -6.72099531075e-17 17.6003717536 -1.09290955674e-16 -6.72099531075e-17 1 -3.29531596979e-05
0.422934597085 0.906160210221 1.10972620096e-16 11.0024146464 -0.906160210221 0.422934597085 -7.06701298578e-17 17.863478413 -1.10972620096e-16 -7.06701298578e-17 1 -3.45929967125e-05
0.394262724343 0.918997771593 1.12544767941e-16 11.5496212293 -0.918997771593 0.394262724343 -7.41814215758e-17 18.1095183336 -1.12544767941e-16 -7.41814215758e-17 1 -3.62566348535e-05
0.365201761892 0.930928393117 1.14005847687e-16 12.1042860896 -0.930928393117 0.365201761892 -7.77403630404e-17 18.3382487043 -1.14005847687e-16 -7.77403630404e-17 1 -3.79407105413e-05
0.335780389393 0.941940300709 1.15354417425e-16 12.6658618378 -0.941940300709 0.335780389393 -8.13434420061e-17 18.5494437958 -1.15354417425e-16 -8.13434420061e-17 1 -3.9642886863e-05
0.306027642189 0.952022626946 1.1658914628e-16 13.2337942677 -0.952022626946 0.306027642189 -8.49871026691e-17 18.7428951871 -1.1658914628e-16 -8.49871026691e-17 1 -4.13616485311e-05
0.275972882649 0.961165421789 1.17708815724e-16 13.8075229068 -0.961165421789 0.275972882649 -8.8667749176e-17 18.9184119648 -1.17708815724e-16 -8.8667749176e-17 1 -4.30981607398e-05
0.245645771192 0.969359662404 1.18712320779e-16 14.3864815473 -0.969359662404 0.245645771192 -9.23817491732e-17 19.0758209157 -1.18712320779e-16 -9.23817491732e-17 1 -4.48473748076e-05
0.215076237017 0.976597262064 1.19598671104e-16 14.9700988366 -0.976597262064 0.215076237017 -9.61254373912e-17 19.2149666983 -1.19598671104e-16 -9.61254373912e-17 1 -4.66085148982e-05
0.184294448562 0.982871078132 1.20366991981e-16 15.5577988119 -0.982871078132 0.184294448562 -9.98951192615e-17 19.3357119921 -1.20366991981e-16 -9.98951192615e-17 1 -4.83797552118e-05
0.153330783737 0.98817491911 1.21016525169e-16 16.1490014873 -0.98817491911 0.153330783737 -1.03687074563e-16 19.4379376371 -1.21016525169e-16 -1.03687074563e-16 1 -5.01604332523e-05
0.12221579994 0.992503550747 1.21546629656e-16 16.7431234235 -0.992503550747 0.12221579994 -1.07497561095e-16 19.5215427492 -1.21546629656e-16 -1.07497561095e-16 1 -5.19464430617e-05
0.0909802039036 0.995852701205 1.21956782295e-16 17.3395782934 -0.995852701205 0.0909802039036 -1.11322818365e-16 19.5864448215 -1.21956782295e-16 -1.11322818365e-16 1 -5.37384535537e-05
0.0596548213902 0.998219065278 1.22246578314e-16 17.9377774653 -0.998219065278 0.0596548213902 -1.15159071308e-16 19.6325798037 -1.22246578314e-16 -1.15159071308e-16 1 -5.55326590703e-05
0.0282705667703 0.99960030765 1.22415731719e-16 18.5371305981 -0.99960030765 0.0282705667703 -1.19002534004e-16 19.6599021667 -1.22415731719e-16 -1.19002534004e-16 1 -5.73304821714e-05
-0.00314158748584 0.999995065202 1.22464075576e-16 19.1370462002 -0.999995065202 -0.00314158748584 -1.22849413421e-16 19.6683849445 -1.22464075576e-16 -1.22849413421e-16 1 -5.91262545182e-05
-0.0345506413744 0.999402948355 1.22391562176e-16 19.7369322322 -0.999402948355 -0.0345506413744 -1.26695913152e-16 19.6580197678 -1.22391562176e-16 -1.26695913152e-16 1 -6.09198434187e-05
-0.0659255979513 0.997824541457 1.22198263081e-16 20.3361966817 -0.997824541457 -0.0659255979513 -1.30538237166e-16 19.6288168662 -1.22198263081e-16 -1.30538237166e-16 1 -6.27104427995e-05
-0.0972354939224 0.995261402206 1.21884369053e-16 20.9342481463 -0.995261402206 -0.0972354939224 -1.34372593554e-16 19.580805056 -1.21884369053e-16 -1.34372593554e-16 1 -6.44956865123e-05
-0.1284494302 0.991716060111 1.21450189868e-16 21.5304964249 -0.991716060111 -0.1284494302 -1.38195198269e-16 19.5140317224 -1.21450189868e-16 -1.38195198269e-16 1 -6.62731020942e-05
-0.159536602398 0.987192013995 1.20896154008e-16 22.1243530958 -0.987192013995 -0.159536602398 -1.42002278862e-16 19.4285627614 -1.20896154008e-16 -1.42002278862e-16 1 -6.80428309909e-05
-0.190466331231 0.981693728546 1.20222808241e-16 22.7152320956 -0.981693728546 -0.190466331231 -1.45790078203e-16 19.3244825205 -1.20222808241e-16 -1.45790078203e-16 1 -6.97996518593e-05
-0.22120809279 0.975226629909 1.19430817076e-16 23.3025502986 -0.975226629909 -0.22120809279 -1.49554858193e-16 19.2018937105 -1.19430817076e-16 -1.49554858193e-16 1 -7.15448297957e-05
-0.251731548668 0.967797100329 1.18520962114e-16 23.8857280967 -0.967797100329 -0.251731548668 -1.53292903447e-16 19.0609173151 -1.18520962114e-16 -1.53292903447e-16 1 -7.3275880931e-05
-0.2820065759 0.959412471854 1.17494141272e-16 24.4641899663 -0.959412471854 -0.2820065759 -1.57000524966e-16 18.9016924582 -1.17494141272e-16 -1.57000524966e-16 1 -7.49909653113e-05
-0.312003296688 0.950081019101 1.16351367897e-16 25.0373650364 -0.950081019101 -0.312003296688 -1.60674063776e-16 18.7243762755 -1.16351367897e-16 -1.60674063776e-16 1 -7.66874135341e-05
-0.341692107891 0.939811951086 1.1509376977e-16 25.604687653 -0.939811951086 -0.341692107891 -1.64309894537e-16 18.5291437542 -1.1509376977e-16 -1.64309894537e-16 1 -7.83646509301e-05
-0.371043710237 0.928615402141 1.13722587987e-16 26.1655979397 -0.928615402141 -0.371043710237 -1.67904429123e-16 18.3161875655 -1.13722587987e-16 -1.67904429123e-16 1 -8.00222982527e-05
-0.400029137237 0.916502421907 1.1223917574e-16 26.71954235 -0.916502421907 -0.400029137237 -1.71454120163e-16 18.0857178723 -1.1223917574e-16 -1.71454120163e-16 1 -8.16565219992e-05
-0.428619783775 0.903484964433 1.10644996977e-16 27.2659742078 -0.903484964433 -0.428619783775 -1.7495546454e-16 17.8379621147 -1.10644996977e-16 -1.7495546454e-16 1 -8.3267157434e-05
-0.456787434334 0.889575876378 1.08941624961e-16 27.8043542507 -0.889575876378 -0.456787434334 -1.7840500685e-16 17.5731648 -1.08941624961e-16 -1.7840500685e-16 1 -8.48499327528e-05
-0.484504290844 0.874788884333 1.07130740713e-16 28.3341511653 -0.874788884333 -0.484504290844 -1.8179934281e-16 17.2915872479 -1.07130740713e-16 -1.8179934281e-16 1 -8.64078199303e-05
-0.511743000114 0.859138581274 1.05214131358e-16 28.8548421085 -0.859138581274 -0.511743000114 -1.85135122622e-16 16.9935073426 -1.05214131358e-16 -1.85135122622e-16 1 -8.79351263645e-05
-0.538476680827 0.84264041216 1.03193688358e-16 29.3659132227 -0.84264041216 -0.538476680827 -1.88409054274e-16 16.6792192465 -1.03193688358e-16 -1.88409054274e-16 1 -8.94320731364e-05
-0.564678950066 0.825310658693 1.01071405647e-16 29.8668601418 -0.825310658693 -0.564678950066 -1.91617906789e-16 16.3490331288 -1.01071405647e-16 -1.91617906789e-16 1 -9.0898496012e-05
-0.590323949356 0.807166423246 9.88493776608e-17 30.3571884949 -0.807166423246 -0.590323949356 -1.94758513419e-16 16.0032748366 -9.88493776608e-17 -1.94758513419e-16 1 -9.2330693934e-05
-0.615386370179 0.78822561199 9.6529797273e-17 30.8364143855 -0.78822561199 -0.615386370179 -1.97827774763e-16 15.6422855939 -9.6529797273e-17 -1.97827774763e-16 1 -9.37282928897e-05
-0.639841478951 0.768506917219 9.41149536295e-17 31.3040648797 -0.768506917219 -0.639841478951 -2.00822661831e-16 15.2664216496 -9.41149536295e-17 -2.00822661831e-16 1 -9.50902468198e-05
-0.663665141432 0.748029798903 9.16072298894e-17 31.7596784625 -0.748029798903 -0.663665141432 -2.03740219031e-16 14.8760539358 -9.16072298894e-17 -2.03740219031e-16 1 -9.64148097982e-05
-0.686833846544 0.726814465487 8.90091008733e-17 32.2028054997 -0.726814465487 -0.686833846544 -2.06577567086e-16 14.4715676957 -8.90091008733e-17 -2.06577567086e-16 1 -9.7700514095e-05
-0.709324729572 0.704881853942 8.63231306208e-17 32.6330086773 -0.704881853942 -0.709324729572 -2.09331905877e-16 14.0533621065 -8.63231306208e-17 -2.09331905877e-16 1 -9.89456393095e-05
-0.73111559473 0.682253609109 8.35519698603e-17 33.0498634392 -0.682253609109 -0.73111559473 -2.12000517204e-16 13.6218498848 -8.35519698603e-17 -2.12000517204e-16 1 -0.000100150338613
-0.752184937064 0.658952062334 8.06983533929e-17 33.4529583982 -0.658952062334 -0.752184937064 -2.14580767469e-16 13.1774568811 -8.06983533929e-17 -2.14580767469e-16 1 -0.000101311649878
-0.772511963678 0.635000209429 7.77650973935e-17 33.8418957524 -0.635000209429 -0.772511963678 -2.17070110277e-16 12.7206216555 -7.77650973935e-17 -2.17070110277e-16 1 -0.000102430711014
-0.79207661425 0.610421687982 7.47550966317e-17 34.2162916644 -0.610421687982 -0.79207661425 -2.19466088947e-16 12.2517950453 -7.47550966317e-17 -2.19466088947e-16 1 -0.000103505083226
-0.810859580832 0.585240754026 7.16713216148e-17 34.5757766531 -0.585240754026 -0.810859580832 -2.21766338937e-16 11.7714397267 -7.16713216148e-17 -2.21766338937e-16 1 -0.000104533462552
-0.828842326905 0.559482258102 6.85168156565e-17 34.9199959487 -0.559482258102 -0.828842326905 -2.23968590179e-16 11.2800297504 -6.85168156565e-17 -2.23968590179e-16 1 -0.000105516688267
-0.846007105668 0.533171620737 6.52946918732e-17 35.24860985 -0.533171620737 -0.846007105668 -2.26070669316e-16 10.7780500758 -6.52946918732e-17 -2.26070669316e-16 1 -0.000106450360136
-0.862336977557 0.506334807353 6.20081301122e-17 35.5612940529 -0.506334807353 -0.862336977557 -2.2807050185e-16 10.2659960971 -6.20081301122e-17 -2.2807050185e-16 1 -0.000107336141428
-0.877815826961 0.478998302645 5.86603738131e-17 35.8577399758 -0.478998302645 -0.877815826961 -2.29966114188e-16 9.74437314589 -5.86603738131e-17 -2.29966114188e-16 1 -0.000108173521192
-0.892428378124 0.451189084442 5.52547268072e-17 36.1376550646 -0.451189084442 -0.892428378124 -2.31755635588e-16 9.21369600061 -5.52547268072e-17 -2.31755635588e-16 1 -0.000108959580627
-0.906160210221 0.422934597085 5.17945500569e-17 36.4007630732 -0.422934597085 -0.906160210221 -2.33437300011e-16 8.67448837433 -5.17945500569e-17 -2.33437300011e-16 1 -0.000109695456941
-0.918997771593 0.394262724343 4.8283258339e-17 36.6468043453 -0.394262724343 -0.918997771593 -2.35009447855e-16 8.12728239928 -4.8283258339e-17 -2.35009447855e-16 1 -0.0001103793109
-0.930928393117 0.365201761892 4.47243168744e-17 36.8755360709 -0.365201761892 -0.930928393117 -2.36470527601e-16 7.57261809747 -4.47243168744e-17 -2.36470527601e-16 1 -0.000111011661632
-0.941940300709 0.335780389393 4.11212379086e-17 37.0867325149 -0.335780389393 -0.941940300709 -2.3781909734e-16 7.01104285686 -4.11212379086e-17 -2.3781909734e-16 1 -0.000111590942392
-0.952022626946 0.306027642189 3.74775772457e-17 37.2801852518 -0.306027642189 -0.952022626946 -2.39053826195e-16 6.44311088372 -3.74775772457e-17 -2.39053826195e-16 1 -0.000112115837631
-0.961165421789 0.275972882649 3.37969307387e-17 37.4557033714 -0.275972882649 -0.961165421789 -2.40173495639e-16 5.86938265666 -3.37969307387e-17 -2.40173495639e-16 1 -0.000112585907355
-0.969359662404 0.245645771193 3.00829307415e-17 37.6131136517 -0.245645771193 -0.969359662404 -2.41177000693e-16 5.29042437481 -3.00829307415e-17 -2.41177000693e-16 1 -0.00011300427059
-0.976597262064 0.215076237017 2.63392425236e-17 37.7522607483 -0.215076237017 -0.976597262064 -2.42063351019e-16 4.706807399 -2.63392425236e-17 -2.42063351019e-16 1 -0.000113367292634
-0.982871078132 0.184294448562 2.25695606533e-17 37.8730073378 -0.184294448562 -0.982871078132 -2.42831671896e-16 4.11910768896 -2.25695606533e-17 -2.42831671896e-16 1 -0.000113673452184
-0.98817491911 0.153330783737 1.87776053514e-17 37.9752342623 -0.153330783737 -0.98817491911 -2.43481205083e-16 3.52790523338 -1.87776053514e-17 -2.43481205083e-16 1 -0.000113924183657
-0.992503550747 0.12221579994 1.49671188202e-17 38.0588406284 -0.12221579994 -0.992503550747 -2.44011309571e-16 2.93378347432 -1.49671188202e-17 -2.44011309571e-16 1 -0.000114120242397
-0.995852701205 0.0909802039037 1.11418615496e-17 38.1237439303 -0.0909802039037 -0.995852701205 -2.4442146221e-16 2.33732874067 -1.11418615496e-17 -2.4442146221e-16 1 -0.000114260947037
-0.998219065278 0.0596548213903 7.30560860693e-18 38.1698801131 -0.0596548213903 -0.998219065278 -2.44711258229e-16 1.73912965933 -7.30560860693e-18 -2.44711258229e-16 1 -0.000114343964241
