0.999999999999 -9.999995e-07 1.0000005e-06 9.98727789704e-07 1.0000005e-06 0.999999999999 -9.999995e-07 9.99819357029e-07 -9.999995e-07 1.0000005e-06 0.999999999999 1.00028908918e-06
1 -2.69306679722e-11 1.29917894828e-11 8.25600983563e-13 2.69306677028e-11 1 2.07335047894e-08 9.16544924123e-08 -1.29917900412e-11 -2.07335047894e-08 1 1.37900873145e-12
1 -3.506309985e-09 2.28164238833e-11 -3.39206283181e-07 3.5063099858e-09 1 -3.48282288229e-08 0.271293929747 -2.28163017647e-11 3.4828228823e-08 1 6.62983927772e-07
1 2.12253142777e-09 -1.37162453169e-08 -1.84809870666e-07 -2.12200044877e-09 0.999999999251 3.87115710356e-05 0.522590506219 1.37163274732e-08 -3.87115710355e-05 0.999999999251 2.45056070661e-06
1 -1.34521790362e-08 1.26097700032e-07 -1.22715888254e-07 1.34442527966e-08 0.999999998024 6.28577132085e-05 0.783642389736 -1.26098545356e-07 -6.28577132068e-05 0.999999998024 -1.55922908642e-06
1 -1.2116835478e-08 3.75236207365e-07 -9.76339327453e-08 1.20734421704e-08 0.999999993313 0.00011564242945 1.06055361278 -3.75237606077e-07 -0.000115642429445 0.999999993313 -6.17103216825e-06
1 4.11889916636e-11 6.88430926669e-07 -8.67615705277e-08 -1.76537761979e-10 0.999999980673 0.000196604722229 1.35539401236 -6.88430905266e-07 -0.000196604722229 0.999999980673 -1.67707678301e-05
0.999999999999 1.59986428592e-08 1.02996948044e-06 -8.03793977656e-08 -1.62958298536e-08 0.999999958372 0.000288540258748 1.66904816244 -1.02996482132e-06 -0.000288540258764 0.999999958372 -3.65453196747e-05
0.999999999999 3.01175599639e-08 1.37296077922e-06 -7.46352829556e-08 -3.06324435376e-08 0.999999929681 0.000375018499626 2.00195632537 -1.37294938803e-06 -0.000375018499668 0.99999992968 -6.50068843009e-05
0.999999999999 3.84591314371e-08 1.6983101278e-06 -6.79199722288e-08 -3.92157998187e-08 0.999999900745 0.000445544183209 2.35436385508 -1.69829282399e-06 -0.000445544183275 0.999999900744 -9.94175192142e-05
0.999999999998 3.79290530575e-08 1.99356720552e-06 -6.04148141571e-08 -3.89167040847e-08 0.999999877279 0.000495421312677 2.72641984031 -1.99354817e-06 -0.000495421312753 0.999999877277 -0.000136313700653
0.999999999997 2.65244821303e-08 2.25158010545e-06 -5.30592041784e-08 -2.77046043324e-08 0.999999862643 0.000524132293847 3.11822105537 -2.25156589384e-06 -0.000524132293908 0.99999986264 -0.000172480255713
0.999999999997 3.04487728126e-09 2.46923866144e-06 -4.74294194153e-08 -4.36269120829e-09 0.999999857586 0.000533692583558 3.5298335237 -2.46923668475e-06 -0.000533692583568 0.999999857583 -0.000205401430127
0.999999999996 -3.25812354912e-08 2.64636375078e-06 -4.4852290383e-08 3.11855592409e-08 0.999999860929 0.000527392244891 3.96130399419 -2.64638056584e-06 -0.000527392244807 0.999999860925 -0.000233386160423
0.999999999996 -7.99104326754e-08 2.78483261662e-06 -4.68584745395e-08 7.84931176089e-08 0.999999870491 0.000508937129387 4.41266649131 -2.78487292535e-06 -0.000508937129166 0.999999870488 -0.000255511419473
0.999999999996 -1.37896092871e-07 2.88786502188e-06 -5.48020506127e-08 1.36504369586e-07 0.999999883879 0.000481915623627 4.8839462834 -2.88793114082e-06 -0.000481915623231 0.999999883874 -0.000271493170344
0.999999999996 -2.04832144233e-07 2.95946740318e-06 -6.94043588744e-08 2.03501846261e-07 0.999999898975 0.000449498878735 5.3751624162 -2.95955917602e-06 -0.000449498878131 0.999999898971 -0.00028153261821
0.999999999995 -2.78887723695e-07 3.00402401124e-06 -9.13001631025e-08 2.77643121704e-07 0.999999914176 0.000414303631695 5.88632939775 -3.00413929762e-06 -0.000414303630859 0.999999914172 -0.000286165915467
0.999999999995 -3.5791570531e-07 3.02598219733e-06 -1.20521467567e-07 3.56770759587e-07 0.999999928421 0.000378363133241 6.41745836425 -3.02611740284e-06 -0.00037836313216 0.999999928416 -0.000286132159358
0.999999999995 -4.39671111056e-07 3.02962799625e-06 -1.56604020026e-07 4.38631421204e-07 0.999999941119 0.000343165552407 6.96855790654 -3.02977869784e-06 -0.000343165551077 0.999999941114 -0.000282267399051
0.999999999995 -5.22161857401e-07 3.01893276958e-06 -1.99097411123e-07 5.21226787675e-07 0.999999952034 0.000309726898182 7.53963467422 -3.01909435234e-06 -0.000309726896607 0.99999995203 -0.000275421226214
0.999999999995 -6.0330555722e-07 2.99745525781e-06 -2.46828434156e-07 6.0247020282e-07 0.999999961169 0.000278680048011 8.13069382328 -2.99762327063e-06 -0.000278680046204 0.999999961164 -0.000266402434205
0.999999999995 -6.81451995931e-07 2.96828158062e-06 -2.9879162496e-07 6.80708831131e-07 0.999999968659 0.000250361505674 8.7417393537 -2.96845209694e-06 -0.000250361503652 0.999999968655 -0.000255941084273
0.999999999995 -7.5514970849e-07 2.93401149498e-06 -3.53718634167e-07 7.54489859183e-07 0.999999974712 0.000224890125738 9.37277436807 -2.93418124649e-06 -0.000224890123524 0.999999974708 -0.000244669005146
0.999999999995 -8.23257241464e-07 2.89676273128e-06 -4.10277034244e-07 8.22671402188e-07 0.99999997955 0.000202233492705 10.0238012715 -2.89692916223e-06 -0.000202233490321 0.999999979547 -0.00023311416821
0.999999999996 -8.8505167154e-07 2.85819615756e-06 -4.67362912075e-07 8.84530723596e-07 0.99999998339 0.000182259445796 10.6948219247 -2.85835741911e-06 -0.000182259443267 0.999999983387 -0.000221700206899
0.999999999996 -9.40038666152e-07 2.81956544869e-06 -5.23770259118e-07 9.39574056078e-07 0.999999986424 0.00016477621287 11.3858377658 -2.81972030643e-06 -0.00016477621022 0.99999998642 -0.000210755218332
0.999999999996 -9.8812691407e-07 2.7817589653e-06 -5.78662911626e-07 9.87710859278e-07 0.999999988815 0.000149561392312 12.0968499048 -2.78190671983e-06 -0.000149561389563 0.999999988812 -0.000200523141309
0.999999999996 -1.02943602249e-06 2.74536583605e-06 -6.31278522693e-07 1.02906159679e-06 0.9999999907 0.00013638114261 12.8278591968 -2.74550620618e-06 -0.000136381139784 0.999999990696 -0.000191173040938
0.999999999996 -1.06431892097e-06 2.7107286493e-06 -6.81087923649e-07 1.0639800594e-06 0.999999992186 0.000125004492208 13.5788662992 -2.71086167277e-06 -0.000125004489323 0.999999992183 -0.000182814079369
0.999999999996 -1.09331339314e-06 2.67799920588e-06 -7.27819769302e-07 1.0930048504e-06 0.999999993363 0.00011521119482 14.3498717177 -2.67812515005e-06 -0.000115211191892 0.99999999336 -0.000175505358394
0.999999999996 -1.11695843465e-06 2.64719904812e-06 -7.71114081122e-07 1.11667571507e-06 0.999999994297 0.00010679710999 15.140875841 -2.64731832095e-06 -0.000106797107033 0.999999994294 -0.000169268086669
0.999999999996 -1.13601129805e-06 2.61824074098e-06 -8.11163786058e-07 1.13575057795e-06 0.999999995042 9.95761996741e-05 15.9518789668 -2.61835384768e-06 -9.95761967001e-05 0.999999995039 -0.000164093250792
0.999999999996 -1.1512091824e-06 2.59098363825e-06 -8.48267313503e-07 1.15096722731e-06 0.999999995639 9.33815540893e-05 16.7828813236 -2.59109112866e-06 -9.33815511068e-05 0.999999995637 -0.000159950184209
0.999999999996 -1.16315564378e-06 2.56526786421e-06 -8.82563684571e-07 1.16292972902e-06 0.999999996122 8.80649741871e-05 17.6338830877 -2.56537028753e-06 -8.80649712035e-05 0.999999996119 -0.000156792555455
0.999999999996 -1.17249455284e-06 2.54091449137e-06 -9.1450432381e-07 1.17228239154e-06 0.999999996513 8.34964022925e-05 18.5048843943 -2.54101238158e-06 -8.34963993135e-05 0.999999996511 -0.000154564893445
0.999999999996 -1.17970198663e-06 2.51776293439e-06 -9.44333738425e-07 1.17950166295e-06 0.999999996834 7.95626734466e-05 19.3958853468 -2.51785678667e-06 -7.95626704766e-05 0.999999996832 -0.000153207105099
0.999999999996 -1.18523977868e-06 2.49565989882e-06 -9.72474164338e-07 1.18504969148e-06 0.999999997099 7.61657308133e-05 20.3068860259 -2.49575016623e-06 -7.61657278556e-05 0.999999997096 -0.000152656788862
0.999999999996 -1.18939533008e-06 2.47448458774e-06 -9.99071328063e-07 1.18921414181e-06 0.999999997319 7.32213437408e-05 21.2378864933 -2.47457167023e-06 -7.32213407978e-05 0.999999997316 -0.000152852703329
0.999999999996 -1.19250103165e-06 2.45412166026e-06 -1.02456382717e-06 1.19232762749e-06 0.999999997503 7.06571248524e-05 22.1888867971 -2.45420591283e-06 -7.0657121926e-05 0.999999997501 -0.000153734706516
0.999999999996 -1.19476162275e-06 2.43448651513e-06 -1.04920512778e-06 1.19459507239e-06 0.999999997659 6.84117879314e-05 23.1598869745 -2.43456824521e-06 -6.8411785023e-05 0.999999997657 -0.000155247826815
0.999999999996 -1.19629402034e-06 2.41551665099e-06 -1.07310496131e-06 1.1961335463e-06 0.999999997793 6.64335745361e-05 24.1508870545 -2.41559611974e-06 -6.64335716466e-05 0.99999999779 -0.000157342450143
0.999999999996 -1.19713522074e-06 2.39716900776e-06 -1.0961876447e-06 1.19698017264e-06 0.999999997908 6.46786257436e-05 25.1618870597 -2.3972464318e-06 -6.4678622874e-05 0.999999997905 -0.000159973151789
0.999999999996 -1.19744156148e-06 2.37938931278e-06 -1.1187731345e-06 1.1972913953e-06 0.999999998008 6.31102274739e-05 26.1928870075 -2.37946487885e-06 -6.31102246249e-05 0.999999998006 -0.000163100361286
0.999999999996 -1.19722667633e-06 2.36215347145e-06 -1.1408181404e-06 1.19708093451e-06 0.999999998096 6.16977452679e-05 27.2438869117 -2.36222733314e-06 -6.169774244e-05 0.999999998094 -0.000166690140413
0.999999999997 -1.19655607448e-06 2.34543140688e-06 -1.16244777281e-06 1.19641437155e-06 0.999999998174 6.04156444075e-05 28.3148867835 -2.3455036933e-06 -6.04156416012e-05 0.999999998172 -0.000170713642763
0.999999999997 -1.195465333e-06 2.32920178847e-06 -1.18372218546e-06 1.1953273426e-06 0.999999998244 5.92427434127e-05 29.4058866313 -2.32927260703e-06 -5.92427406283e-05 0.999999998242 -0.000175146928668
0.999999999997 -1.19388458391e-06 2.31346263941e-06 -1.20435094692e-06 1.19375002669e-06 0.999999998308 5.81618254077e-05 30.5168864614 -2.313532074e-06 -5.81618226458e-05 0.999999998306 -0.000179972025761
0.999999999997 -1.19192135119e-06 2.29817973462e-06 -1.22457632335e-06 1.19178998894e-06 0.999999998366 5.7158413523e-05 31.6478862793 -2.2982478592e-06 -5.71584107839e-05 0.999999998364 -0.000185173693436
0.999999999997 -1.18961661666e-06 2.28333536377e-06 -1.2444763991e-06 1.1894882438e-06 0.999999998419 5.62208163906e-05 32.798886089 -2.28340224137e-06 -5.62208136745e-05 0.999999998417 -0.00019074143813
0.999999999997 -1.1869648045e-06 2.26892063202e-06 -1.26398326382e-06 1.18683924151e-06 0.999999998468 5.53396069604e-05 33.9698858938 -2.26898631471e-06 -5.53396042673e-05 0.999999998466 -0.000196668862496
0.999999999997 -1.18395875216e-06 2.25492601144e-06 -1.28299983863e-06 1.18383584113e-06 0.999999998514 5.45070072926e-05 35.1608856963 -2.25499054213e-06 -5.45070046229e-05 0.999999998512 -0.000202952131735
0.999999999997 -1.1806617671e-06 2.24132794177e-06 -1.30165910953e-06 1.18054136871e-06 0.999999998557 5.37166764358e-05 36.3718854981 -2.24139135976e-06 -5.37166737896e-05 0.999999998555 -0.00020958996703
0.999999999997 -1.17699996248e-06 2.22813241544e-06 -1.31962350071e-06 1.17688195053e-06 0.999999998597 5.29637734416e-05 37.6028853009 -2.22819475068e-06 -5.29637708192e-05 0.999999998595 -0.000216585034572
0.999999999997 -1.17313070515e-06 2.21529440737e-06 -1.33733355859e-06 1.17301496756e-06 0.999999998635 5.22440662967e-05 38.8538851061 -2.21535569347e-06 -5.2244063698e-05 0.999999998633 -0.000223940335501
0.999999999997 -1.16899450199e-06 2.20282104266e-06 -1.35453796719e-06 1.16888093539e-06 0.99999999867 5.15543688654e-05 40.1248849141 -2.2028813065e-06 -5.15543662904e-05 0.999999998669 -0.000231661877807
0.999999999997 -1.16467071188e-06 2.19068521508e-06 -1.37145094637e-06 1.16455922225e-06 0.999999998704 5.08918971155e-05 41.4158847255 -2.19074448454e-06 -5.08918945641e-05 0.999999998703 -0.000239755981728
0.999999999997 -1.16014816599e-06 2.17888327646e-06 -1.38799755916e-06 1.16003866522e-06 0.999999998737 5.02547864517e-05 42.726884541 -2.1789415767e-06 -5.02547839239e-05 0.999999998735 -0.000248232399323
0.999999999997 -1.15542348527e-06 2.16740835918e-06 -1.40411136637e-06 1.155315891e-06 0.999999998767 4.96412445222e-05 44.0578843608 -2.16746571317e-06 -4.9641242018e-05 0.999999998766 -0.000257100336278
0.999999999997 -1.15051250483e-06 2.15624880607e-06 -1.41978402098e-06 1.15040673935e-06 0.999999998796 4.90500456315e-05 45.408884185 -2.15630523617e-06 -4.90500431508e-05 0.999999998795 -0.000266371245055
0.999999999997 -1.14541206546e-06 2.14539801761e-06 -1.43493132778e-06 1.1453080551e-06 0.999999998824 4.84800568234e-05 46.7798840139 -2.14545354473e-06 -4.84800543661e-05 0.999999998823 -0.000276056578874
0.999999999997 -1.14020927576e-06 2.134826929e-06 -1.44982008221e-06 1.14010695138e-06 0.999999998851 4.79303804012e-05 48.1708838475 -2.13488157721e-06 -4.79303779671e-05 0.999999998849 -0.000286168641598
0.999999999997 -1.1348684089e-06 2.12454071923e-06 -1.46429146929e-06 1.13476770397e-06 0.999999998876 4.7400201948e-05 49.5818836859 -2.12459450983e-06 -4.7400199537e-05 0.999999998874 -0.000296719863612
0.999999999997 -1.12943759666e-06 2.11452038442e-06 -1.47849181048e-06 1.12933844747e-06 0.9999999989 4.6889092759e-05 51.0128835289 -2.1145733404e-06 -4.68890903709e-05 0.999999998898 -0.0003077246457
0.999999999997 -1.12391501009e-06 2.10476223142e-06 -1.49239874479e-06 1.12381735527e-06 0.999999998923 4.63965083299e-05 52.4638833767 -2.10481437489e-06 -4.63965059644e-05 0.999999998921 -0.000319196738112
0.999999999997 -1.1182906191e-06 2.09526392179e-06 -1.50594596109e-06 1.11819439952e-06 0.999999998945 4.59218509146e-05 53.9348832286 -2.09531527355e-06 -4.59218485716e-05 0.999999998943 -0.000331149425997
0.999999999997 -1.11253371872e-06 2.08602786054e-06 -1.51895625974e-06 1.11243887618e-06 0.999999998966 4.54650612061e-05 55.4258830851 -2.0860784398e-06 -4.54650588854e-05 0.999999998964 -0.000343599143139
0.999999999997 -1.10675193328e-06 2.07701671555e-06 -1.53180934412e-06 1.10665841326e-06 0.999999998986 4.5025588976e-05 56.9368829455 -2.0770665456e-06 -4.50255866773e-05 0.999999998984 -0.000356559603099
0.999999999997 -1.10093928623e-06 2.06823068331e-06 -1.5444981632e-06 1.10084703556e-06 0.999999999005 4.46031375841e-05 58.4678828102 -2.0682797866e-06 -4.46031353071e-05 0.999999999003 -0.000370045950268
0.999999999997 -1.09504889508e-06 2.05967990263e-06 -1.5568261226e-06 1.09495786117e-06 0.999999999023 4.41975680648e-05 60.0188826786 -2.05972829912e-06 -4.41975658094e-05 0.999999999021 -0.000384074398051
0.999999999997 -1.08908562028e-06 2.0513565855e-06 -1.56876740594e-06 1.08899575237e-06 0.99999999904 4.38085031794e-05 61.5898825509 -2.05140429474e-06 -4.38085009454e-05 0.999999999038 -0.00039865987599
0.999999999997 -1.08305875611e-06 2.04325215118e-06 -1.58030995771e-06 1.08297000489e-06 0.999999999056 4.34357533471e-05 63.1808824271 -2.04329919272e-06 -4.34357511342e-05 0.999999999055 -0.000413818520516
0.999999999997 -1.0770342075e-06 2.03534122097e-06 -1.59170454847e-06 1.07694652572e-06 0.999999999072 4.3079155999e-05 64.7918823069 -2.03538761681e-06 -4.3079153807e-05 0.99999999907 -0.000429566832275
0.999999999997 -1.07096228274e-06 2.02763737128e-06 -1.60273924417e-06 1.07087562362e-06 0.999999999086 4.27384801709e-05 66.4228821899 -2.02768314072e-06 -4.27384779995e-05 0.999999999085 -0.000445921068283
0.999999999997 -1.06487674944e-06 2.02012427985e-06 -1.61353094451e-06 1.06479106817e-06 0.9999999991 4.24133885869e-05 68.0738820762 -2.02016944306e-06 -4.24133864358e-05 0.999999999099 -0.000462896915817
0.999999999997 -1.05879549167e-06 2.01279293762e-06 -1.62415562279e-06 1.05871074474e-06 0.999999999113 4.21036795457e-05 69.744881966 -2.01283751502e-06 -4.21036774146e-05 0.999999999112 -0.000480510985011
0.999999999997 -1.05268702903e-06 2.00565088851e-06 -1.63447221765e-06 1.05260317357e-06 0.999999999125 4.18091453789e-05 71.4358818588 -2.0056948987e-06 -4.18091432677e-05 0.999999999124 -0.000498779990574
0.999999999997 -1.04659187041e-06 1.99867969149e-06 -1.64464467523e-06 1.04650886524e-06 0.999999999137 4.15295545045e-05 73.1468817545 -1.99872315426e-06 -4.15295524127e-05 0.999999999136 -0.000517720630081
0.999999999997 -1.04046964781e-06 1.99189053924e-06 -1.65448725291e-06 1.04038745197e-06 0.999999999148 4.1264794607e-05 74.877881653 -1.99193347231e-06 -4.12647925346e-05 0.999999999147 -0.000537350583071
0.999999999997 -1.03437036892e-06 1.98526087974e-06 -1.66420532093e-06 1.03428894355e-06 0.999999999158 4.10145080262e-05 76.6288815544 -1.98530330226e-06 -4.10145059727e-05 0.999999999157 -0.000557686064349
0.999999999998 -1.02825216767e-06 1.97880319438e-06 -1.67360531956e-06 1.02817147392e-06 0.999999999168 4.0778641183e-05 78.3998814584 -1.97884512346e-06 -4.07786391483e-05 0.999999999167 -0.000578745443183
0.999999999998 -1.02210541811e-06 1.97251534793e-06 -1.68259781498e-06 1.02202541817e-06 0.999999999177 4.0556898542e-05 80.1908813652 -1.97255679974e-06 -4.0556896526e-05 0.999999999176 -0.000600545699929
0.999999999998 -1.01603299953e-06 1.96635491489e-06 -1.69164499484e-06 1.01595365821e-06 0.999999999185 4.03490209321e-05 82.0018812741 -1.96639590923e-06 -4.03490189343e-05 0.999999999184 -0.00062310410571
0.999999999998 -1.00992137001e-06 1.96036438613e-06 -1.70023406e-06 1.00984265114e-06 0.999999999193 4.0154809721e-05 83.8328811857 -1.96040493775e-06 -4.01548077413e-05 0.999999999192 -0.000646438474964
0.999999999998 -1.00386417633e-06 1.95450166356e-06 -1.70877306595e-06 1.00378604618e-06 0.999999999201 3.99740530719e-05 85.6838810995 -1.95454179051e-06 -3.99740511099e-05 0.999999999199 -0.000670566669144
0.999999999998 -9.97841477645e-07 1.94877423683e-06 -1.71719723338e-06 9.97763902836e-07 0.999999999207 3.98065711875e-05 87.5548810158 -1.94881395593e-06 -3.9806569243e-05 0.999999999206 -0.000695506950981
0.999999999998 -9.91798999179e-07 1.94320016844e-06 -1.72523574475e-06 9.91721946366e-07 0.999999999213 3.96521348593e-05 89.4458809344 -1.94323949386e-06 -3.96521329321e-05 0.999999999212 -0.000721277394123
0.999999999998 -9.85841987041e-07 1.93773288216e-06 -1.73338770004e-06 9.85765425424e-07 0.999999999219 3.95105278176e-05 91.3568808551 -1.93777183179e-06 -3.95105259074e-05 0.999999999218 -0.000747896279739
0.999999999998 -9.79870508455e-07 1.93241314908e-06 -1.74119402929e-06 9.7979440614e-07 0.999999999224 3.9381618491e-05 93.2878807777 -1.93245173647e-06 -3.93816165975e-05 0.999999999223 -0.000775382676272
0.999999999998 -9.7392297988e-07 1.92721914467e-06 -1.74880611809e-06 9.73847306704e-07 0.999999999229 3.92650870597e-05 95.2388807025 -1.92725738436e-06 -3.92650851828e-05 0.999999999227 -0.000803754437236
0.999999999998 -9.68013634522e-07 1.92214231123e-06 -1.75629003026e-06 9.67938361314e-07 0.999999999233 3.91607154644e-05 97.2098806291 -1.92218021786e-06 -3.91607136038e-05 0.999999999231 -0.000833030183708
0.999999999998 -9.62117135625e-07 1.91719071308e-06 -1.76351330279e-06 9.62042233248e-07 0.999999999236 3.90684365571e-05 99.2008805578 -1.91722830003e-06 -3.90684347126e-05 0.999999999235 -0.000863229865877
0.999999999998 -9.56276377527e-07 1.91234252006e-06 -1.77068533293e-06 9.56201818384e-07 0.99999999924 3.89880043525e-05 101.211880488 -1.91237980191e-06 -3.89880025239e-05 0.999999999238 -0.000894372316743
0.999999999998 -9.50444991989e-07 1.90761623688e-06 -1.77757481431e-06 9.50370748342e-07 0.999999999242 3.8919216451e-05 103.24288042 -1.90765322601e-06 -3.89192146379e-05 0.999999999241 -0.000926476810406
0.999999999998 -9.44676479222e-07 1.90298463973e-06 -1.78444793473e-06 9.44602525105e-07 0.999999999244 3.88617980792e-05 105.293880354 -1.90302135012e-06 -3.88617962816e-05 0.999999999243 -0.00095956215733
0.999999999998 -9.38929972105e-07 1.89846501949e-06 -1.79110887408e-06 9.38856281115e-07 0.999999999246 3.88157188935e-05 107.36488029 -1.8985014633e-06 -3.8815717111e-05 0.999999999245 -0.000993649194405
0.999999999998 -9.33219919567e-07 1.89404723811e-06 -1.79762029612e-06 9.33146466367e-07 0.999999999248 3.8780711865e-05 109.455880227 -1.89408342762e-06 -3.87807100974e-05 0.999999999246 -0.00102875717091
0.999999999998 -9.27535875892e-07 1.88973343122e-06 -1.8039184385e-06 9.27462635555e-07 0.999999999249 3.87565996264e-05 111.566880166 -1.88976937793e-06 -3.87565978736e-05 0.999999999247 -0.00106490611774
0.999999999998 -9.21889082253e-07 1.88551525661e-06 -1.81004923504e-06 9.21816030521e-07 0.999999999249 3.87432781825e-05 113.697880107 -1.8855509722e-06 -3.87432764443e-05 0.999999999248 -0.00110211684287
0.999999999998 -9.16291250563e-07 1.88138524345e-06 -1.81607733362e-06 9.16218364249e-07 0.999999999249 3.87404059621e-05 115.848880048 -1.88142073953e-06 -3.87404042382e-05 0.999999999248 -0.00114040836501
0.994788677668 0.0930457746865 0.041688974515 0.557943800873 -0.0930471500721 0.995659868465 -0.00191159426367 118.019879733 -0.0416859046512 -0.00197740793825 0.999128808118 -0.00116732515717
0.991628418181 0.122216995215 0.0416663693779 0.888641007064 -0.122097329017 0.992503363584 -0.00541438104581 120.20282275 -0.0420157411382 0.000281701700995 0.999116909146 0.00193322658729
0.992490616352 0.118450033008 0.030528120379 1.07025606286 -0.118397231059 0.992960008784 -0.00353788529416 122.407641774 -0.0307322653096 -0.000103126966119 0.999527647058 0.00117244903933
0.995156412317 0.0973737097865 0.013493541701 1.15019407521 -0.0973768404473 0.995247491409 -0.000426367813431 124.639773706 -0.0134709305439 -0.000889655793749 0.999908867119 -0.00156673248865
0.997579359377 0.0694026862352 -0.00432306460504 1.1642639129 -0.0693983163667 0.99758836421 0.00115294371007 126.897452948 0.00439265633827 -0.000850139442556 0.999989990867 -0.00262858732733
0.997284166726 -0.0454917889912 -0.057920531176 0.591322334563 0.0455661658631 0.998961322167 -3.66351055027e-05 129.205138792 0.0578620370007 -0.00260268091978 0.998321196172 -0.000427625329873
0.994122422275 -0.0901875726534 -0.0598899930664 0.242100603123 0.0899137486816 0.995923117215 -0.00725688606139 131.497765417 0.0603003095236 0.00182929936441 0.998178604427 0.00821028391696
0.993145222017 -0.103685801742 -0.0539613056018 0.0232341525314 0.103443395266 0.99460874674 -0.00727357434952 133.797828121 0.0544245529251 0.00164177494778 0.998516535974 0.0098405405896
0.994282997937 -0.0984104302707 -0.0414331658006 -0.101348530697 0.0983172290512 0.995145894767 -0.00428609382881 136.118883787 0.0416538411915 0.000187996169211 0.999132084447 0.00571888637211
0.9964153163 -0.0810466548482 -0.0242478283872 -0.152555954089 0.0810423059534 0.996709983221 -0.00116361239414 138.466143953 0.024262359517 -0.000805658715109 0.999705300989 0.000936720591563
0.998240717987 -0.058952394669 -0.00633120170729 -0.155521732736 0.0589558594747 0.998260524957 0.000361865246933 140.838488995 0.00629885591707 -0.000734490062074 0.999979892267 -0.00103700438838
0.999247244327 -0.0377584073457 0.00890209969674 -0.133257667084 0.0377566879083 0.999286896772 0.00036119076559 143.23234648 -0.00890938956876 -2.48050772136e-05 0.999960310293 -0.000221892456684
0.999598601547 -0.0200515237073 0.0200142994242 -0.100766955922 0.0200603296835 0.999798742703 -0.000239294231931 145.645208521 -0.0200054731864 0.00064069162443 0.999799665211 0.00155688178369
0.999619946496 -0.00653908667157 0.026780644366 -0.0666717473159 0.00656126311303 0.999978200663 -0.000740286824413 148.076304091 -0.026775219766 0.000915720329833 0.999641060112 0.00275445437399
0.999560002367 0.00283668221322 0.0295254957847 -0.0360851748544 -0.00281175471638 0.999995654728 -0.000885754342374 150.525937291 -0.029527880092 0.000802346160534 0.999563635062 0.00279128653381
0.999545287266 0.00852429520019 0.028923262192 -0.0117898279313 -0.0085071221438 0.999963556908 -0.00071674838563 152.994808813 -0.0289283179137 0.000470368746747 0.999581377966 0.00185205574472
0.999601836175 0.0112370361862 0.025882390397 0.00534417258693 -0.0112305803247 0.999936857112 -0.000394783216843 155.483572464 -0.0258851923014 0.000103951764098 0.999664916866 0.000449423457796
0.99970194353 0.0118020189813 0.0213713932682 0.0158489429195 -0.0118031772858 0.999930337489 -7.19443282581e-05 157.992631137 -0.0213707535716 -0.000180327458804 0.999771603104 -0.000938278082226
0.999807492057 0.0109988433311 0.0162482082752 0.0210075364824 -0.0110030317399 0.999939450634 0.0001684007708 160.522127313 -0.0162453722428 -0.000347147903682 0.999867974969 -0.00203863947484
0.999892939954 0.0094574322679 0.0111653752761 0.0222988031206 -0.0094614781971 0.999955191286 0.000309596246992 163.07203348 -0.0111619469845 -0.000415204056342 0.999937617327 -0.00278546019171
0.999949399035 0.00763060098835 0.00655540215922 0.0210694344367 -0.00763320461738 0.999970797384 0.000372244899429 165.642252396 -0.00655237027203 -0.000422264789509 0.999978443836 -0.0032369440061
0.99997955994 0.0058134999031 0.00266137580047 0.0184040619395 -0.00581454853086 0.999983020697 0.000386449449866 168.232683319 -0.00265908398832 -0.000401916249567 0.999996383861 -0.00349116046766
0.999991181509 0.00417870676578 -0.000418704180277 0.0151073663847 -0.00417854912281 0.999991198884 0.000376672091333 170.843250574 0.000420274497429 -0.000374919193669 0.999999841402 -0.00363410369991
0.999992435205 0.0028102665857 -0.00268922564461 0.0117326985752 -0.0028093148563 0.999995989922 0.000357616662459 173.473907463 0.00269021985877 -0.000350059075607 0.999996320081 -0.00372132592987
0.999989593509 0.00173184808334 -0.00422061314324 0.00862563671732 -0.00173044548243 0.999998446347 0.000335950732415 176.124629169 0.00422118840151 -0.0003286436954 0.999991036741 -0.00378041148066
0.999986460485 0.000928949278813 -0.00512014650834 0.00597058404377 -0.000927355333646 0.99999952081 0.000313673829985 178.795403552 0.0051204354419 -0.00030892138782 0.999986842768 -0.00382131368946
0.999984753704 0.000365876527477 -0.00550985426997 0.00383536998908 -0.000364279051896 0.99999989133 0.000290931420062 181.486223986 0.00550996011619 -0.000288919859946 0.999984778317 -0.00384636510971
0.999984814193 -1.93693701739e-06 -0.00551102341577 0.0022106015767 3.41186300533e-06 0.999999964183 0.000267622569194 184.197085252 0.00551102270001 -0.000267637307986 0.999984778384 -0.00385665221057
0.999986276011 -0.000219703598841 -0.00523445514654 0.00104164335831 0.000220983730477 0.99999994582 0.000243981603808 186.927981887 0.0052344012593 -0.000245134984832 0.999986270382 -0.0038546704641
0.999988544357 -0.000328411444391 -0.0047752802183 0.000252504398979 0.000329468488539 0.999999921399 0.000220572540208 189.678907993 0.00477520740441 -0.000222143317764 0.999988573958 -0.00384453518916
0.999991067705 -0.000362469547146 -0.00421107178555 -0.000237838774143 0.000363306874473 0.999999914387 0.000198076223151 192.449857647 0.00421099962843 -0.000199604365205 0.999991113781 -0.00383112570689
0.999993451393 -0.000349060075743 -0.00360212836107 -0.000505389592245 0.000349700243783 0.999999923174 0.000177091081537 195.240825376 0.0036020662689 -0.000178349587003 0.999993496634 -0.00381911415128
0.999995473258 -0.000308525402454 -0.00299303783204 -0.000615811339295 0.0003089997604 0.999999939773 0.000158025989452 198.051806472 0.00299298889674 -0.000158950122082 0.999995508366 -0.00381231313995
0.999997051584 -0.000255292617123 -0.00241488074957 -0.00062239517181 0.000255634053354 0.999999957374 0.000141080837108 200.882797118 0.00241484462973 -0.000141697746898 0.999997074219 -0.00381341559706
0.999998198604 -0.000198999147353 -0.00188764076854 -0.000566124811654 0.000199237874149 0.999999972179 0.000126281139096 203.733794353 0.00188761558619 -0.000126657001148 0.999998210431 -0.00382403766172
0.999998977573 -0.000145611779295 -0.00142255041621 -0.000476935175199 0.000145773430503 0.99999998293 0.000113531759172 206.604795964 0.00142253386037 -0.000113739013149 0.99999898173 -0.00384491799653
0.999999470647 -9.84248745158e-05 -0.00102421618056 -0.000375525469452 9.85300798741e-05 0.999999989876 0.000102667971357 209.495800336 0.0010242060651 -0.000102768833111 0.99999947022 -0.00387616353702
0.999999758525 -5.88869884804e-05 -0.000692447191553 -0.000275301503962 5.89517417633e-05 0.999999993892 9.34936381291e-05 212.40680632 0.000692441681765 -9.35344365207e-05 0.999999755888 -0.00391746810347
0.99999990984 -2.72467389573e-05 -0.000423765985551 -0.000184196013175 2.72831031301e-05 0.999999995946 8.58063759776e-05 215.337813113 0.000423763645889 -8.58179298923e-05 0.99999990653 -0.00396828800313
0.999999977393 -3.03179636064e-06 -0.000212612799229 -0.000106234181872 3.04868023127e-06 0.999999996842 7.94110765627e-05 218.288820162 0.0002126125578 -7.94117229559e-05 0.999999974245 -0.004027957666
0.999999998527 1.46131393611e-05 -5.22738654348e-05 -4.27980964956e-05 -1.46092644372e-05 0.999999997146 7.41269788783e-05 221.2598271 5.22749485135e-05 -7.41262150864e-05 0.999999995886 -0.00409577032111
0.999999997568 2.6700176029e-05 6.44274526328e-05 6.40483879753e-06 -2.67046724202e-05 0.999999997208 6.97901368559e-05 224.25083369 -6.4425589044e-05 -6.97918572002e-05 0.999999995489 -0.00417102298829
0.999999988953 3.42561122865e-05 0.000144636054762 4.26363331755e-05 -3.42656953419e-05 0.999999997218 6.62543802731e-05 227.261839791 -0.000144633784742 -6.62593355962e-05 0.999999987345 -0.00425304758838
0.999999980231 3.82398979736e-05 0.000195128122669 6.76346446924e-05 -3.82522679627e-05 0.999999997259 6.33908505927e-05 230.29284533 -0.000195125698075 -6.33983134328e-05 0.999999978953 -0.00434122472438
0.999999974556 3.9501207926e-05 0.000222097917681 8.32924255706e-05 -3.95147762323e-05 0.999999997353 6.10874951168e-05 233.343850278 -0.000222095504063 -6.1096269712e-05 0.99999997347 -0.0044349942473
0.999999972559 3.87648862205e-05 0.000231038417528 9.14563557446e-05 -3.8778575756e-05 0.999999997493 5.92480189656e-05 236.414854643 -0.000231036120206 -5.92569766806e-05 0.999999971555 -0.00453385817771
0.999999973634 3.66314124522e-05 0.000226691850132 9.38160871334e-05 -3.66445140322e-05 0.999999997659 5.779078313e-05 239.50585845 -0.000226689732643 -5.7799088619e-05 0.999999972636 -0.00463738206226
0.999999976741 3.35856953274e-05 0.000213049985658 9.18495481302e-05 -3.35977647753e-05 0.999999997831 5.66474537971e-05 242.616861738 -0.000213048082652 -5.66546104829e-05 0.9999999757 -0.00474519331543
0.99999998085 3.0010243489e-05 0.000193389065797 8.68079366702e-05 -3.0021027671e-05 0.999999997995 5.57615150517e-05 245.747864554 -0.000193387391993 -5.57673197223e-05 0.999999979746 -0.00485697774606
0.999999985151 2.61994058544e-05 0.000170326837424 7.97217352995e-05 -2.62087889255e-05 0.999999998139 5.50866257577e-05 248.898866949 -0.00017032539387 -5.50910889998e-05 0.999999983977 -0.00497247365794
0.999999989107 2.23732905699e-05 0.000145892572029 7.14186724973e-05 -2.23812543612e-05 0.99999999826 5.45852774239e-05 252.06986897 -0.000145891350522 -5.45885420881e-05 0.999999987868 -0.00509146850144
0.999999992432 1.86905656714e-05 0.000121603119486 6.25469847286e-05 -1.8697159961e-05 0.999999998355 5.42270532407e-05 255.260870665 -0.000121602105752 -5.42293264632e-05 0.999999991136 -0.00521378962498
0.999999995029 1.52599333896e-05 9.85399900621e-05 5.36009144773e-05 -1.52652533732e-05 0.999999998426 5.39875406914e-05 258.471872079 -9.85391660607e-05 -5.39890446609e-05 0.999999993688 -0.00533930084711
0.999999996929 1.21498934813e-05 7.74236119447e-05 4.49435900809e-05 -1.21540625429e-05 0.999999998476 5.38471752242e-05 261.70287325 -7.74229575893e-05 -5.38481160702e-05 0.999999995553 -0.00546789692274
0.999999998234 9.39738552105e-06 5.86827228752e-05 3.68300524907e-05 -9.40054207402e-06 0.999999998509 5.37901144227e-05 264.953874216 -5.86822173013e-05 -5.37906659771e-05 0.999999996831 -0.00559949665573
0.999999999072 7.01505802784e-06 4.25170529258e-05 2.94273329517e-05 -7.01734559506e-06 0.999999998528 5.38036122751e-05 268.224875008 -4.25166754278e-05 -5.3803910582e-05 0.999999997649 -0.00573404041428
0.999999999568 4.99720658133e-06 2.89524149807e-05 2.28304201987e-05 -4.99876645283e-06 0.999999998536 5.38772554429e-05 271.515875653 -2.89521457026e-05 -5.3877400146e-05 0.999999998129 -0.00587148491543
0.999999999834 3.3251513389e-06 1.78884046656e-05 1.70793730091e-05 -3.32611735503e-06 0.999999998536 5.4002604918e-05 274.826876176 -1.78882250726e-05 -5.4002664408e-05 0.999999998382 -0.00601180183611
0.999999999956 1.97128596116e-06 9.13810299144e-06 1.21710078414e-05 -1.97178099333e-06 0.999999998531 5.41726194243e-05 278.157876597 -9.13799618829e-06 -5.41726374402e-05 0.999999998491 -0.00615497305898
0.999999999997 9.02605240663e-07 2.46075695375e-06 8.07057904169e-06 -9.02739058941e-07 0.999999998521 5.43814820114e-05 281.508876934 -2.4607078651e-06 -5.43814842327e-05 0.999999998518 -0.00630099005178
0.999999999997 8.34737858994e-08 -2.41226141383e-06 4.72132755441e-06 -8.33420177765e-08 0.999999998508 5.46242616359e-05 284.879877202 2.41226596993e-06 -5.46242614347e-05 0.999999998505 -0.00644985087844
0.999999999983 -5.22248609704e-07 -5.75747940984e-06 2.0522174467e-06 5.22564676605e-07 0.999999998493 5.48968839303e-05 288.270877413 5.75745073134e-06 -5.4896886938e-05 0.999999998477 -0.00660156069487
0.999999999969 -9.49652794973e-07 -7.84456844584e-06 -1.61254247591e-08 9.5008578086e-07 0.999999998476 5.51958094334e-05 291.681877577 7.84451601703e-06 -5.51958168846e-05 0.999999998446 -0.00675612845146
0.999999999959 -1.2315313018e-06 -8.92588049313e-06 -1.56548054519e-06 1.23202684746e-06 0.999999998458 5.55180528205e-05 295.112877704 8.92581210714e-06 -5.55180638151e-05 0.999999998419 -0.00691356753119
0.999999999956 -1.39769953482e-06 -9.22979941641e-06 -2.67665787057e-06 1.39821511871e-06 0.999999998439 5.58610198801e-05 298.5638778 9.22972132508e-06 -5.58610327829e-05 0.999999998397 -0.00707389409744
0.999999999959 -1.47455412119e-06 -8.95696688545e-06 -3.42655878294e-06 1.4750577028e-06 0.999999998418 5.62225905359e-05 302.034877872 8.95688396803e-06 -5.62226037456e-05 0.999999998379 -0.00723712851603
0.999999999965 -1.48483390157e-06 -8.27877256453e-06 -3.88560198772e-06 1.48530248449e-06 0.999999998397 5.66008126771e-05 305.525877924 8.27868850846e-06 -5.66008249716e-05 0.999999998364 -0.0074032917964
0.999999999972 -1.44776935677e-06 -7.33773586536e-06 -4.11751106094e-06 1.4481875615e-06 0.999999998375 5.69940162896e-05 309.036877961 7.33765333924e-06 -5.69940269144e-05 0.999999998349 -0.0075724070587
0.99999999998 -1.37912544501e-06 -6.2489117209e-06 -4.17767442214e-06 1.37948413509e-06 0.999999998352 5.74007671132e-05 312.567877985 6.24883254774e-06 -5.74007757323e-05 0.999999998333 -0.00774449917969
0.999999999986 -1.29151851604e-06 -5.1022824548e-06 -4.11331364748e-06 1.29181352732e-06 0.999999998328 5.78198936811e-05 316.118878 5.10220777081e-06 -5.78199002715e-05 0.999999998315 -0.00791959541338
0.999999999991 -1.19479030548e-06 -3.96563072064e-06 -3.96409261923e-06 1.19502130258e-06 0.999999998303 5.82502846952e-05 319.689878007 3.96556111703e-06 -5.82502894337e-05 0.999999998296 -0.00809772293933
0.999999999995 -1.0963067468e-06 -2.88754838415e-06 -3.7620971653e-06 1.09647621801e-06 0.999999998277 5.86909967445e-05 323.280878008 2.88748403583e-06 -5.86909999103e-05 0.999999998274 -0.00827891026007
0.999999999998 -1.00129892578e-06 -1.90050819512e-06 -3.53216499021e-06 1.00141132238e-06 0.999999998251 5.91412045551e-05 326.891878005 1.90044897377e-06 -5.91412064581e-05 0.999999998249 -0.00846318669335
0.999999999999 -9.13368631861e-07 -1.02395899735e-06 -3.29393389362e-06 9.13429658424e-07 0.999999998223 5.96002234039e-05 330.522877998 1.02390455856e-06 -5.96002243391e-05 0.999999998223 -0.00865058281267
1 -8.34684132393e-07 -2.66940496659e-07 -3.06155889603e-06 8.34700165313e-07 0.999999998196 6.00674152328e-05 334.173877989 2.66890358859e-07 -6.00674154556e-05 0.999999998196 -0.00884112930445
1 -7.66287424583e-07 3.69449096772e-07 -2.8444649925e-06 7.66265055881e-07 0.999999998167 6.05422977838e-05 337.844877977 -3.69495488896e-07 -6.05422975007e-05 0.999999998167 -0.00903485851768
0.999999999999 -7.08506350025e-07 8.89789797499e-07 -2.64945620327e-06 7.08452049919e-07 0.999999998138 6.1024285918e-05 341.535877964 -8.89833031936e-07 -6.10242852876e-05 0.999999998138 -0.0092318010311
0.999999999999 -6.60964164662e-07 1.30273039606e-06 -2.47957821568e-06 6.60884028432e-07 0.999999998108 6.15130961658e-05 345.246877951 -1.30277105154e-06 -6.15130953048e-05 0.999999998107 -0.00943199111339
0.999999999998 -6.22911705512e-07 1.61936301173e-06 -2.33588935553e-06 6.22811290312e-07 0.999999998077 6.20083344934e-05 348.977877936 -1.61940163433e-06 -6.20083334848e-05 0.999999998076 -0.00963546145836
0.999999999998 -5.93395543031e-07 1.85202812695e-06 -2.21824962647e-06 5.93279772121e-07 0.999999998046 6.25097157046e-05 352.728877922 -1.85206521632e-06 -6.25097146057e-05 0.999999998045 -0.00984224601721
0.999999999998 -5.71307178158e-07 2.01346475783e-06 -2.12521462843e-06 5.71180294557e-07 0.999999998014 6.30169796839e-05 356.499877906 -2.01350075588e-06 -6.30169785337e-05 0.999999998012 -0.0100523789942
0.999999999998 -5.55493323222e-07 2.11610980634e-06 -2.05455553006e-06 5.55358886043e-07 0.999999997982 6.35298125635e-05 360.290877891 -2.11614509246e-06 -6.35298113882e-05 0.99999999798 -0.0102658936878
0.999999999997 -5.44808453427e-07 2.17163127334e-06 -2.00341319834e-06 5.44669363513e-07 0.999999997949 6.40480727459e-05 364.101877875 -2.17166616282e-06 -6.40480715629e-05 0.999999997947 -0.0104828256376
0.999999999997 -5.38188868278e-07 2.19059096019e-06 -1.9687703702e-06 5.38047417284e-07 0.999999997915 6.45715590707e-05 367.93287786 -2.19062570732e-06 -6.45715578919e-05 0.999999997913 -0.0107032096071
0.999999999997 -5.34718477953e-07 2.18223981547e-06 -1.94802852457e-06 5.34576412735e-07 0.999999997881 6.51001254225e-05 371.783877845 -2.18227462109e-06 -6.51001242558e-05 0.999999997879 -0.0109270811024
0.999999999998 -5.33546404079e-07 2.15454244176e-06 -1.9382568897e-06 5.33404992345e-07 0.999999997846 6.56336971383e-05 375.654877829 -2.15457745574e-06 -6.56336959889e-05 0.999999997844 -0.01115447674
0.999999999998 -5.33985811963e-07 2.11409737248e-06 -1.93709554916e-06 5.33845916651e-07 0.99999999781 6.61720440861e-05 379.545877814 -2.11413270278e-06 -6.61720429574e-05 0.999999997808 -0.0113854309831
0.999999999998 -5.35443200942e-07 2.06627277099e-06 -1.94220335387e-06 5.35305348138e-07 0.999999997774 6.67151091316e-05 383.456877799 -2.06630848855e-06 -6.67151080253e-05 0.999999997772 -0.0116199806651
0.999999999998 -5.37482700763e-07 2.01524438564e-06 -1.95194869181e-06 5.37347148552e-07 0.999999997738 6.72628083105e-05 387.387877784 -2.01528053368e-06 -6.72628072275e-05 0.999999997736 -0.0118581624128
0.999999999998 -5.39723155739e-07 1.96421426678e-06 -1.96456742809e-06 5.3958995116e-07 0.9999999977 6.78150752726e-05 391.338877769 -1.96425086363e-06 -6.78150742126e-05 0.999999997699 -0.012100013237
0.999999999998 -5.41901567267e-07 1.91547359799e-06 -1.97881129766e-06 5.4177060169e-07 0.999999997663 6.8371765141e-05 395.309877754 -1.91551064428e-06 -6.83717641031e-05 0.999999997661 -0.0123455690789
0.999999999998 -5.43835526223e-07 1.87057029648e-06 -1.99374126689e-06 5.43706581144e-07 0.999999997624 6.89328745019e-05 399.300877739 -1.87060778018e-06 -6.89328734848e-05 0.999999997622 -0.0125948679719
0.999999999998 -5.4539270335e-07 1.83046050757e-06 -2.00852349821e-06 5.45265488135e-07 0.999999997585 6.94983025499e-05 403.311877724 -1.83049840702e-06 -6.94983015517e-05 0.999999997583 -0.0128479467265
0.999999999998 -5.46502317859e-07 1.79560945106e-06 -2.02260945668e-06 5.46376501661e-07 0.999999997545 7.00680527766e-05 407.34287771 -1.79564773901e-06 -7.00680517954e-05 0.999999997544 -0.013104843795
0.999999999998 -5.47124208775e-07 1.76612345423e-06 -2.03551859721e-06 5.46999444843e-07 0.999999997505 7.06420427089e-05 411.393877695 -1.7661620998e-06 -7.06420417427e-05 0.999999997503 -0.0133655965752
0.999999999998 -5.47257236166e-07 1.74182893868e-06 -2.04697443096e-06 5.47133181248e-07 0.999999997464 7.12202716122e-05 415.46487768 -1.74186791008e-06 -7.1220270659e-05 0.999999997462 -0.0136302438059
