0.999999999999 -9.999995e-07 1.0000005e-06 9.98727789704e-07 1.0000005e-06 0.999999999999 -9.999995e-07 9.99819357029e-07 -9.999995e-07 1.0000005e-06 0.999999999999 1.00028908918e-06
1 2.96098338214e-08 -8.98699208146e-09 -2.09389760847e-10 -2.96098336765e-08 1 1.61177566718e-08 8.99900728935e-08 8.9869925587e-09 -1.61177564057e-08 1 4.68618393771e-13
0.999919827925 0.0126624532565 2.94497343459e-07 0.00130931603991 -0.0126624532565 0.999919827925 -1.61910020527e-07 0.255151486738 -2.96523911063e-07 1.58167981019e-07 1 5.16311912185e-08
0.99973315667 0.0231000635972 5.01618416996e-05 0.00507080239884 -0.0231000705539 0.999733147563 0.000142842868211 0.47328140667 -4.68487765499e-05 -0.000143963493627 0.99999998854 1.04746644289e-05
0.999447292334 0.0332431345506 6.20610908938e-05 0.0106205409286 -0.0332431476542 0.999447268807 0.000223627408075 0.682233039808 -5.45927117771e-05 -0.0002255669135 0.99999997307 -5.81586129836e-07
0.999056046535 0.043439758857 5.68558892143e-05 0.0181370786003 -0.0434397733095 0.999056007144 0.000284051409034 0.887406657977 -4.44630929496e-05 -0.000286253084661 0.999999958041 -1.28079977347e-05
0.998557146762 0.0536993737681 4.36835808954e-05 0.0276922593619 -0.0536993855205 0.99855708955 0.000338975774104 1.09060998915 -2.54177626081e-05 -0.000340832463262 0.999999941594 -2.47781846658e-05
0.997949531882 0.0640057108747 2.81532891151e-05 0.0393155090833 -0.0640057169802 0.997949456822 0.000387067957664 1.29261600821 -3.32099979311e-06 -0.000388076258612 0.999999924693 -3.6936779158e-05
0.997232586922 0.074344921772 1.37163853976e-05 0.053019318163 -0.0743449208865 0.99723249672 0.000424527937311 1.49380641422 1.78830710334e-05 -0.000424372836732 0.999999909794 -4.91355716874e-05
0.996405960053 0.0847063325045 2.11920784654e-06 0.0688086806646 -0.0847063249136 0.996405859528 0.000449019876692 1.69438740106 3.59232358604e-05 -0.000447585591627 0.999999899188 -6.0796803288e-05
0.995469497648 0.0950814346501 -6.06964198087e-06 0.0866849171365 -0.0950814218091 0.995469392577 0.000460075079177 1.89447642019 4.97867413907e-05 -0.000457413597759 0.999999894147 -7.12676487914e-05
0.9944231974 0.105463284376 -1.09837947737e-05 0.106647384576 -0.105463268283 0.994423093424 0.000458593394541 2.09414182142 5.92873047578e-05 -0.000454877522812 0.999999894786 -8.0014700212e-05
0.993267166321 0.11584617446 -1.31125689862e-05 0.128694316592 -0.115846157121 0.993267068172 0.000446279976145 2.29342280118 6.47241109274e-05 -0.000441756206564 0.999999900331 -8.66978535266e-05
0.992001584844 0.126225415414 -1.30792119282e-05 0.152823271359 -0.126225398497 0.992001495951 0.000425212046024 2.49234023853 6.6647164947e-05 -0.000420160094813 0.999999909512 -9.11720328348e-05
0.990626679567 0.136597150765 -1.15112343742e-05 0.17903136909 -0.136597135447 0.990626601976 0.000397548506257 2.69090296978 6.57073282384e-05 -0.000392249755079 0.999999920911 -9.34589117121e-05
0.989142703201 0.146958200257 -8.97257987167e-06 0.207315427036 -0.146958187212 0.989142637708 0.000365348284825 2.88911161921 6.25660877262e-05 -0.00036006299599 0.99999993322 -9.37062768024e-05
0.98754992098 0.157305923401 -5.93345754478e-06 0.23767203361 -0.157305912878 0.987549867382 0.000330466077958 3.08696105332 5.78438567574e-05 -0.000325418381219 0.999999945378 -9.21506329334e-05
0.985848602748 0.167638099646 -2.76237587318e-06 0.270097579426 -0.167638091575 0.985848560138 0.000294495617188 3.28444201012 5.20919698965e-05 -0.0002898650133 0.999999956632 -8.90777238806e-05
0.98403901788 0.177952834453 2.69857556811e-07 0.304588277895 -0.177952828565 0.984038984926 0.000258750250242 3.48154222121 4.57797900897e-05 -0.000254668364039 0.999999966524 -8.47971234234e-05
0.982121433905 0.188248476903 2.97974737809e-06 0.341140162489 -0.188248472826 0.982121409086 0.000224262079032 3.67824720206 3.92905211113e-05 -0.000220813527523 0.999999974849 -7.96161027841e-05
0.980096115868 0.198523559387 5.2580008935e-06 0.379749087305 -0.198523556727 0.980096097655 0.000191798326601 3.87454082123 3.29231403242e-05 -0.00018902463197 0.999999981593 -7.38244857838e-05
0.977963327221 0.208776748135 7.05550885016e-06 0.420410720093 -0.208776746522 0.977963314192 0.000161886293364 4.07040571662 2.68980650777e-05 -0.000159791884272 0.999999986872 -6.76829121598e-05
0.975723331043 0.219006806261 8.36953694481e-06 0.463120536807 -0.219006805379 0.975723321959 0.000134844182516 4.26582360592 2.13654413648e-05 -0.000133403600485 0.999999990873 -6.14158177187e-05
0.973376391509 0.229212565902 9.23095431776e-06 0.507873816116 -0.2292125655 0.97337638534 0.000110815309572 4.46077551633 1.64150685012e-05 -0.000109980856877 0.999999993817 -5.52089301714e-05
0.970922775902 0.239392905368 9.69292977478e-06 0.554665631311 -0.239392905259 0.970922771824 8.98025634329e-05 4.65524196039 1.20870103256e-05 -8.95117727906e-05 0.999999995921 -4.92092401976e-05
0.968362755885 0.249546734937 9.82118449519e-06 0.603490848581 -0.24954673499 0.968362753267 7.17015731821e-05 4.84920306812 8.38242421935e-06 -7.18839775324e-05 0.999999997381 -4.35271574708e-05
0.965696609231 0.259672984398 9.6862439328e-06 0.654344122075 -0.259672984525 0.965696607602 5.6331375033e-05 5.04263868827 5.27376336376e-06 -5.69142737335e-05 0.999999998366 -3.82407728867e-05
0.962924621272 0.269770594506 9.35725752646e-06 0.707219891412 -0.269770594655 0.962924620295 4.34602215511e-05 5.23552846796 2.71395615455e-06 -4.43732303048e-05 0.999999999012 -3.33986240683e-05
0.960047086191 0.27983851096 8.89798604599e-06 0.762112379546 -0.279838511101 0.96004708563 3.28287162821e-05 5.42785191269 6.4425350971e-07 -3.4007112577e-05 0.999999999422 -2.90262983343e-05
0.957064308262 0.289875679871 8.36393952516e-06 0.819015590695 -0.28987567999 0.957064307958 2.41668950378e-05 5.61958843448 -9.99432863991e-07 -2.55537753395e-05 0.999999999673 -2.51294317781e-05
0.953976602818 0.299881045107 7.80115072172e-06 0.877923309349 -0.2998810452 0.953976602666 1.72083018759e-05 5.81071738949 -2.28167171134e-06 -1.8755734596e-05 0.999999999822 -2.16991722655e-05
0.950784297048 0.30985354675 7.24577965118e-06 0.938829099575 -0.309853546818 0.950784296982 1.16995209935e-05 6.00121810792 -3.26403543663e-06 -1.3368851368e-05 0.999999999905 -1.87156341596e-05
0.947487730591 0.3197921205 6.72453298568e-06 1.00172630457 -0.319792120545 0.947487730571 7.40664260738e-06 6.19106991735 -4.00282655255e-06 -9.16815565854e-06 0.99999999995 -1.61512702988e-05
0.94408725584 0.329695698064 6.25549467853e-06 1.0666080475 -0.329695698092 0.944087255842 4.11880854643e-06 6.3802521623 -4.54777934607e-06 -5.95092434288e-06 0.999999999972 -1.39732340864e-05
0.940583238238 0.339563207534 5.84956857658e-06 1.1334672313 -0.339563207549 0.94058323825 1.6505180328e-06 6.56874421928 -4.94155095681e-06 -3.5387478647e-06 0.999999999982 -1.21472577211e-05
0.936976056302 0.349393574477 5.51143755247e-06 1.20229653958 -0.349393574482 0.936976056317 -1.59378591997e-07 6.75652550898 -5.2197708785e-06 -1.7763269424e-06 0.999999999985 -1.063694238e-05
0.933266101728 0.359185722626 5.24122584378e-06 1.27308843661 -0.359185722624 0.933266101742 -1.44782529532e-06 6.94357550698 -5.41149658651e-06 -5.31367222788e-07 0.999999999985 -9.40722244644e-06
0.929453779192 0.368938575266 5.03556474781e-06 1.34583516853 -0.368938575259 0.929453779206 -2.32982574592e-06 7.12987375199 -5.53988727661e-06 3.07651260722e-07 0.999999999985 -8.42422895449e-06
0.925539505815 0.378651057244 4.88863526106e-06 1.42052876565 -0.378651057234 0.925539505827 -2.9006184981e-06 7.3153998512 -5.62294732466e-06 8.33550101261e-07 0.999999999984 -7.65580072415e-06
0.921523711187 0.388322095299 4.79326832494e-06 1.49716104282 -0.388322095287 0.921523711199 -3.23764008111e-06 7.50013348818 -5.67435759569e-06 1.12223010382e-06 0.999999999983 -7.07297357611e-06
0.917406837179 0.397950618891 4.74145998895e-06 1.57572359952 -0.397950618878 0.91740683719 -3.40354565709e-06 7.68405442623 -5.70429091279e-06 1.23556911947e-06 0.999999999983 -6.6485572147e-06
0.913189337232 0.407535562061 4.72535998695e-06 1.65620782338 -0.407535562048 0.913189337243 -3.44741091631e-06 7.86714251283 -5.72009090015e-06 1.22238665167e-06 0.999999999983 -6.35978509319e-06
0.908871676414 0.41707586335 4.73709199751e-06 1.7386048896 -0.417075863338 0.908871676426 -3.40828378179e-06 8.04937768297 -5.72692164599e-06 1.12196585988e-06 0.999999999983 -6.18471381971e-06
0.904454330996 0.426570466769 4.76955039572e-06 1.82290576314 -0.426570466757 0.904454331008 -3.31587962725e-06 8.23073996272 -5.72829683272e-06 9.64512351403e-07 0.999999999983 -6.10491108529e-06
0.899937788303 0.436018322047 4.81655266346e-06 1.90910119949 -0.436018322036 0.899937788316 -3.19235649649e-06 8.411209472 -5.72652367423e-06 7.72817034613e-07 0.999999999983 -6.10507517945e-06
0.895322546611 0.445418384786 4.87253048538e-06 1.99718174543 -0.445418384776 0.895322546624 -3.05461436423e-06 8.59076642743 -5.72306779894e-06 5.64550452929e-07 0.999999999983 -6.17066045761e-06
0.890609114677 0.454769617312 4.9330994555e-06 2.08713774145 -0.454769617302 0.890609114691 -2.91429467102e-06 8.76939114431 -5.71879601101e-06 3.52073645373e-07 0.999999999984 -6.2905793331e-06
0.885798011704 0.464070988575 4.99458447131e-06 2.17895932269 -0.464070988566 0.885798011718 -2.77970737013e-06 8.94706403948 -5.71417454125e-06 1.44417508505e-07 0.999999999984 -6.45480022265e-06
0.88088976755 0.47332147363 5.05417971394e-06 2.27263641843 -0.473321473623 0.880889767565 -2.65628174037e-06 9.12376563319 -5.70945038117e-06 -5.23603853374e-08 0.999999999984 -6.65499251163e-06
0.875884922285 0.482520054388 5.10985255154e-06 2.36815875539 -0.482520054382 0.8758849223 -2.54723636423e-06 9.29947655247 -5.70473543408e-06 -2.34520406127e-07 0.999999999984 -6.88447873082e-06
0.870784026123 0.491665719593 5.1601361483e-06 2.46551585809 -0.491665719587 0.870784026138 -2.45430314075e-06 9.47417753168 -5.70006085044e-06 -3.99894082292e-07 0.999999999984 -7.13749700404e-06
0.865587639644 0.500757464317 5.2041644515e-06 2.56469704935 -0.500757464312 0.865587639659 -2.37795611331e-06 9.64784941559 -5.69543969753e-06 -5.476947753e-07 0.999999999984 -7.40956276533e-06
0.860296333443 0.509794290511 5.24146307871e-06 2.66569145308 -0.509794290506 0.860296333458 -2.31792085675e-06 9.8204731621 -5.6908742872e-06 -6.77969137156e-07 0.999999999984 -7.69699250172e-06
0.854910688481 0.51877520632 5.27201950133e-06 2.76848799314 -0.518775206316 0.854910688497 -2.27321165691e-06 9.99202984303 -5.68639166797e-06 -7.91600061831e-07 0.999999999984 -7.99725742134e-06
0.849431295685 0.527699226722 5.29590017424e-06 2.87307539641 -0.527699226718 0.849431295701 -2.24279992839e-06 10.1625006469 -5.68202713481e-06 -8.89537977587e-07 0.999999999983 -8.30766658746e-06
0.843858755919 0.536565373492 5.3134990278e-06 2.97944219454 -0.536565373489 0.843858755935 -2.22519912279e-06 10.3318668816 -5.67780747768e-06 -9.73285826952e-07 0.999999999983 -8.62681621413e-06
0.838193680394 0.545372674525 5.32523785697e-06 3.0875767227 -0.545372674522 0.83819368041 -2.21903694691e-06 10.5001099756 -5.673782833e-06 -1.04425646706e-06 0.999999999983 -8.95322185136e-06
0.832436690315 0.554120164395 5.33157178338e-06 3.19746712247 -0.554120164391 0.832436690331 -2.22301510962e-06 10.6672114805 -5.67001346762e-06 -1.1038120927e-06 0.999999999983 -9.28552557182e-06
0.826588416484 0.562806884914 5.33312691441e-06 3.30910134415 -0.562806884911 0.8265884165 -2.23562121713e-06 10.8331530722 -5.66652394424e-06 -1.15358194381e-06 0.999999999983 -9.62331207707e-06
0.820649500037 0.571431884008 5.33041979204e-06 3.422467146 -0.571431884005 0.820649500053 -2.25563009312e-06 10.9979165546 -5.66334529115e-06 -1.19489011611e-06 0.999999999983 -9.96593033612e-06
0.814620592175 0.579994216158 5.32415092896e-06 3.53755209528 -0.579994216155 0.814620592191 -2.28168138189e-06 11.1614838597 -5.66052498728e-06 -1.22927210627e-06 0.999999999983 -1.03135345335e-05
0.808502353368 0.588492943518 5.31464425438e-06 3.65434357335 -0.588492943515 0.808502353384 -2.31296035989e-06 11.3238370515 -5.6580632375e-06 -1.25759674678e-06 0.999999999983 -1.06653169417e-05
0.802295454425 0.596927134399 5.3024239313e-06 3.77282877223 -0.596927134395 0.802295454441 -2.3484576799e-06 11.4849583263 -5.65596873072e-06 -1.28100380117e-06 0.999999999983 -1.1021372556e-05
0.796000575787 0.605295864284 5.28790364263e-06 3.89299469867 -0.60529586428 0.796000575804 -2.38738318043e-06 11.6448300159 -5.6542475099e-06 -1.30038781935e-06 0.999999999983 -1.13816117864e-05
0.965858126418 -0.255743273663 0.0413939320156 2.54255181397 0.256349067775 0.966532890324 -0.00996631186276 12.9267773441 -0.0374597795308 0.0202373391868 0.999093196364 0.000664076684122
0.992806371356 0.102047377455 0.0626246097697 3.06344282926 -0.101106467246 0.994712359001 -0.0180223508803 12.7896225089 -0.0641326069584 0.0115609517243 0.99787441751 -0.00444336380592
0.958121056981 0.284247524486 0.0347474458575 3.47100403707 -0.283027369545 0.958429623287 -0.0361685677591 12.7509729573 -0.0435838072931 0.0248193881713 0.998741432861 0.00701625471579
0.90279970909 0.430007161897 0.00682099587598 3.81680362134 -0.4295055572 0.902325773285 -0.0365126717813 12.755584395 -0.0218554707443 0.0300339738279 0.999309911296 0.0102567816046
0.835972082353 0.548578329946 -0.0145771547127 4.1129595243 -0.548771116942 0.835722693455 -0.0204411559146 12.7886539549 0.000968883825649 0.0250877571492 0.999684783172 0.00724657820813
0.768253536539 0.639559068827 -0.027398924737 4.36812139826 -0.639835717694 0.768509655603 -0.00177865375308 12.8440169205 0.0199187840755 0.0188972677092 0.999622996591 0.00404344009025
0.709001995606 0.704489357158 -0.0317949033226 4.59026681434 -0.704607719029 0.709537160859 0.00921844043743 12.918214416 0.0290539586111 0.0158670416404 0.999451902034 0.00343687849578
0.663355232598 0.747698959206 -0.0301015246653 4.78720721691 -0.747773618719 0.663863134297 0.0109706002202 13.0082924346 0.0281859988779 0.0152317209671 0.999486640303 0.00483880619451
0.632244366614 0.774374559294 -0.024720493583 4.96598652573 -0.774486018968 0.63255396414 0.00684754516746 13.1113984547 0.0209396109827 0.0148163548047 0.999670950024 0.0066452469127
0.614002065037 0.789114762297 -0.0173019090082 5.13233944326 -0.789223896188 0.614105011719 0.000822355060259 13.2248557447 0.0112741215521 0.0131501523337 0.999849972584 0.00770668176623
0.605850141612 0.795526020751 -0.0091627624468 5.29059240901 -0.795576170509 0.605837503182 -0.00441323653944 13.3462538994 0.00204030062017 0.0099634354411 0.999948282226 0.00765456529799
0.604840284404 0.796345297979 -0.00154814358753 5.44382688122 -0.796329716139 0.604813428806 -0.00772654705829 13.4734904575 -0.00521666138803 0.00590615966379 0.999968951379 0.00670388115986
0.608355775688 0.793651403105 0.0045497843495 5.59412380891 -0.793601043886 0.608369641056 -0.0091522120235 13.6047886898 -0.0100316165856 0.0019570874356 0.999947766875 0.00531595913576
0.614313037072 0.78901514289 0.00863694238314 5.74282079744 -0.788961387928 0.614372737755 -0.00927725506155 13.7386967431 -0.0126261966658 -0.00111507531751 0.999919664656 0.00391562029383
0.621170428769 0.783601934086 0.0107381246177 5.89075480471 -0.783559187775 0.62125599678 -0.00871697871961 13.8740593254 -0.013501765697 -0.00299922679482 0.999904348906 0.00275409831619
0.627843129026 0.778259073386 0.0112169526496 6.03846415822 -0.778228582719 0.627931870766 -0.00786375970503 14.0099709131 -0.0131635244029 -0.00379214566381 0.999906166226 0.00190724819494
0.633599812256 0.773588888137 0.0105598323445 6.18633003885 -0.77356763962 0.633676363057 -0.00688286543942 14.1457307878 -0.012016024377 -0.0038077623313 0.999920554896 0.00133932367123
0.637976743232 0.770000309751 0.00923028051608 6.33465608857 -0.769985831023 0.638034472209 -0.00581655366508 14.2808092263 -0.0103679852812 -0.00339635924968 0.999940483041 0.000970477015204
0.640713712383 0.767742225359 0.00760356260467 6.4837014287 -0.767733197881 0.640752542662 -0.00468144680628 14.4148205434 -0.00846614646119 -0.0028380402712 0.999960134151 0.000721464369602
0.641704768847 0.766928666212 0.00595067913926 6.6336877292 -0.766924078117 0.641728210666 -0.00351596931403 14.5474964215 -0.00651521633274 -0.00230750483711 0.999976113403 0.000534220384958
0.640957638905 0.76756338488 0.00444469571939 6.78479686509 -0.767561992444 0.640970282534 -0.00238425311715 14.6786578907 -0.00467898326405 -0.00188337425366 0.999987279928 0.000375792520679
0.638559522615 0.769565881719 0.0031764401912 6.93716838553 -0.769566297671 0.63856547611 -0.00135875250713 14.8081885905 -0.00307401461422 -0.00157683696541 0.999994031992 0.000233421262358
0.634649161048 0.772797330464 0.00217449038035 7.09090005341 -0.77279837034 0.634651422817 -0.000500316214788 14.9360126892 -0.00176668644897 -0.00136291735628 0.999997510635 0.000106565031982
0.629395251371 0.777084025996 0.00142621617674 7.24605148329 -0.777084945761 0.629395712723 0.000154525288297 15.0620792451 -0.00077757521391 -0.00120554860302 0.999998971014 -4.97612262185e-07
0.622980564767 0.782236800358 0.000896709452238 7.40264983149 -0.782237308949 0.622980285557 0.000596905377941 15.1863527596 -9.17109576596e-05 -0.00107330003829 0.999999419808 -8.37325994364e-05
0.615590550028 0.788065974166 0.000543209845778 7.56069644116 -0.788066092722 0.61559006242 0.000841754798765 15.3088083514 0.000328963732628 -0.000946261560252 0.999999498186 -0.000141787903369
0.607405154166 0.794392140946 0.000324184529693 7.72017359332 -0.794392027531 0.607404691904 0.000920243376496 15.4294296346 0.000534122901668 -0.000816490175808 0.999999524028 -0.00017637206413
0.598592903527 0.801053365481 0.000203713111786 7.88105077232 -0.801053184107 0.59859254634 0.000871606524757 15.548207698 0.000576262189724 -0.000684922517228 0.999999599401 -0.000191453854619
0.589306696879 0.807909396971 0.000152641113069 8.04329001555 -0.80790925363 0.589306453216 0.000736272476309 15.6651401958 0.000504889059383 -0.00055721046875 0.999999717302 -0.000192071020627
0.579681035119 0.814843466937 0.00014802955598 8.20685012067 -0.814843399428 0.579680886982 0.0005510677079 15.7802301361 0.000363224017313 -0.000440064405947 0.999999837206 -0.000183254542555
0.569830535709 0.821762210724 0.000172043446068 8.37168964616 -0.821762207524 0.569830460947 0.000346500920001 15.893484348 0.000186705765862 -0.000338825606899 0.999999925169 -0.000169307737592
0.55984958491 0.828594229882 0.000210906880628 8.53776881784 -0.82859425672 0.55984956595 0.000145729075905 16.0049118105 2.67414584597e-06 -0.000256342592646 0.999999967141 -0.000153464603609
0.54981294776 0.835287769506 0.000254144868499 8.70505053864 -0.835287791028 0.549812972667 -3.53001240395e-05 16.1145220507 -0.000169217907509 -0.000192875640555 0.999999967082 -0.000137853988659
0.539777126465 0.841807915891 0.0002940892026 8.87350075489 -0.841807907892 0.539777186664 -0.000186996564868 16.2223237956 -0.000316157830957 -0.000146630147931 0.999999939272 -0.000123655529933
0.529782244987 0.84813363742 0.000325535189169 9.04308840716 -0.848133590338 0.529782332619 -0.000304934887884 16.3283239641 -0.000431088327505 -0.000114548239293 0.999999900521 -0.000111338851151
0.519854251838 0.854254901955 0.000345443064236 9.21378515569 -0.85425481865 0.519854358277 -0.000388578820591 16.4325270276 -0.000511525444765 -9.30920501342e-05 0.999999864838 -0.000100914830006
0.510007258211 0.860170025189 0.000352616815056 9.38556501074 -0.860169916222 0.510007374013 -0.000440089455245 16.5349347028 -0.000558388933683 -7.88615598277e-05 0.999999840991 -9.21479245623e-05
0.500245866041 0.865883336751 0.000347341821701 9.55840394492 -0.865883215548 0.500245981871 -0.000463307965877 16.6355459236 -0.000574926998079 -6.89895588352e-05 0.99999983235 -8.47108732082e-05
0.490567371811 0.871403204123 0.000330996955466 9.73227953116 -0.871403083306 0.490567479644 -0.000462947147604 16.7343570145 -0.000565789969974 -6.13250020701e-05 0.99999983806 -7.82855190793e-05
0.480963769035 0.876740417366 0.000305668073408 9.90717061873 -0.876740306635 0.480963863084 -0.000443991530051 16.8313619979 -0.000536280616772 -5.44476806953e-05 0.999999854719 -7.26126709521e-05
0.471423501164 0.881906915488 0.000273795780804 10.0830570488 -0.88190682087 0.471423578272 -0.000411281109363 16.9265529747 -0.000491785441259 -4.75747860775e-05 0.999999877942 -6.75094713737e-05
0.461932939738 0.886914822628 0.000237879700687 10.2599194077 -0.886914746686 0.461932999221 -0.000369245728239 17.019920528 -0.000437373993159 -4.04122497452e-05 0.999999903535 -6.28637520173e-05
0.452477586462 0.891775753005 0.00020025355395 10.4377388122 -0.891775695571 0.452477629572 -0.0003217542538 17.1114541171 -0.00037754289537 -3.29946641714e-05 0.999999928186 -5.86191062863e-05
0.44304301031 0.896500342704 0.000162933158224 10.6164967239 -0.896500301791 0.443043039534 -0.000272047217862 17.20114244 -0.000316076825705 -2.55410071717e-05 0.999999949722 -5.47567172483e-05
0.433615540765 0.901097967228 0.00012753145635 10.7961747907 -0.901097939889 0.433615559132 -0.000222727143394 17.2889737453 -0.000255998599911 -1.8340381862e-05 0.999999967064 -5.12776663685e-05
0.424182749324 0.905576604218 9.52309388521e-05 10.9767547139 -0.905576587232 0.424182759853 -0.000175786415503 17.3749360978 -0.000199583387685 -1.16733435827e-05 0.999999980015 -4.81910143949e-05
0.414733747868 0.909942808048 6.67982923088e-05 11.1582181423 -0.909942798396 0.414733753207 -0.000132659221566 17.4590175878 -0.000148415811062 -5.76436888222e-06 0.99999998897 -4.55039616921e-05
0.405259340076 0.914201764089 4.26287798125e-05 11.3405465893 -0.914201759227 0.405259342317 -9.42870448416e-05 17.5412064958 -0.000103473093996 -7.60599928068e-07 0.999999994646 -4.32164417e-05
0.395752054917 0.918357398026 2.28082462948e-05 11.5237213746 -0.918357395993 0.395752055561 -6.11905676223e-05 17.6214914124 -6.52212208202e-05 3.27017120358e-06 0.999999997868 -4.13201579041e-05
0.38620609255 0.922412518359 7.18162822659e-06 11.7077235854 -0.922412517771 0.386206092565 -3.35435139578e-05 17.6998613228 -3.371454576e-05 6.33028568185e-06 0.999999999412 -3.97986623554e-05
0.376617207116 0.926368975777 -4.57967575633e-06 11.8925340551 -0.926368975748 0.376617207049 -1.12448035297e-05 17.776305659 -8.69205243608e-06 8.47745603957e-06 0.999999999926 -3.86277321642e-05
0.961746711117 0.272229147072 0.0305704945874 11.3836632124 -0.271363658851 0.962019779176 -0.0296598909189 19.5675599567 -0.0374837072594 0.0202295812793 0.999092456048 0.00061354350526
0.802259567195 0.595046138397 0.0479549791261 11.7618895326 -0.593299962042 0.803643758821 -0.0463881876043 19.1839914198 -0.0661418315803 0.00876368001516 0.997771745455 -0.0060918965848
0.679636759767 0.733353575795 0.0169235824325 12.0928430351 -0.732081948828 0.679555445261 -0.0475438430947 18.9431878052 -0.0463669599359 0.0199230942595 0.998725775847 0.00445006742508
0.557852020884 0.829906759491 -0.00747618530838 12.392699372 -0.829612657552 0.557355932753 -0.0331240494728 18.7711273624 -0.0233229763232 0.0246806559003 0.9994232857 0.00754462618611
0.44001705469 0.897792477018 -0.0188058446104 12.664368692 -0.89798877879 0.439945193754 -0.00802369361598 18.6488425546 0.00106992918453 0.0204179994685 0.999790958425 0.00483792494269
0.335575649814 0.941769974231 -0.0214079165011 12.9121402841 -0.94177953943 0.335911950248 0.0146444799149 18.566604133 0.0209829064547 0.0152472068789 0.999663563565 0.00207433122941
0.251661919151 0.96760245118 -0.0202922379079 13.1410930952 -0.967330952257 0.252143894212 0.0263492963413 18.5173869832 0.030612207615 0.0129981953333 0.999446816826 0.00179676322037
0.190422289482 0.98153150808 -0.0183098420187 13.3564323038 -0.981242872548 0.190870595858 0.0270340657341 18.494699021 0.0300295977657 0.0128185132873 0.999466812343 0.00338243595932
0.150082098309 0.988544609581 -0.015966171592 13.562764285 -0.988408250234 0.150396341982 0.0207381577981 18.4925030202 0.0229018479069 0.0126686694888 0.999657446416 0.00529778440667
0.126910530077 0.991831574337 -0.0128002149951 13.7636653958 -0.991826959479 0.127059922065 0.0116214738975 18.505552832 0.0131529390715 0.0112207109066 0.999850536751 0.00645725457143
0.116666238474 0.993133361402 -0.00866690665611 13.9616374041 -0.993164466285 0.116693089643 0.00265814581685 18.529545606 0.00365126140554 0.00829754784969 0.999958908651 0.00652603817707
0.115393545759 0.9933114347 -0.00408941200183 14.1582650035 -0.993311894979 0.115375164332 -0.0044778062969 18.5610921245 -0.00397603961535 0.00457877153071 0.999981612811 0.00572768592443
0.119780057122 0.992800448223 8.90156161829e-05 14.3544354688 -0.992758146566 0.119775780239 -0.00922089443804 18.5976072595 -0.00916517004599 0.00101610828437 0.999957482687 0.00451335560411
0.127246728175 0.991865938352 0.00319851632584 14.5505613669 -0.991797670666 0.127275883827 -0.0117571194638 18.6371689087 -0.0120685803216 -0.00167622605703 0.999925767062 0.00328828018895
0.135884742158 0.990712062517 0.00499460033403 14.7467756578 -0.990637206478 0.135938001912 -0.0126009831742 18.6783632934 -0.01316290202 -0.00323555557282 0.999908130375 0.0022852848551
0.14433159557 0.989513444384 0.00561550561403 14.943081321 -0.989444490136 0.144391221853 -0.0122790875899 18.7201408138 -0.0129611519719 -0.00378397078514 0.999908840897 0.00156929275419
0.151649172762 0.988419634316 0.00539952775353 15.1394498536 -0.988362875751 0.151701646833 -0.0111998296763 18.7617067482 -0.0118892488054 -0.00363824787268 0.99992270147 0.00110168990507
0.157228407319 0.987551012092 0.00471449339892 15.3358725913 -0.987508780974 0.157267783979 -0.00965668787648 18.8024525705 -0.0102779098153 -0.00313729797448 0.999942259299 0.000805323553347
0.160718697183 0.986992707604 0.00385947048927 15.5323755993 -0.986964582147 0.160744904643 -0.00787332324706 18.8419159939 -0.00839130284523 -0.00254377042398 0.999961556895 0.000606315096305
0.161971953877 0.986790703921 0.00303196510939 15.7290123545 -0.986774306931 0.161987804588 -0.0060347614321 18.8797541827 -0.00644618785323 -0.00201440316911 0.999977194161 0.000452512388353
0.160994031714 0.986952619424 0.0023342591049 15.925847564 -0.986944595773 0.161002878564 -0.00429394561418 18.9157207452 -0.00461374330678 -0.00161248479233 0.999988056561 0.000316190917236
0.157901440971 0.98745324232 0.00179698927129 16.122941413 -0.987450276759 0.157905998957 -0.00276521637625 18.9496441466 -0.00301427726244 -0.00133780590286 0.999994562189 0.000188601147362
0.152884118644 0.988243121772 0.00140660467671 16.320338804 -0.988242634222 0.152886203951 -0.0015180734272 18.9814086865 -0.00171527607225 -0.00115797739307 0.999997858456 7.19308941868e-05
0.146175219095 0.989258070344 0.0011294163816 16.5180645399 -0.989258440695 0.146175933582 -0.000577888008508 19.0109394354 -0.000736773870154 -0.0010328117823 0.999999195232 -2.78740913919e-05
0.138027855721 0.990427911741 0.000928810959115 16.7161234179 -0.990428345284 0.138027853908 6.63610316801e-05 19.0381913757 -6.24759653447e-05 -0.000929080372224 0.999999566453 -0.000105855764688
0.128697828518 0.991683552561 0.000774929217548 16.9145035045 -0.991683794589 0.128697507826 0.000450587241233 19.0631419412 0.000347108497084 -0.0008264743465 0.999999598228 -0.000160175463536
0.118431101922 0.992962060792 0.000648016967085 17.1131808756 -0.992962123897 0.118430702279 0.00062390967881 19.0857857485 0.000542773535918 -0.00071734661472 0.999999595405 -0.000192266564529
0.107454996427 0.994209804174 0.000537611905701 17.3121244922 -0.994209781722 0.107454648405 0.00063911279488 19.106130495 0.000577643308337 -0.000603174878509 0.999999651254 -0.000205902663775
0.0959723689038 0.995383901318 0.00043977614783 17.5113003374 -0.995383872199 0.0959721248216 0.000546097856511 19.1241934065 0.000501370763562 -0.000490156389871 0.999999754187 -0.000205941228077
0.0841582851564 0.996452335884 0.000354048154191 17.7106744096 -0.996452334847 0.0841581471635 0.000388128107317 19.1399980139 0.000356955122495 -0.000385456305824 0.999999862003 -0.000197234067743
0.0721587772195 0.997393118024 0.000281050226044 17.9102145079 -0.997393141487 0.0721587225032 0.000200201871655 19.1535712797 0.000179399743734 -0.000294763890126 0.999999940465 -0.000183909556905
0.829393526462 0.558237820107 0.0218383714121 17.9751477212 -0.557347843363 0.829488428137 -0.0362260829535 21.0117737512 -0.0383374459546 0.0178741094816 0.999104977691 0.00080315356571
0.578706975027 0.814855835677 0.0332896998797 18.2182677438 -0.812955975118 0.579639770584 -0.0558598145141 20.5294146031 -0.0648137298377 0.00526340385593 0.997883498713 -0.00652084001575
0.417511437608 0.908656318274 0.00528154585147 18.4599954269 -0.907589204417 0.417290653056 -0.0463718330198 20.1960360781 -0.0443399987809 0.0145672966712 0.998910285449 0.00251588650147
0.270512515936 0.962625028227 -0.0132677712226 18.6931175513 -0.962503201069 0.270136844564 -0.0247724270173 19.9376893082 -0.0202624444043 0.0194715238311 0.999605068568 0.0051455844547
0.136419118939 0.990506639151 -0.0169240002596 18.9144642095 -0.990639886474 0.136479340432 0.00245050254352 19.7352532187 0.0047370154315 0.0164312942979 0.999853775936 0.00260230297366
0.0224168247133 0.999660885816 -0.0132513901113 19.1251095323 -0.999442777127 0.0227358808404 0.0244379821373 19.5780542531 0.0247309768975 0.0126961841717 0.99961351816 0.00025486947249
-0.0666097174545 0.997735602177 -0.00931738637702 19.3277531058 -0.997191539907 -0.0662471682799 0.0349334428923 19.4579245658 0.0342370892171 0.01161812563 0.999346206717 0.000405410183083
-0.130416364011 0.991428934686 -0.00776140871404 19.5254110342 -0.990893953037 -0.130073673936 0.0347852437701 19.3672228514 0.0334775422274 0.0122272979755 0.999364671854 0.00234658816824
-0.172034328224 0.985059782359 -0.00783677807214 19.72068594 -0.984745708781 -0.17175799004 0.027840292634 19.2988730584 0.0260783233528 0.0125067196181 0.999581664005 0.00452623947521
-0.195900447464 0.980592242614 -0.00786564732876 19.9154430073 -0.980494427835 -0.195738022277 0.0178130182329 19.2467948883 0.0159277012447 0.0112018016197 0.999810396012 0.0058580481672
-0.20660229017 0.97840107985 -0.00684256128179 20.1107975647 -0.978407070707 -0.206551105525 0.00749965316619 19.2060962901 0.00592433015892 0.00824425585947 0.999948465951 0.00602395788968
-0.208234073458 0.978067250968 -0.00479825332304 20.307246824 -0.978076461364 -0.208242245501 -0.00126606248325 19.173034058 -0.00223749329902 0.00442942128279 0.99998768685 0.00527848514246
-0.204140226324 0.978938725713 -0.00239568283647 20.504847293 -0.978909551165 -0.204152739709 -0.00759930971151 19.1448597851 -0.00792834377982 0.000793832005768 0.999968255094 0.00410319777759
-0.196890630894 0.980425399018 -0.000341212995464 20.7033916884 -0.980360818176 -0.196881634162 -0.0114143907309 19.1196166414 -0.011258137159 -0.00191287474087 0.999934795503 0.00292109936185
-0.188382206817 0.982095301636 0.000981152562753 20.902555404 -0.982013841332 -0.188353487502 -0.0131064555716 19.0959241091 -0.012686984931 -0.00343252842121 0.999913625351 0.00196903242606
-0.179978354811 0.98366934168 0.00155500428003 21.1020003481 -0.983588202077 -0.179942602171 -0.013225303711 19.0727879709 -0.0127295142784 -0.0039097522678 0.999911332721 0.00130818075775
-0.172631017179 0.98498528349 0.00158846366574 21.3014384692 -0.984915612481 -0.172599001294 -0.0122809218991 19.0494630571 -0.011822360096 -0.00368457070358 0.999923324931 0.000894462506622
-0.166969960005 0.985961063033 0.00134708544155 21.5006612461 -0.985908070986 -0.166946386724 -0.0106854819504 19.0253719432 -0.0103105780958 -0.00311225690303 0.999942001236 0.000646550686413
-0.163367005688 0.986564810843 0.00104664179784 21.6995421462 -0.986528973591 -0.163351775217 -0.00876252242452 19.00006337 -0.00847382548256 -0.0024640495093 0.999961060613 0.000488314450237
-0.161987524823 0.986792470041 0.000814169581526 21.8980211453 -0.986771106687 -0.161978436087 -0.0067652975787 18.973190227 -0.00654406679273 -0.00189929282846 0.999976783669 0.000366916812331
-0.162836764086 0.986652779164 0.000693994948753 22.0960814785 -0.98664179998 -0.162831516599 -0.00488423329273 18.9444936079 -0.00470603810235 -0.00148005716985 0.999987831244 0.000255008946658
-0.165802753297 0.986158705832 0.000673729059046 22.2937270796 -0.986154092401 -0.16579975903 -0.00324745234342 18.9137877019 -0.0030907992846 -0.00120283720849 0.999994500056 0.000144846882163
-0.170694443009 0.985323753052 0.000713299943993 22.490965632 -0.985322415648 -0.170692819062 -0.00192321119987 18.8809452586 -0.00177323049909 -0.00103111188845 0.999997896229 3.99361881731e-05
-0.177273512676 0.984161323995 0.000768150402655 22.6877986991 -0.984161316584 -0.177272786662 -0.000928465614658 18.8458847715 -0.000777587786152 -0.000920576272521 0.999999273948 -5.23989816162e-05
-0.185279410643 0.982685552187 0.000803438852888 22.8842180565 -0.982685876569 -0.185279273614 -0.000242405495368 18.8085600418 -8.93478110128e-05 -0.000834440760739 0.999999647863 -0.00012593502699
-0.194448233575 0.980912455299 0.000799686941382 23.0802062984 -0.980912725508 -0.194448432793 0.000178662260402 18.7689519658 0.000330749908997 -0.000749682536283 0.99999966429 -0.000177785540248
-0.204526479867 0.978860742512 0.000752198413995 23.2757396694 -0.978860885862 -0.20452680826 0.00038837151661 18.7270619609 0.000534006371912 -0.000656865346695 0.999999641682 -0.000208594472467
-0.215280652213 0.976551993377 0.000667093227298 23.4707914698 -0.976552052391 -0.215280966453 0.000440968281688 18.6829064677 0.000574240929185 -0.000556519320968 0.999999680267 -0.000221593869685
-0.226503457054 0.974010202402 0.00055638099816 23.6653349674 -0.974010232099 -0.226503684287 0.000385708476485 18.6365122097 0.000501706337199 -0.000454556481815 0.999999770835 -0.000221309184943
-0.238017178164 0.971260847994 0.000433649418421 23.8593453254 -0.971260878152 -0.238017303514 0.000264196869398 18.5879121288 0.000359820140652 -0.000358303321611 0.999999871074 -0.00021241442368
-0.249674731251 0.96832971234 0.00031108440001 24.0528004726 -0.968329744857 -0.249674774861 0.000109648692689 18.5371420318 0.000183846014585 -0.000273855769811 0.999999945602 -0.000198960930958
-0.26135889821 0.96524167293 0.000197902178339 24.2456811206 -0.965241693218 -0.261358892882 -5.27796235131e-05 18.4842379888 7.78402133235e-07 -0.000204817857961 0.999999979025 -0.000184003510005
-0.272980230287 0.962019637995 9.99202037101e-05 24.437970227 -0.962019628149 -0.272980206185 -0.000205153811041 18.429234474 -0.00017008575722 -0.0001521281318 0.999999973964 -0.00016954042864
-0.28447407777 0.958683732355 1.98737297605e-05 24.6296522064 -0.958683680414 -0.284474055397 -0.000335729955897 18.3721631715 -0.000316205286682 -0.000114559089974 0.999999943445 -0.000156653392113
-0.295797141993 0.955250778086 -4.18934741084e-05 24.8207121233 -0.95525068192 -0.295797131418 -0.000437876533906 18.3130523313 -0.000430673869186 -8.9503857565e-05 0.999999903255 -0.000145737748961
-0.306923868824 0.951734065398 -8.66425749199e-05 25.0111350052 -0.951733932136 -0.306923872188 -0.00050901982333 18.2519265421 -0.000511044180417 -7.3769654966e-05 0.999999866696 -0.000136745553516
-0.317842917328 0.948143378569 -0.000116531730675 25.2009053521 -0.948143221424 -0.317842932203 -0.000549651250982 18.1888068048 -0.000558186981113 -6.42139866042e-05 0.999999842152 -0.000129393837036
-0.328553871575 0.944485222488 -0.000134068835971 25.3900068461 -0.944485056821 -0.328553893781 -0.000562425589395 18.1237107992 -0.000575251496026 -5.81610927087e-05 0.999999832851 -0.000123320299504
-0.339064296273 0.940763191723 -0.000141745075476 25.5784222308 -0.940763031673 -0.339064321665 -0.000551372475209 18.0566532706 -0.000566771627471 -5.36021933618e-05 0.999999837948 -0.00011817912021
-0.349387193255 0.936978425085 -0.000141825440384 25.7661333258 -0.936978281397 -0.349387218572 -0.000521237782275 17.9876464729 -0.000537940552469 -4.92264483778e-05 0.999999854098 -0.000113692246567
-0.359538875327 0.93313009734 -0.000136259518184 25.9531211255 -0.933129976497 -0.359538898413 -0.000476960586358 17.9167006324 -0.000494056875442 -4.43380317939e-05 0.999999876971 -0.000109663821339
-0.36953725292 0.929215907451 -0.000126668842746 26.1393659391 -0.929215811849 -0.369537272602 -0.000423283188734 17.8438243979 -0.000440130331 -3.8716215224e-05 0.999999902393 -0.000105975160966
-0.379400503155 0.925232535703 -0.000114376285683 26.3248475505 -0.925232464481 -0.379400519007 -0.000364482944746 17.7690252624 -0.000380625901338 -3.24603599478e-05 0.999999927035 -0.000102568932869
-0.389146085097 0.921176049603 -0.000100452062083 26.5095453718 -0.921175999735 -0.389146097204 -0.000304209319991 17.692309941 -0.000319320867558 -2.58478372097e-05 0.999999948683 -9.94285906686e-05
-0.398790055961 0.917042247616 -8.57587703781e-05 26.6934385789 -0.917042214981 -0.398790064719 -0.00024540773381 17.6136846973 -0.000259249005385 -1.92217511579e-05 0.99999996621 -9.65612465363e-05
-0.408346638173 0.912826937625 -7.09890532226e-05 26.876506227 -0.912826917878 -0.408346644139 -0.0001903102521 17.5331556181 -0.000202708466277 -1.29118329985e-05 0.999999979371 -9.39831911353e-05
-0.417827991556 0.908526150564 -5.66927525594e-05 27.0587273448 -0.908526139732 -0.41782799534 -0.000140475164696 17.4507288351 -0.000151313179784 -7.18760829496e-06 0.999999988526 -9.17112665362e-05
-0.427244146382 0.904136293657 -4.32964789984e-05 27.2400810062 -0.904136288472 -0.427244148569 -9.68583817154e-05 17.3664106949 -0.00010607134556 -2.23625879037e-06 0.999999994372 -8.97556480232e-05
-0.43660305544 0.899654250816 -3.11161136095e-05 27.4205463851 -0.899654248824 -0.436603056545 -5.99039902578e-05 17.2802078859 -6.7478269786e-05 1.83947863607e-06 0.999999997722 -8.81187459755e-05
-0.445910732025 0.895077437236 -2.03673601903e-05 27.6001027951 -0.89507743676 -0.445910732462 -2.96419269153e-05 17.1921275237 -3.56138444789e-05 5.01271122325e-06 0.999999999353 -8.67936378032e-05
-0.455171442826 0.890403817102 -1.11750825017e-05 27.7787297181 -0.890403817114 -0.455171442905 -5.78518459011e-06 17.1021772025 -1.02377288685e-05 7.31708529915e-06 0.999999999921 -8.57652035369e-05
-0.464387931249 0.88563189266 -3.58313265316e-06 27.9564068246 -0.885631892621 -0.464387931179 1.21793834023e-05 17.0103650213 9.12248681404e-06 8.82929521519e-06 0.999999999919 -8.50124425925e-05
-0.473561653844 0.88076067124 2.43435627278e-06 28.1331139835 -0.88076067094 -0.473561653752 2.49107213543e-05 16.9166995871 2.30932014434e-05 9.65267713886e-06 0.999999999687 -8.45104081097e-05
-0.482693014196 0.87578961743 6.96015165434e-06 28.3088312682 -0.875789616859 -0.482693014145 3.31458216272e-05 16.8211900011 3.23883830233e-05 9.90362799863e-06 0.999999999426 -8.42311761389e-05
