1 0 0 -1.27221029604e-09 0 1 0 -1.80642970525e-10 0 0 1 2.89089183159e-10
0.999990610774 0.00433340086637 5.30688550042e-19 0.000285234969222 -0.00433340086637 0.999990610774 -1.14984850934e-21 0.19999965035 -5.30688550042e-19 -1.14984850937e-21 1 -2.6980052914e-09
0.999919799883 0.0126646674578 1.55097444644e-18 0.00186520783973 -0.0126646674578 0.999919799883 -9.82168164985e-21 0.39999284643 -1.55097444644e-18 -9.82168164983e-21 1 -1.21459719504e-08
0.99974933929 0.0223888049772 2.74183783521e-18 0.00526060380194 -0.0223888049772 0.99974933929 -3.06970835622e-20 0.599963246875 -2.74183783521e-18 -3.06970835622e-20 1 -2.79970004957e-08
0.999468587832 0.0325966553128 3.99193895917e-18 0.0106526801659 -0.0325966553128 0.999468587832 -6.5079221086e-20 0.799889687443 -3.99193895917e-18 -6.5079221086e-20 1 -5.05411922314e-08
0.999076344162 0.0429704379309 5.262360927e-18 0.0181041697368 -0.0429704379309 0.999076344162 -1.13115216557e-19 0.999749938626 -5.262360927e-18 -1.13115216557e-19 1 -7.91627254304e-08
0.998573276881 0.0533986020259 6.539442705e-18 0.0276363401589 -0.0533986020259 0.998573276881 -1.74723190045e-19 1.19952175419 -6.539442705e-18 -1.74723190045e-19 1 -1.12840843225e-07
0.997960050143 0.0638415093756 7.81833001096e-18 0.0392558391854 -0.0638415093756 0.997960050143 -2.49821806327e-19 1.39918303217 -7.81833001096e-18 -2.49821806327e-19 1 -1.52966418199e-07
0.997237082584 0.0742845954425 9.09723920346e-18 0.0529640775665 -0.0742845954425 0.997237082584 -3.38359797025e-19 1.59871178382 -9.09723920346e-18 -3.38359797025e-19 1 -2.01957785273e-07
0.996404624818 0.0847220375154 1.0375457206e-17 0.0687604852748 -0.0847220375154 0.996404624818 -4.40306470804e-19 1.79808608326 -1.0375457206e-17 -4.40306470804e-19 1 -2.53906908609e-07
0.995462844928 0.0951510607782 1.16526442017e-17 0.0866436586341 -0.0951510607782 0.995462844928 -5.55641243577e-19 1.99728405201 -1.16526442017e-17 -5.55641243577e-19 1 -3.14588351258e-07
0.994411878915 0.105569953455 1.29285905585e-17 0.106611749013 -0.105569953455 0.994411878915 -6.84347459989e-19 2.19628383472 -1.29285905585e-17 -6.84347459989e-19 1 -3.80239758679e-07
0.993251855513 0.115977375039 1.42031321114e-17 0.128662601521 -0.115977375039 0.993251855513 -8.26409354671e-19 2.39506360687 -1.42031321114e-17 -8.26409354671e-19 1 -4.52473079005e-07
0.991982907354 0.126372115265 1.54761206461e-17 0.152793820751 -0.126372115265 0.991982907354 -9.81810684687e-19 2.59360156787 -1.54761206461e-17 -9.81810684687e-19 1 -5.30784354247e-07
0.990605175738 0.136753010208 1.67474136225e-17 0.179002760356 -0.136753010208 0.990605175738 -1.15053414609e-18 2.79187594876 -1.67474136225e-17 -1.15053414609e-18 1 -6.16101277995e-07
0.989118812582 0.147118913115 1.8016870604e-17 0.207286545416 -0.147118913115 0.989118812582 -1.33256113422e-18 2.98986500197 -1.8016870604e-17 -1.33256113422e-18 1 -7.05775606402e-07
0.987523981205 0.157468684332 1.92843520233e-17 0.237642080267 -0.157468684332 0.987523981205 -1.52787164836e-18 3.18754701975 -1.92843520233e-17 -1.52787164836e-18 1 -8.04633678575e-07
0.98582085662 0.167801187876 2.05497187626e-17 0.270066028753 -0.167801187876 0.98582085662 -1.73644425548e-18 3.38490032036 -2.05497187626e-17 -1.73644425548e-18 1 -9.06445133841e-07
0.984009625641 0.178115290318 2.18128320167e-17 0.30455484468 -0.178115290318 0.984009625641 -1.95825607754e-18 3.58190326394 -2.18128320167e-17 -1.95825607754e-18 1 -1.01657910689e-06
0.982090486908 0.188409860477 2.30735532561e-17 0.341104739319 -0.188409860477 0.982090486908 -2.19328278824e-18 3.77853424699 -2.30735532561e-17 -2.19328278824e-18 1 -1.13187319828e-06
0.980063650882 0.198683769394 2.43317442231e-17 0.379711706823 -0.198683769394 0.980063650882 -2.44149861345e-18 3.97477170671 -2.43317442231e-17 -2.44149861345e-18 1 -1.2536287135e-06
0.97792933983 0.208935890405 2.55872669411e-17 0.420371511847 -0.208935890405 0.97792933983 -2.7028763332e-18 4.17059412087 -2.55872669411e-17 -2.7028763332e-18 1 -1.38216029821e-06
0.975687787806 0.219165099243 2.68399837273e-17 0.46307969656 -0.219165099243 0.975687787806 -2.97738728437e-18 4.36598001868 -2.68399837273e-17 -2.97738728437e-18 1 -1.51663445047e-06
0.97333924062 0.22937027416 2.8089757207e-17 0.50783158046 -0.22937027416 0.97333924062 -3.2650013637e-18 4.56090797163 -2.8089757207e-17 -3.2650013637e-18 1 -1.65711368449e-06
0.970883955819 0.239550296042 2.93364503283e-17 0.554622251096 -0.239550296042 0.970883955819 -3.56568703105e-18 4.75535660544 -2.93364503283e-17 -3.56568703105e-18 1 -1.80342236966e-06
0.96832220265 0.249704048534 3.05799263772e-17 0.603446579831 -0.249704048534 0.96832220265 -3.87941131284e-18 4.94930459683 -3.05799263772e-17 -3.87941131284e-18 1 -1.95529425584e-06
0.96565426204 0.259830418164 3.18200489926e-17 0.654299211573 -0.259830418164 0.96565426204 -4.20613980567e-18 5.14273067495 -3.18200489926e-17 -4.20613980567e-18 1 -2.11466443112e-06
0.962880426559 0.26992829446 3.3056682181e-17 0.70717457014 -0.26992829446 0.962880426559 -4.54583668007e-18 5.33561363079 -3.3056682181e-17 -4.54583668007e-18 1 -2.2786962659e-06
0.960001000387 0.279996570078 3.42896903318e-17 0.76206685777 -0.279996570078 0.960001000387 -4.89846468447e-18 5.52793231145 -3.42896903318e-17 -4.89846468447e-18 1 -2.45001232102e-06
0.957016299288 0.290034140915 3.55189382315e-17 0.818970054401 -0.290034140915 0.957016299288 -5.26398514921e-18 5.71966562699 -3.55189382315e-17 -5.26398514921e-18 1 -2.62656226946e-06
0.953926650567 0.300039906241 3.67442910795e-17 0.877877919786 -0.300039906241 0.953926650567 -5.64235799086e-18 5.91079255201 -3.67442910795e-17 -5.64235799086e-18 1 -2.80936521913e-06
0.950732393039 0.31001276881 3.79656145018e-17 0.93878399377 -0.31001276881 0.950732393039 -6.03354171659e-18 6.10129212793 -3.79656145018e-17 -6.03354171659e-18 1 -2.99832850548e-06
0.947433876991 0.319951634986 3.91827745667e-17 1.00168159635 -0.319951634986 0.947433876991 -6.43749342867e-18 6.29114346319 -3.91827745667e-17 -6.43749342867e-18 1 -3.19337590282e-06
0.944031464141 0.329855414859 4.03956377988e-17 1.06656383157 -0.329855414859 0.944031464141 -6.85416882926e-18 6.48032573943 -4.03956377988e-17 -6.85416882926e-18 1 -3.39298841245e-06
0.940525527603 0.339723022369 4.1604071194e-17 1.13342358445 -0.339723022369 0.940525527603 -7.28352222521e-18 6.66881821064 -4.1604071194e-17 -7.28352222521e-18 1 -3.60064907845e-06
0.936916451842 0.349553375421 4.2807942234e-17 1.20225352381 -0.349553375421 0.936916451842 -7.72550653306e-18 6.85660020536 -4.2807942234e-17 -7.72550653306e-18 1 -3.81265153226e-06
0.933204632634 0.359345396006 4.40071189007e-17 1.27304610018 -0.359345396006 0.933204632634 -8.18007328428e-18 7.04365113221 -4.40071189007e-17 -8.18007328428e-18 1 -4.03129329563e-06
0.929390477022 0.369098010319 4.52014696909e-17 1.34579354909 -0.369098010319 0.929390477022 -8.64717263048e-18 7.22995048037 -4.52014696909e-17 -8.64717263048e-18 1 -4.25597710674e-06
0.92547440327 0.378810148876 4.63908636306e-17 1.4204878949 -0.378810148876 0.92547440327 -9.12675334896e-18 7.41547781601 -4.63908636306e-17 -9.12675334896e-18 1 -4.48541760845e-06
0.921456840822 0.388480746631 4.75751702892e-17 1.49712094725 -0.388480746631 0.921456840822 -9.61876284829e-18 7.60021279797 -4.75751702892e-17 -9.61876284829e-18 1 -4.72162655063e-06
0.917338230246 0.398108743095 4.87542597944e-17 1.57568429906 -0.398108743095 0.917338230246 -1.01231471741e-17 7.78413516661 -4.87542597944e-17 -1.01231471741e-17 1 -4.96176076448e-06
0.913119023197 0.407693082449 4.99280028455e-17 1.65616933836 -0.407693082449 0.913119023197 -1.06398510149e-17 7.96722475335 -4.99280028455e-17 -1.06398510149e-17 1 -5.21075845672e-06
0.908799682356 0.417232713662 5.10962707285e-17 1.73856723727 -0.417232713662 0.908799682356 -1.11688177084e-17 8.14946147921 -5.10962707285e-17 -1.11688177084e-17 1 -5.46312599425e-06
0.904380681389 0.426726590606 5.22589353297e-17 1.82286896104 -0.426726590606 0.904380681389 -1.17099892473e-17 8.33082536059 -5.22589353297e-17 -1.17099892473e-17 1 -5.7210457145e-06
0.899862504889 0.436173672171 5.34158691496e-17 1.90906526472 -0.436173672171 0.899862504889 -1.22633062862e-17 8.5112965089 -5.34158691496e-17 -1.22633062862e-17 1 -5.98673243823e-06
0.895245648325 0.445572922377 5.45669453176e-17 1.9971466942 -0.445572922377 0.895245648325 -1.28287081476e-17 8.69085513407 -5.45669453176e-17 -1.28287081476e-17 1 -6.25574209723e-06
0.890530617987 0.454923310491 5.5712037605e-17 2.08710359197 -0.454923310491 0.890530617987 -1.34061328287e-17 8.86948154465 -5.5712037605e-17 -1.34061328287e-17 1 -6.53201894751e-06
0.885717930931 0.464223811138 5.68510204398e-17 2.17892609492 -0.464223811138 0.885717930931 -1.39955170085e-17 9.04715615298 -5.68510204398e-17 -1.39955170085e-17 1 -6.81345509879e-06
0.880808114923 0.473473404412 5.79837689195e-17 2.2726041296 -0.473473404412 0.880808114923 -1.45967960544e-17 9.22385947329 -5.79837689195e-17 -1.45967960544e-17 1 -7.10011218352e-06
0.875801708379 0.482671075992 5.91101588255e-17 2.36812742593 -0.482671075992 0.875801708379 -1.52099040293e-17 9.39957213162 -5.91101588255e-17 -1.52099040293e-17 1 -7.39266352934e-06
0.870699260309 0.49181581725 6.02300666365e-17 2.46548550876 -0.49181581725 0.870699260309 -1.5834773699e-17 9.57427485625 -6.02300666365e-17 -1.5834773699e-17 1 -7.69015130864e-06
0.865501330253 0.500906625361 6.1343369542e-17 2.56466769966 -0.500906625361 0.865501330253 -1.64713365395e-17 9.74794848894 -6.1343369542e-17 -1.64713365395e-17 1 -7.99313219435e-06
0.860208488223 0.509942503415 6.24499454557e-17 2.66566312568 -0.509942503415 0.860208488223 -1.71195227446e-17 9.92057398738 -6.24499454557e-17 -1.71195227446e-17 1 -8.30132932617e-06
0.854821314638 0.518922460528 6.35496730291e-17 2.7684607071 -0.518922460528 0.854821314638 -1.77792612333e-17 10.0921324184 -6.35496730291e-17 -1.77792612333e-17 1 -8.61600829261e-06
0.849340400263 0.527845511945 6.46424316648e-17 2.87304917215 -0.527845511945 0.849340400263 -1.84504796578e-17 10.2626049683 -6.46424316648e-17 -1.84504796578e-17 1 -8.93483024722e-06
0.843766346142 0.536710679153 6.57281015294e-17 2.9794170554 -0.536710679153 0.843766346142 -1.91331044116e-17 10.4319729463 -6.57281015294e-17 -1.91331044116e-17 1 -9.25999632972e-06
0.838099763533 0.545516989988 6.68065635669e-17 3.08755268798 -0.545516989988 0.838099763533 -1.9827060637e-17 10.600217777 -6.68065635669e-17 -1.9827060637e-17 1 -9.59011022772e-06
0.832341273841 0.554263478737 6.78776995119e-17 3.19744421185 -0.554263478737 0.832341273841 -2.0532272234e-17 10.7673210114 -6.78776995119e-17 -2.0532272234e-17 1 -9.9243106968e-06
0.826491508548 0.562949186249 6.89413919023e-17 3.30907957984 -0.562949186249 0.826491508548 -2.12486618682e-17 10.9332643228 -6.89413919023e-17 -2.12486618682e-17 1 -1.02644924302e-05
0.820551109147 0.57157316004 6.99975240921e-17 3.42244654811 -0.57157316004 0.820551109147 -2.19761509794e-17 11.0980295168 -6.99975240921e-17 -2.19761509794e-17 1 -1.06094120964e-05
0.814520727071 0.580134454392 7.10459802646e-17 3.53753268039 -0.580134454392 0.814520727071 -2.27146597901e-17 11.2615985219 -7.10459802646e-17 -2.27146597901e-17 1 -1.09610337056e-05
0.808401023617 0.588632130464 7.20866454448e-17 3.65432536465 -0.588632130464 0.808401023617 -2.34641073147e-17 11.4239534039 -7.20866454448e-17 -2.34641073147e-17 1 -1.13161736035e-05
0.802192669882 0.597065256389 7.31194055119e-17 3.7728117867 -0.597065256389 0.802192669882 -2.42244113677e-17 11.5850763568 -7.31194055119e-17 -2.42244113677e-17 1 -1.16769855296e-05
0.795896346681 0.605432907381 7.41441472123e-17 3.89297895425 -0.605432907381 0.795896346681 -2.49954885731e-17 11.7449497125 -7.41441472123e-17 -2.49954885731e-17 1 -1.20427884731e-05
0.789512744476 0.613734165832 7.51607581713e-17 4.0148136903 -0.613734165832 0.789512744476 -2.57772543738e-17 11.9035559389 -7.51607581713e-17 -2.57772543738e-17 1 -1.24129435921e-05
0.783042563302 0.621968121415 7.61691269063e-17 4.13830263345 -0.621968121415 0.783042563302 -2.65696230403e-17 12.0608776441 -7.61691269063e-17 -2.65696230403e-17 1 -1.27893929323e-05
0.776486512687 0.630133871185 7.71691428381e-17 4.26343224286 -0.630133871185 0.776486512687 -2.73725076804e-17 12.2168975745 -7.71691428381e-17 -2.73725076804e-17 1 -1.31690862073e-05
0.769845311576 0.638230519675 7.81606963039e-17 4.3901887973 -0.638230519675 0.769845311576 -2.81858202488e-17 12.3715986215 -7.81606963039e-17 -2.81858202488e-17 1 -1.3554713246e-05
0.76311968825 0.646257178997 7.91436785684e-17 4.51855839679 -0.646257178997 0.76311968825 -2.90094715565e-17 12.5249638204 -7.91436785684e-17 -2.90094715565e-17 1 -1.39450790062e-05
0.756310380251 0.654212968936 8.01179818368e-17 4.64852696205 -0.654212968936 0.756310380251 -2.9843371281e-17 12.6769763531 -8.01179818368e-17 -2.9843371281e-17 1 -1.43403992157e-05
0.749418134297 0.662097017051 8.10834992656e-17 4.78008024198 -0.662097017051 0.749418134297 -3.06874279758e-17 12.8276195507 -8.10834992656e-17 -3.06874279758e-17 1 -1.47391697123e-05
0.742443706198 0.669908458766 8.2040124975e-17 4.91320381046 -0.669908458766 0.742443706198 -3.15415490804e-17 12.9768768907 -8.2040124975e-17 -3.15415490804e-17 1 -1.51435886604e-05
0.735387860781 0.67764643747 8.29877540601e-17 5.04788306519 -0.67764643747 0.735387860781 -3.2405640931e-17 13.1247320097 -8.29877540601e-17 -3.2405640931e-17 1 -1.55522524841e-05
0.728251371798 0.685310104606 8.39262826029e-17 5.18410324289 -0.685310104606 0.728251371798 -3.32796087701e-17 13.2711686896 -8.39262826029e-17 -3.32796087701e-17 1 -1.59646602675e-05
0.721035021845 0.692898619766 8.4855607683e-17 5.32184940074 -0.692898619766 0.721035021845 -3.41633567572e-17 13.4161708748 -8.4855607683e-17 -3.41633567572e-17 1 -1.63833871722e-05
0.713739602276 0.700411150784 8.57756273894e-17 5.46110643947 -0.700411150784 0.713739602276 -3.50567879795e-17 13.5597226632 -8.57756273894e-17 -3.50567879795e-17 1 -1.68051917138e-05
0.706365913118 0.707846873826 8.66862408318e-17 5.60185908159 -0.707846873826 0.706365913118 -3.59598044621e-17 13.7018083122 -8.66862408318e-17 -3.59598044621e-17 1 -1.72330531161e-05
0.698914762976 0.715204973482 8.75873481509e-17 5.74409189463 -0.715204973482 0.698914762976 -3.68723071792e-17 13.8424122414 -8.75873481509e-17 -3.68723071792e-17 1 -1.76628724127e-05
0.691386968955 0.722484642853 8.84788505303e-17 5.8877892819 -0.722484642853 0.691386968955 -3.77941960644e-17 13.9815190326 -8.84788505303e-17 -3.77941960644e-17 1 -1.809970456e-05
0.683783356562 0.729685083642 8.93606502067e-17 6.03293548285 -0.729685083642 0.683783356562 -3.87253700224e-17 14.1191134303 -8.93606502067e-17 -3.87253700224e-17 1 -1.85393970948e-05
0.676104759618 0.736805506238 9.02326504808e-17 6.17951458349 -0.736805506238 0.676104759618 -3.96657269393e-17 14.2551803451 -9.02326504808e-17 -3.96657269393e-17 1 -1.89823823575e-05
0.668352020168 0.743845129807 9.10947557279e-17 6.32751050717 -0.743845129807 0.668352020168 -4.06151636945e-17 14.3897048572 -9.10947557279e-17 -4.06151636945e-17 1 -1.94311465869e-05
0.660525988387 0.750803182375 9.19468714086e-17 6.47690702582 -0.750803182375 0.660525988387 -4.15735761715e-17 14.5226722142 -9.19468714086e-17 -4.15735761715e-17 1 -1.98830795339e-05
0.652627522489 0.757678900914 9.27889040786e-17 6.62768775859 -0.757678900914 0.652627522489 -4.25408592696e-17 14.6540678358 -9.27889040786e-17 -4.25408592696e-17 1 -2.03407696944e-05
0.644657488628 0.764471531423 9.36207613997e-17 6.77983616694 -0.764471531423 0.644657488628 -4.35169069153e-17 14.7838773106 -9.36207613997e-17 -4.35169069153e-17 1 -2.08010394713e-05
0.636616760808 0.771180329014 9.44423521492e-17 6.93333556637 -0.771180329014 0.636616760808 -4.4501612074e-17 14.9120864052 -9.44423521492e-17 -4.4501612074e-17 1 -2.1265325052e-05
0.628506220787 0.777804557991 9.52535862306e-17 7.08816912966 -0.777804557991 0.628506220787 -4.54948667616e-17 15.0386810595 -9.52535862306e-17 -4.54948667616e-17 1 -2.17328574479e-05
0.620326757977 0.784343491933 9.60543746828e-17 7.2443198714 -0.784343491933 0.620326757977 -4.64965620566e-17 15.1636473906 -9.60543746828e-17 -4.64965620566e-17 1 -2.22061559993e-05
0.612079269346 0.790796413773 9.68446296904e-17 7.40177066689 -0.790796413773 0.612079269346 -4.75065881118e-17 15.2869716969 -9.68446296904e-17 -4.75065881118e-17 1 -2.26819110987e-05
0.603764659327 0.797162615875 9.76242645931e-17 7.56050425743 -0.797162615875 0.603764659327 -4.85248341665e-17 15.4086404523 -9.76242645931e-17 -4.85248341665e-17 1 -2.31613418533e-05
0.595383839708 0.803441400112 9.8393193895e-17 7.7205032291 -0.803441400112 0.595383839708 -4.95511885584e-17 15.5286403143 -9.8393193895e-17 -4.95511885584e-17 1 -2.3645388235e-05
0.586937729543 0.809632077946 9.91513332744e-17 7.88175003978 -0.809632077946 0.586937729543 -5.05855387364e-17 15.6469581251 -9.91513332744e-17 -5.05855387364e-17 1 -2.41321016592e-05
0.578427255041 0.815733970499 9.98985995927e-17 8.04422700359 -0.815733970499 0.578427255041 -5.16277712722e-17 15.7635809095 -9.98985995927e-17 -5.16277712722e-17 1 -2.46238303099e-05
0.569853349472 0.82174640863 1.00634910904e-16 8.20791630803 -0.82174640863 0.569853349472 -5.26777718733e-17 15.8784958789 -1.00634910904e-16 -5.26777718733e-17 1 -2.51177634327e-05
0.561216953062 0.827668733006 1.01360186463e-16 8.37279999817 -0.827668733006 0.561216953062 -5.37354253953e-17 15.9916904285 -1.01360186463e-16 -5.37354253953e-17 1 -2.56160640459e-05
0.552519012888 0.833500294179 1.02074346735e-16 8.53885999669 -0.833500294179 0.552519012888 -5.48006158546e-17 16.1031521507 -1.02074346735e-16 -5.48006158546e-17 1 -2.61176971996e-05
0.543760482779 0.839240452652 1.02777313406e-16 8.70607809013 -0.839240452652 0.543760482779 -5.58732264409e-17 16.2128688183 -1.02777313406e-16 -5.58732264409e-17 1 -2.66219263585e-05
0.534942323205 0.844888578952 1.03469009385e-16 8.87443594297 -0.844888578952 0.534942323205 -5.69531395306e-17 16.3208284014 -1.03469009385e-16 -5.69531395306e-17 1 -2.71309515787e-05
0.526065501177 0.850444053699 1.04149358822e-16 9.04391509194 -0.850444053699 0.526065501177 -5.80402366989e-17 16.4270190602 -1.04149358822e-16 -5.80402366989e-17 1 -2.76418072165e-05
0.517130990138 0.855906267671 1.04818287107e-16 9.21449695174 -0.855906267671 0.517130990138 -5.91343987335e-17 16.5314291514 -1.04818287107e-16 -5.91343987335e-17 1 -2.81560859454e-05
0.508139769859 0.861274621876 1.05475720887e-16 9.38616281757 -0.861274621876 0.508139769859 -6.0235505647e-17 16.6340472235 -1.05475720887e-16 -6.0235505647e-17 1 -2.86751364467e-05
0.499092826328 0.866548527613 1.06121588065e-16 9.55889386261 -0.866548527613 0.499092826328 -6.13434366907e-17 16.7348620238 -1.06121588065e-16 -6.13434366907e-17 1 -2.91956781604e-05
0.489991151644 0.871727406538 1.06755817815e-16 9.73267114562 -0.871727406538 0.489991151644 -6.24580703676e-17 16.8338624971 -1.06755817815e-16 -6.24580703676e-17 1 -2.9719841951e-05
0.480835743909 0.876810690731 1.07378340586e-16 9.90747561132 -0.876810690731 0.480835743909 -6.35792844453e-17 16.9310377865 -1.07378340586e-16 -6.35792844453e-17 1 -3.02465253741e-05
0.471627607116 0.88179782275 1.07989088113e-16 10.0832880896 -0.88179782275 0.471627607116 -6.47069559703e-17 17.0263772376 -1.07989088113e-16 -6.47069559703e-17 1 -3.07770269439e-05
0.462367751041 0.886688255701 1.08587993419e-16 10.2600892999 -0.886688255701 0.462367751041 -6.58409612806e-17 17.119870393 -1.08587993419e-16 -6.58409612806e-17 1 -3.13101379739e-05
0.453057191132 0.891481453292 1.09174990827e-16 10.4378598547 -0.891481453292 0.453057191132 -6.69811760197e-17 17.2115070002 -1.09174990827e-16 -6.69811760197e-17 1 -3.18457885715e-05
0.443696948396 0.896176889896 1.09750015968e-16 10.6165802592 -0.896176889896 0.443696948396 -6.81274751503e-17 17.3012770126 -1.09750015968e-16 -6.81274751503e-17 1 -3.23847445634e-05
0.43428804929 0.900774050605 1.10313005783e-16 10.7962309157 -0.900774050605 0.43428804929 -6.92797329677e-17 17.3891705833 -1.10313005783e-16 -6.92797329677e-17 1 -3.29253280791e-05
0.424831525605 0.905272431289 1.10863898533e-16 10.9767921224 -0.905272431289 0.424831525605 -7.04378231138e-17 17.4751780764 -1.10863898533e-16 -7.04378231138e-17 1 -3.34695671134e-05
0.415328414356 0.909671538649 1.11402633808e-16 11.1582440794 -0.909671538649 0.415328414356 -7.16016185911e-17 17.5592900582 -1.11402633808e-16 -7.16016185911e-17 1 -3.40169684989e-05
0.405779757666 0.913970890274 1.11929152529e-16 11.3405668872 -0.913970890274 0.405779757666 -7.27709917763e-17 17.6414973052 -1.11929152529e-16 -7.27709917763e-17 1 -3.45655762697e-05
0.396186602653 0.918170014691 1.12443396956e-16 11.5237405544 -0.918170014691 0.396186602653 -7.39458144343e-17 17.721790803 -1.12443396956e-16 -7.39458144343e-17 1 -3.51163642804e-05
0.386550001315 0.92226845142 1.12945310699e-16 11.7077449933 -0.92226845142 0.386550001315 -7.51259577327e-17 17.8001617471 -1.12945310699e-16 -7.51259577327e-17 1 -3.5670648594e-05
0.376871010412 0.926265751019 1.13434838715e-16 11.8925600249 -0.926265751019 0.376871010412 -7.63112922555e-17 17.8766015427 -1.13434838715e-16 -7.63112922555e-17 1 -3.62269777661e-05
0.367150691357 0.930161475141 1.13911927322e-16 12.0781653823 -0.930161475141 0.367150691357 -7.75016880173e-17 17.9511018072 -1.13911927322e-16 -7.75016880173e-17 1 -3.67843976825e-05
0.35739011009 0.933955196575 1.14376524203e-16 12.2645407119 -0.933955196575 0.35739011009 -7.86970144778e-17 18.0236543701 -1.14376524203e-16 -7.86970144778e-17 1 -3.73458854952e-05
0.347590336971 0.937646499297 1.1482857841e-16 12.4516655762 -0.937646499297 0.347590336971 -7.98971405561e-17 18.0942512764 -1.1482857841e-16 -7.98971405561e-17 1 -3.7908167819e-05
0.337752446654 0.941234978514 1.15268040368e-16 12.6395194552 -0.941234978514 0.337752446654 -8.11019346448e-17 18.1628847845 -1.15268040368e-16 -8.11019346448e-17 1 -3.84741377815e-05
0.327877517976 0.944720240709 1.15694861887e-16 12.8280817484 -0.944720240709 0.327877517976 -8.23112646246e-17 18.2295473677 -1.15694861887e-16 -8.23112646246e-17 1 -3.90408680175e-05
0.317966633832 0.948101903684 1.16108996161e-16 13.0173317753 -0.948101903684 0.317966633832 -8.35249978789e-17 18.2942317157 -1.16108996161e-16 -8.35249978789e-17 1 -3.96097645137e-05
0.308020881065 0.951379596601 1.16510397775e-16 13.2072487864 -0.951379596601 0.308020881065 -8.47430013081e-17 18.3569307342 -1.16510397775e-16 -8.47430013081e-17 1 -4.01801920855e-05
0.298041350336 0.954552960024 1.16899022711e-16 13.3978119528 -0.954552960024 0.298041350336 -8.59651413445e-17 18.4176375492 -1.16899022711e-16 -8.59651413445e-17 1 -4.07531838302e-05
0.288029136015 0.957621645958 1.17274828352e-16 13.5890003803 -0.957621645958 0.288029136015 -8.71912839666e-17 18.476345503 -1.17274828352e-16 -8.71912839666e-17 1 -4.1328845688e-05
0.277985336053 0.960585317887 1.17637773486e-16 13.780793098 -0.960585317887 0.277985336053 -8.8421294714e-17 18.533048157 -1.17637773486e-16 -8.8421294714e-17 1 -4.19039383459e-05
0.267911051867 0.963443650811 1.17987818312e-16 13.9731690793 -0.963443650811 0.267911051867 -8.96550387023e-17 18.5877392941 -1.17987818312e-16 -8.96550387023e-17 1 -4.24824890697e-05
0.257807388214 0.966196331282 1.18324924445e-16 14.1661072226 -0.966196331282 0.257807388214 -9.08923806374e-17 18.6404129161 -1.18324924445e-16 -9.08923806374e-17 1 -4.30612452131e-05
0.247675453076 0.968843057437 1.18649054917e-16 14.3595863747 -0.968843057437 0.247675453076 -9.2133184831e-17 18.691063247 -1.18649054917e-16 -9.2133184831e-17 1 -4.36425848083e-05
0.237516357534 0.971383539033 1.18960174182e-16 14.5535853165 -0.971383539033 0.237516357534 -9.33773152148e-17 18.7396847322 -1.18960174182e-16 -9.33773152148e-17 1 -4.42251457144e-05
0.227331215647 0.973817497477 1.19258248124e-16 14.7480827731 -0.973817497477 0.227331215647 -9.46246353559e-17 18.7862720406 -1.19258248124e-16 -9.46246353559e-17 1 -4.4809967191e-05
0.21712114433 0.976144665859 1.19543244055e-16 14.9430574174 -0.976144665859 0.21712114433 -9.58750084717e-17 18.8308200625 -1.19543244055e-16 -9.58750084717e-17 1 -4.53944467402e-05
0.206887263233 0.978364788978 1.19815130722e-16 15.1384878656 -0.978364788978 0.206887263233 -9.71282974445e-17 18.8733239134 -1.19815130722e-16 -9.71282974445e-17 1 -4.59800475259e-05
0.196630694615 0.980477623373 1.2007387831e-16 15.334352691 -0.980477623373 0.196630694615 -9.83843648372e-17 18.9137789315 -1.2007387831e-16 -9.83843648372e-17 1 -4.6568673552e-05
0.186352563227 0.982482937347 1.20319458444e-16 15.5306304123 -0.982482937347 0.186352563227 -9.96430729079e-17 18.9521806824 -1.20319458444e-16 -9.96430729079e-17 1 -4.71576920749e-05
0.17605399618 0.984380510996 1.20551844193e-16 15.7272995043 -0.984380510996 0.17605399618 -1.00904283625e-16 18.9885249529 -1.20551844193e-16 -1.00904283625e-16 1 -4.77474213589e-05
0.165736122828 0.986170136229 1.20771010075e-16 15.9243384036 -0.986170136229 0.165736122828 -1.02167858682e-16 19.0228077574 -1.20771010075e-16 -1.02167858682e-16 1 -4.83388816583e-05
0.155400074643 0.987851616793 1.20976932054e-16 16.1217255003 -0.987851616793 0.155400074643 -1.03433659515e-16 19.0550253377 -1.20976932054e-16 -1.03433659515e-16 1 -4.89303403324e-05
0.145046985088 0.989424768296 1.21169587549e-16 16.3194391472 -0.989424768296 0.145046985088 -1.04701547313e-16 19.0851741607 -1.21169587549e-16 -1.04701547313e-16 1 -4.95239113736e-05
0.134677989497 0.990889418222 1.21348955433e-16 16.517457667 -0.990889418222 0.134677989497 -1.05971383039e-16 19.1132509196 -1.21348955433e-16 -1.05971383039e-16 1 -5.01176721208e-05
0.124294224947 0.992245405958 1.21515016038e-16 16.7157593407 -0.992245405958 0.124294224947 -1.07243027441e-16 19.1392525345 -1.21515016038e-16 -1.07243027441e-16 1 -5.07115936141e-05
0.113896830134 0.993492582803 1.21667751151e-16 16.9143224261 -0.993492582803 0.113896830134 -1.08516341069e-16 19.1631761571 -1.21667751151e-16 -1.08516341069e-16 1 -5.13072091675e-05
0.10348694525 0.994630811991 1.21807144024e-16 17.1131251448 -0.994630811991 0.10348694525 -1.09791184289e-16 19.1850191609 -1.21807144024e-16 -1.09791184289e-16 1 -5.19025934214e-05
0.0930657118571 0.995659968702 1.21933179371e-16 17.3121456992 -0.995659968702 0.0930657118571 -1.11067417301e-16 19.2047791523 -1.21933179371e-16 -1.11067417301e-16 1 -5.2500260221e-05
0.0826342727596 0.996579940078 1.22045843371e-16 17.5113622605 -0.996579940078 0.0826342727596 -1.12344900151e-16 19.2224539637 -1.22045843371e-16 -1.12344900151e-16 1 -5.30968745576e-05
0.0721937718829 0.997390625232 1.22145123669e-16 17.7107529892 -0.997390625232 0.0721937718829 -1.13623492749e-16 19.2380416567 -1.22145123669e-16 -1.13623492749e-16 1 -5.36925883097e-05
0.0617453541456 0.998091935265 1.22231009378e-16 17.9102960151 -0.998091935265 0.0617453541456 -1.14903054883e-16 19.2515405224 -1.22231009378e-16 -1.14903054883e-16 1 -5.4289496342e-05
0.0512901653344 0.99868379327 1.22303491079e-16 18.1099694561 -0.99868379327 0.0512901653344 -1.16183446234e-16 19.2629490804 -1.22303491079e-16 -1.16183446234e-16 1 -5.48879342634e-05
0.0408293519786 0.999166134343 1.22362560824e-16 18.3097514142 -0.999166134343 0.0408293519786 -1.17464526394e-16 19.2722660801 -1.22362560824e-16 -1.17464526394e-16 1 -5.54862458308e-05
0.0303640612242 0.999538905589 1.22408212135e-16 18.5096199881 -0.999538905589 0.0303640612242 -1.18746154876e-16 19.2794904982 -1.22408212135e-16 -1.18746154876e-16 1 -5.60849639566e-05
0.0198954407084 0.999802066131 1.22440440007e-16 18.7095532524 -0.999802066131 0.0198954407084 -1.20028191137e-16 19.2846215451 -1.22440440007e-16 -1.20028191137e-16 1 -5.66830884985e-05
0.00942463843322 0.999955587109 1.22459240904e-16 18.9095292865 -0.999955587109 0.00942463843322 -1.21310494586e-16 19.2876586562 -1.22459240904e-16 -1.21310494586e-16 1 -5.72814908306e-05
-0.00104719735972 0.999999451689 1.22464612766e-16 19.1095261577 -0.999999451689 -0.00104719735972 -1.22592924604e-16 19.2886014974 -1.22464612766e-16 -1.22592924604e-16 1 -5.78785427656e-05
-0.0115189183157 0.99993365506 1.22456555003e-16 19.3095219389 -0.99993365506 -0.0115189183157 -1.23875340559e-16 19.2874499681 -1.22456555003e-16 -1.23875340559e-16 1 -5.84788247835e-05
-0.0219893760924 0.999758204437 1.22435068499e-16 19.5094946936 -0.999758204437 -0.0219893760924 -1.25157601819e-16 19.2842041923 -1.22435068499e-16 -1.25157601819e-16 1 -5.90758359564e-05
-0.0324574224863 0.999473119061 1.22400155609e-16 19.7094224954 -0.999473119061 -0.0324574224863 -1.2643956777e-16 19.2788645274 -1.22400155609e-16 -1.2643956777e-16 1 -5.96729505453e-05
-0.042921909558 0.999078430194 1.22351820163e-16 19.9092834214 -0.999078430194 -0.042921909558 -1.2772109783e-16 19.271431559 -1.22351820163e-16 -1.2772109783e-16 1 -6.02715786968e-05
-0.0533816897587 0.99857418112 1.22290067462e-16 20.1090555504 -0.99857418112 -0.0533816897587 -1.29002051464e-16 19.2619061008 -1.22290067462e-16 -1.29002051464e-16 1 -6.08690158472e-05
-0.0638356160555 0.997960427133 1.22214904276e-16 20.3087169772 -0.997960427133 -0.0638356160555 -1.30282288202e-16 19.2502891988 -1.22214904276e-16 -1.30282288202e-16 1 -6.14651484856e-05
-0.0742825420577 0.997237235539 1.22126338849e-16 20.5082458079 -0.997237235539 -0.0742825420577 -1.31561667651e-16 19.2365821262 -1.22126338849e-16 -1.31561667651e-16 1 -6.20622423035e-05
-0.084721322142 0.996404685645 1.22024380893e-16 20.7076201612 -0.996404685645 -0.084721322142 -1.32840049513e-16 19.2207863844 -1.22024380893e-16 -1.32840049513e-16 1 -6.26572282485e-05
-0.0951508115786 0.995462868748 1.21909041588e-16 20.9068181731 -0.995462868748 -0.0951508115786 -1.34117293598e-16 19.2029037096 -1.21909041588e-16 -1.34117293598e-16 1 -6.32534431695e-05
-0.105569866657 0.99441188813 1.21780333583e-16 21.1058180018 -0.99441188813 -0.105569866657 -1.35393259843e-16 19.1829360603 -1.21780333583e-16 -1.35393259843e-16 1 -6.38472526369e-05
-0.115977344809 0.993251859042 1.21638270992e-16 21.3045978184 -0.993251859042 -0.115977344809 -1.36667808324e-16 19.1608856254 -1.21638270992e-16 -1.36667808324e-16 1 -6.44407227632e-05
-0.126372104738 0.991982908695 1.21482869394e-16 21.5031358323 -0.991982908695 -0.126372104738 -1.37940799272e-16 19.1367548247 -1.21482869394e-16 -1.37940799272e-16 1 -6.50344063615e-05
-0.136753006543 0.990605176244 1.21314145831e-16 21.7014102687 -0.990605176244 -0.136753006543 -1.39212093088e-16 19.1105463038 -1.21314145831e-16 -1.39212093088e-16 1 -6.56251853286e-05
-0.147118911839 0.989118812772 1.21132118804e-16 21.8993993825 -0.989118812772 -0.147118911839 -1.40481550362e-16 19.0822629364 -1.21132118804e-16 -1.40481550362e-16 1 -6.6218532595e-05
-0.157468683888 0.987523981276 1.20936808275e-16 22.0970814614 -0.987523981276 -0.157468683888 -1.41749031884e-16 19.0519078254 -1.20936808275e-16 -1.41749031884e-16 1 -6.68064065845e-05
-0.167801187722 0.985820856646 1.20728235662e-16 22.2944348329 -0.985820856646 -0.167801187722 -1.43014398658e-16 19.019484298 -1.20728235662e-16 -1.43014398658e-16 1 -6.73973312448e-05
-0.178115290264 0.984009625651 1.20506423838e-16 22.491437852 -0.984009625651 -0.178115290264 -1.44277511925e-16 18.9849959098 -1.20506423838e-16 -1.44277511925e-16 1 -6.79844756668e-05
-0.188409860458 0.982090486912 1.20271397127e-16 22.6880689153 -0.982090486912 -0.188409860458 -1.45538233168e-16 18.9484464433 -1.20271397127e-16 -1.45538233168e-16 1 -6.85707842667e-05
-0.198683769387 0.980063650883 1.20023181301e-16 22.8843064592 -0.980063650883 -0.198683769387 -1.46796424137e-16 18.9098399069 -1.20023181301e-16 -1.46796424137e-16 1 -6.91557345931e-05
-0.208935890402 0.977929339831 1.19761803582e-16 23.0801289636 -0.977929339831 -0.208935890402 -1.48051946856e-16 18.8691805334 -1.19761803582e-16 -1.48051946856e-16 1 -6.97404351033e-05
-0.219165099243 0.975687787806 1.1948729263e-16 23.2755149554 -0.975687787806 -0.219165099243 -1.49304663642e-16 18.8264727825 -1.1948729263e-16 -1.49304663642e-16 1 -7.03231337056e-05
-0.22937027416 0.973339240621 1.19199678551e-16 23.4704430114 -0.973339240621 -0.22937027416 -1.50554437122e-16 18.781721337 -1.19199678551e-16 -1.50554437122e-16 1 -7.09038853142e-05
-0.239550296042 0.970883955819 1.18898992884e-16 23.6648917492 -0.970883955819 -0.239550296042 -1.51801130243e-16 18.7349311052 -1.18898992884e-16 -1.51801130243e-16 1 -7.14836919613e-05
-0.249704048534 0.96832220265 1.18585268602e-16 23.8588398508 -0.96832220265 -0.249704048534 -1.53044606292e-16 18.6861072162 -1.18585268602e-16 -1.53044606292e-16 1 -7.20622244064e-05
-0.259830418164 0.96565426204 1.18258540109e-16 24.0522660453 -0.96565426204 -0.259830418164 -1.54284728907e-16 18.6352550259 -1.18258540109e-16 -1.54284728907e-16 1 -7.26387960448e-05
-0.26992829446 0.962880426559 1.17918843235e-16 24.245149123 -0.962880426559 -0.26992829446 -1.55521362096e-16 18.5823801101 -1.17918843235e-16 -1.55521362096e-16 1 -7.32137582151e-05
-0.279996570077 0.960001000387 1.1756621523e-16 24.4374679318 -0.960001000387 -0.279996570077 -1.56754370246e-16 18.5274882665 -1.1756621523e-16 -1.56754370246e-16 1 -7.37859055828e-05
-0.290034140915 0.957016299288 1.17200694766e-16 24.6292013778 -0.957016299288 -0.290034140915 -1.57983618146e-16 18.4705855157 -1.17200694766e-16 -1.57983618146e-16 1 -7.43565447578e-05
-0.300039906241 0.953926650567 1.16822321924e-16 24.8203284418 -0.953926650567 -0.300039906241 -1.59208970994e-16 18.4116780985 -1.16822321924e-16 -1.59208970994e-16 1 -7.49260527773e-05
-0.31001276881 0.95073239304 1.16431138198e-16 25.0108281605 -0.95073239304 -0.31001276881 -1.60430294417e-16 18.3507724719 -1.16431138198e-16 -1.60430294417e-16 1 -7.54941098631e-05
-0.319951634986 0.947433876991 1.16027186486e-16 25.2006796435 -0.947433876991 -0.319951634986 -1.61647454481e-16 18.2878753172 -1.16027186486e-16 -1.61647454481e-16 1 -7.60584798165e-05
-0.329855414859 0.944031464141 1.15610511085e-16 25.3898620758 -0.944031464141 -0.329855414859 -1.62860317714e-16 18.2229935294 -1.15610511085e-16 -1.62860317714e-16 1 -7.66220040109e-05
-0.339723022369 0.940525527603 1.1518115769e-16 25.5783547061 -0.940525527603 -0.339723022369 -1.64068751109e-16 18.1561342264 -1.1518115769e-16 -1.64068751109e-16 1 -7.71826530155e-05
-0.349553375421 0.936916451842 1.14739173382e-16 25.7661368642 -0.936916451842 -0.349553375421 -1.65272622149e-16 18.0873047381 -1.14739173382e-16 -1.65272622149e-16 1 -7.77420856277e-05
-0.359345396006 0.933204632634 1.1428460663e-16 25.9531879627 -0.933204632634 -0.359345396006 -1.66471798815e-16 18.0165126138 -1.1428460663e-16 -1.66471798815e-16 1 -7.82985488463e-05
-0.369098010319 0.929390477022 1.13817507284e-16 26.1394874854 -0.929390477022 -0.369098010319 -1.67666149606e-16 17.9437656153 -1.13817507284e-16 -1.67666149606e-16 1 -7.88520530879e-05
-0.378810148876 0.92547440327 1.13337926566e-16 26.3250150035 -0.92547440327 -0.378810148876 -1.68855543545e-16 17.8690717202 -1.13337926566e-16 -1.68855543545e-16 1 -7.94043933894e-05
-0.388480746631 0.921456840822 1.12845917066e-16 26.5097501739 -0.921456840822 -0.388480746631 -1.70039850204e-16 17.7924391208 -1.12845917066e-16 -1.70039850204e-16 1 -7.99539595482e-05
-0.398108743095 0.917338230246 1.12341532741e-16 26.6936727362 -0.917338230246 -0.398108743095 -1.71218939709e-16 17.7138762189 -1.12341532741e-16 -1.71218939709e-16 1 -8.05009678713e-05
-0.407693082449 0.913119023197 1.118248289e-16 26.8767625203 -0.913119023197 -0.407693082449 -1.7239268276e-16 17.6333916302 -1.118248289e-16 -1.7239268276e-16 1 -8.10443235357e-05
-0.417232713662 0.908799682356 1.11295862206e-16 27.05899945 -0.908799682356 -0.417232713662 -1.73560950643e-16 17.5509941817 -1.11295862206e-16 -1.73560950643e-16 1 -8.15862318273e-05
-0.426726590606 0.904380681389 1.10754690667e-16 27.2403635404 -0.904380681389 -0.426726590606 -1.74723615244e-16 17.4666929082 -1.10754690667e-16 -1.74723615244e-16 1 -8.21245614224e-05
-0.43617367217 0.899862504889 1.10201373629e-16 27.4208349049 -0.899862504889 -0.43617367217 -1.75880549064e-16 17.3804970549 -1.10201373629e-16 -1.75880549064e-16 1 -8.26614469984e-05
-0.445572922377 0.895245648325 1.09635971767e-16 27.6003937491 -0.895245648325 -0.445572922377 -1.77031625232e-16 17.292416075 -1.09635971767e-16 -1.77031625232e-16 1 -8.31956173792e-05
-0.454923310491 0.890530617987 1.09058547086e-16 27.7790203842 -0.890530617987 -0.454923310491 -1.7817671752e-16 17.2024596245 -1.09058547086e-16 -1.7817671752e-16 1 -8.37258923436e-05
-0.464223811138 0.885717930931 1.08469162906e-16 27.956695224 -0.885717930931 -0.464223811138 -1.79315700355e-16 17.1106375697 -1.08469162906e-16 -1.79315700355e-16 1 -8.42529389375e-05
-0.473473404412 0.880808114923 1.0786788386e-16 28.1333987831 -0.880808114923 -0.473473404412 -1.80448448834e-16 17.0169599811 -1.0786788386e-16 -1.80448448834e-16 1 -8.47778256166e-05
-0.482671075992 0.875801708379 1.07254775885e-16 28.309111682 -0.875801708379 -0.482671075992 -1.8157483874e-16 16.9214371298 -1.07254775885e-16 -1.8157483874e-16 1 -8.52991660807e-05
