0.999999999999 -9.999995e-07 1.0000005e-06 9.98727789704e-07 1.0000005e-06 0.999999999999 -9.999995e-07 9.99819357029e-07 -9.999995e-07 1.0000005e-06 0.999999999999 1.00028908918e-06
1 -2.70811126152e-11 1.29348336003e-11 8.24677058341e-13 2.70811123908e-11 1 1.73436221488e-08 9.083314359e-08 -1.293483407e-11 -1.73436221488e-08 1 8.67396346484e-13
1 -3.20752141271e-09 2.00656306796e-11 -3.29980972679e-07 3.20752141328e-09 1 -2.87729680739e-08 0.263228677536 -2.00655383897e-11 2.87729680739e-08 1 3.20969353636e-07
1 -3.40283190251e-09 -5.07369542716e-08 -1.72472421064e-07 3.40724207422e-09 0.999999996222 8.69225326659e-05 0.497960708 5.07366582971e-08 -8.6922532666e-05 0.999999996222 6.11136288466e-06
1 -1.70102397825e-08 7.59571157659e-09 -1.07684846082e-07 1.70091552661e-08 0.99999998981 0.000142757260105 0.733000122329 -7.59813983441e-09 -0.000142757260105 0.99999998981 -1.50341540479e-06
1 -9.86146442235e-09 1.3573625923e-07 -7.89076395055e-08 9.83398207421e-09 0.999999979504 0.000202467241704 0.974112826554 -1.35738253071e-07 -0.000202467241703 0.999999979503 -1.09372070524e-05
1 9.1527660775e-09 3.01332076415e-07 -6.39543581804e-08 -9.23467908162e-09 0.999999963052 0.000271837446812 1.22324924089 -3.01329577217e-07 -0.000271837446814 0.999999963052 -2.33315882296e-05
1 3.2079327522e-08 4.83025004424e-07 -5.43644117878e-08 -3.22446358911e-08 0.999999941436 0.000342239524257 1.48124918115 -4.83013997322e-07 -0.000342239524272 0.999999941436 -3.99238701754e-05
1 5.40539183079e-08 6.66227124921e-07 -4.64653701614e-08 -5.43232583207e-08 0.999999918278 0.00040428319429 1.74853458739 -6.66205217384e-07 -0.000404283194326 0.999999918277 -6.0252594648e-05
1 7.1877633101e-08 8.41067220929e-07 -3.91210534685e-08 -7.22577808045e-08 0.999999897852 0.000451991275046 2.02534219693 -8.41034646952e-07 -0.000451991275107 0.999999897852 -8.27732503915e-05
0.999999999999 8.38126579002e-08 1.00118248265e-06 -3.19358541482e-08 -8.42961676811e-08 0.99999988338 0.000482948476804 2.31181624494 -1.0011418887e-06 -0.000482948476889 0.99999988338 -0.00010562959175
0.999999999999 8.88641812497e-08 1.14290457983e-06 -2.51387884967e-08 -8.94325711074e-08 0.999999876331 0.000497330098597 2.60805024771 -1.14286024366e-06 -0.000497330098699 0.999999876331 -0.00012713441922
0.999999999999 8.67591067214e-08 1.26457311765e-06 -1.90275289326e-08 -8.73874456629e-08 0.999999876552 0.000496886769852 2.914107751 -1.26452985209e-06 -0.000496886769962 0.999999876551 -0.000145990980402
0.999999999999 7.76160259872e-08 1.36599916658e-06 -1.40372507527e-08 -7.82773855156e-08 0.999999882792 0.000484164735726 3.23003348155 -1.36596142753e-06 -0.000484164735833 0.999999882791 -0.000161348054325
0.999999999999 6.1894986688e-08 1.44802389428e-06 -1.05783521561e-08 -6.25639346013e-08 0.999999893288 0.000461977541071 3.55585975774 -1.44799514567e-06 -0.000461977541161 0.999999893287 -0.000172772616789
0.999999999999 4.01082066165e-08 1.51218073197e-06 -9.31639698059e-09 -4.07630838085e-08 0.999999906225 0.000433070557819 3.89161039172 -1.51216322048e-06 -0.00043307055788 0.999999906224 -0.000180181299092
0.999999999999 1.33170970193e-08 1.56039548109e-06 -1.02704020541e-08 -1.39411344877e-08 0.999999920031 0.000399923314929 4.23730318264 -1.56039003049e-06 -0.000399923314951 0.999999920029 -0.000183758340995
0.999999999999 -1.75012105016e-08 1.59479974884e-06 -1.35863765382e-08 1.69196664715e-08 0.999999933515 0.000364649459537 4.59295157692 -1.59480602462e-06 -0.000364649459509 0.999999933514 -0.000183880300668
0.999999999999 -5.13916685823e-08 1.61757072255e-06 -1.94331161188e-08 5.08595542615e-08 0.999999945894 0.000328957202782 4.95856581275 -1.61758754068e-06 -0.000328957202699 0.999999945892 -0.000181041692715
0.999999999999 -8.72372135918e-08 1.63080387482e-06 -2.762584417e-08 8.67575010018e-08 0.999999956736 0.000294154817305 5.33415372978 -1.63082946551e-06 -0.000294154817163 0.999999956735 -0.000175795782138
0.999999999999 -1.23969751453e-07 1.63643582477e-06 -3.78631401331e-08 1.23542338225e-07 0.999999965892 0.000261182866465 5.71972135539 -1.63646814773e-06 -0.000261182866262 0.99999996589 -0.000168706821332
0.999999999999 -1.60669041852e-07 1.63619695196e-06 -4.98647802665e-08 1.60291628574e-07 0.999999973397 0.000230662331561 6.11527333671 -1.63623396873e-06 -0.000230662331298 0.999999973396 -0.000160314977148
0.999999999999 -1.96516743057e-07 1.63158387711e-06 -6.32828489883e-08 1.96185610263e-07 0.999999979406 0.0002029492639 6.52081326177 -1.63162372644e-06 -0.00020294926358 0.999999979404 -0.000151111192566
0.999999999999 -2.30868567911e-07 1.62385299006e-06 -7.78185983073e-08 2.30579208953e-07 0.999999984124 0.000178190571633 6.93634390398 -1.62389410288e-06 -0.000178190571259 0.999999984123 -0.000141522713174
0.999999999999 -2.63120963111e-07 1.61402604092e-06 -9.29749830687e-08 2.62868565173e-07 0.999999987773 0.000156375866972 7.36186740635 -1.61406716695e-06 -0.000156375866547 0.999999987772 -0.000131905557764
0.999999999999 -2.92828515446e-07 1.60290884058e-06 -1.08250045393e-07 2.92608298874e-07 0.999999990563 0.000137383863094 7.79738542374 -1.60294905536e-06 -0.000137383862624 0.999999990562 -0.000122544954808
0.999999999999 -3.19840956916e-07 1.59111798271e-06 -1.23445609408e-07 3.19648395708e-07 0.999999992677 0.000121021111209 8.24289923263 -1.59115667856e-06 -0.000121021110701 0.999999992676 -0.000113660030769
0.999999999999 -3.44078813134e-07 1.57910783639e-06 -1.38312230366e-07 3.4390976592e-07 0.99999999427 0.000107051107207 8.6984098156 -1.57914466136e-06 -0.000107051106664 0.999999994269 -0.000105406476578
0.999999999999 -3.65477732095e-07 1.56719570435e-06 -1.52443774102e-07 3.65328502321e-07 0.999999995467 9.52198358308e-05 9.16391792841 -1.56723049797e-06 -9.52198352581e-05 0.999999995465 -9.78901597015e-05
0.999999999999 -3.84211643678e-07 1.5555874349e-06 -1.65749084273e-07 3.84078995744e-07 0.999999996364 8.52710265589e-05 9.63942415044 -1.55562019137e-06 -8.52710259614e-05 0.999999996363 -9.11718303393e-05
0.999999999999 -4.005919173e-07 1.54440479343e-06 -1.78353323344e-07 4.00473062018e-07 0.999999997039 7.69578657396e-05 10.1249289253 -1.54443561756e-06 -7.6957865121e-05 0.999999997038 -8.5275952868e-05
0.999999999999 -4.14700747831e-07 1.53370861371e-06 -1.8987724833e-07 4.14593308803e-07 0.999999997546 7.00511232172e-05 10.6204325924 -1.5337376602e-06 -7.00511225812e-05 0.999999997545 -8.02009657762e-05
0.999999999999 -4.26913365833e-07 1.5235064667e-06 -2.00492088963e-07 4.26815339351e-07 0.99999999793 6.43420960123e-05 11.1259354101 -1.52353393205e-06 -6.43420953619e-05 0.999999997929 -7.59234778418e-05
0.999999999999 -4.37540603329e-07 1.51377912324e-06 -2.10287294658e-07 4.37450313509e-07 0.999999998221 5.96447925684e-05 11.6414375758 -1.51380521757e-06 -5.96447919061e-05 0.99999999822 -7.24056299935e-05
0.999999999999 -4.46841812396e-07 1.5044882729e-06 -2.19293284808e-07 4.4675786718e-07 0.999999998443 5.5796062143e-05 12.1669392401 -1.50451320257e-06 -5.57960614708e-05 0.999999998442 -6.96003781734e-05
0.999999999999 -4.55133041061e-07 1.4955828839e-06 -2.27724772419e-07 4.55054291818e-07 0.999999998614 5.2654128023e-05 12.7024405181 -1.49560684646e-06 -5.26541273424e-05 0.999999998613 -6.74542442478e-05
0.999999999999 -4.62574825035e-07 1.48701237408e-06 -2.35543983366e-07 4.62500328831e-07 0.999999998745 5.00975143008e-05 13.247941497 -1.48703554607e-06 -5.0097513613e-05 0.999999998744 -6.59119330013e-05
0.999999999999 -4.69456070121e-07 1.47872148652e-06 -2.43057781646e-07 4.69385057482e-07 0.999999998847 4.80226321753e-05 13.803442244 -1.47874402933e-06 -4.80226314812e-05 0.999999998846 -6.49174712621e-05
0.999999999999 -4.7588496571e-07 1.4706659812e-06 -2.50276808351e-07 4.75816811637e-07 0.999999998926 4.63419730583e-05 14.3689428108 -1.47068803307e-06 -4.63419723585e-05 0.999999998925 -6.44165624952e-05
0.999999999999 -4.81909529987e-07 1.46280655294e-06 -2.57119204442e-07 4.81843728893e-07 0.999999998988 4.49824389528e-05 14.9444432367 -1.46282822892e-06 -4.49824382479e-05 0.999999998987 -6.43588755817e-05
0.999999999999 -4.87735851918e-07 1.45510390749e-06 -2.63902864713e-07 4.87671997689e-07 0.999999999037 4.38826119355e-05 15.5299435528 -1.45512530921e-06 -4.38826112258e-05 0.999999999036 -6.46964030185e-05
0.999999999999 -4.93475677836e-07 1.44753183784e-06 -2.70830637058e-07 4.93413445799e-07 0.999999999076 4.29915112904e-05 16.1254437824 -1.44755305177e-06 -4.29915105761e-05 0.999999999075 -6.53852100806e-05
0.999999999999 -4.98967416125e-07 1.44007958321e-06 -2.77515812743e-07 4.98906547056e-07 0.999999999107 4.22675419113e-05 16.7309439444 -1.44010067205e-06 -4.22675411928e-05 0.999999999106 -6.63872836509e-05
0.999999999999 -5.04426513933e-07 1.4327211439e-06 -2.8441751133e-07 5.04366803137e-07 0.999999999131 4.1676189625e-05 17.3464440537 -1.43274216523e-06 -4.16761889023e-05 0.999999999131 -6.7667775157e-05
0.999999999999 -5.09715203856e-07 1.42545666315e-06 -2.91248308284e-07 5.09656489629e-07 0.999999999152 4.11894633493e-05 17.9719441212 -1.42547765683e-06 -4.11894626228e-05 0.999999999151 -6.9196702308e-05
0.999999999999 -5.14953506488e-07 1.41827285862e-06 -2.98297352388e-07 5.14895662435e-07 0.999999999168 4.07845531705e-05 18.6074441559 -1.41829385959e-06 -4.07845524402e-05 0.999999999167 -7.09478520046e-05
0.999999999999 -5.20075393057e-07 1.41117200298e-06 -3.05460328268e-07 5.20018320299e-07 0.999999999182 4.04432149397e-05 19.2529441653 -1.41119303534e-06 -4.04432142058e-05 0.999999999181 -7.28993829103e-05
0.999999999999 -5.25012925949e-07 1.40415549388e-06 -3.12600412109e-07 5.24956547574e-07 0.999999999194 4.01507898661e-05 19.9084441551 -1.40417657243e-06 -4.01507891289e-05 0.999999999193 -7.50328200591e-05
0.999999999999 -5.29777678922e-07 1.3972209057e-06 -3.19747090081e-07 5.29721935482e-07 0.999999999204 3.98956373392e-05 20.5739441297 -1.39724204041e-06 -3.9895636599e-05 0.999999999203 -7.73329430377e-05
0.999999999999 -5.34424409216e-07 1.3903656734e-06 -3.27045567576e-07 5.34369255129e-07 0.999999999213 3.96684612789e-05 21.2494440929 -1.3903868721e-06 -3.96684605359e-05 0.999999999212 -7.97870178926e-05
0.999999999999 -5.38880884995e-07 1.38359616053e-06 -3.34344893732e-07 5.38826285134e-07 0.999999999221 3.94619786672e-05 21.9349440474 -1.38361742476e-06 -3.94619779216e-05 0.99999999922 -8.23848178391e-05
0.999999999999 -5.43112224462e-07 1.37691378662e-06 -3.4155060651e-07 5.43058151337e-07 0.999999999229 3.92709461299e-05 22.6304439957 -1.37693511409e-06 -3.92709453821e-05 0.999999999228 -8.51198045182e-05
0.999999999999 -5.47197880355e-07 1.37031258856e-06 -3.4884340948e-07 5.47144313234e-07 0.999999999236 3.90908641608e-05 23.3359439394 -1.37033397795e-06 -3.9090863411e-05 0.999999999235 -8.79855186994e-05
0.999999999999 -5.51112008138e-07 1.36379586966e-06 -3.56168411927e-07 5.51058930588e-07 0.999999999243 3.89186782329e-05 24.05144388 -1.36381731718e-06 -3.89186774814e-05 0.999999999242 -9.09785406348e-05
0.999999999999 -5.54828714623e-07 1.35736486642e-06 -3.63455030866e-07 5.54776113738e-07 0.999999999249 3.8751900753e-05 24.7769438186 -1.35738636607e-06 -3.87518999999e-05 0.999999999248 -9.40960267564e-05
0.999999999999 -5.58374791429e-07 1.3510162045e-06 -3.70755496734e-07 5.58322656863e-07 0.999999999255 3.85888420496e-05 25.5124437561 -1.35103775053e-06 -3.85888412953e-05 0.999999999255 -9.73368451348e-05
0.999999999999 -5.61722128214e-07 1.34475142884e-06 -3.77985756339e-07 5.61670451209e-07 0.999999999261 3.84283586815e-05 26.2579436933 -1.34477301391e-06 -3.84283579262e-05 0.999999999261 -0.000100701091902
0.999999999999 -5.64930002263e-07 1.3385642515e-06 -3.85279541468e-07 5.64878775711e-07 0.999999999268 3.82694656508e-05 27.0134436303 -1.33858587009e-06 -3.82694648946e-05 0.999999999267 -0.000104188888193
0.999999999999 -5.67986010967e-07 1.33245581102e-06 -3.92606754596e-07 5.67935228471e-07 0.999999999274 3.81116458315e-05 27.7789435674 -1.33247745694e-06 -3.81116450747e-05 0.999999999273 -0.000107801639621
0.999999999999 -5.70818625893e-07 1.326430825e-06 -3.9976542609e-07 5.7076828107e-07 0.99999999928 3.79547964928e-05 28.5544435056 -1.32645248935e-06 -3.79547957357e-05 0.999999999279 -0.00011154213949
0.999999999999 -5.73467188962e-07 1.3204827268e-06 -4.06813691266e-07 5.73417276023e-07 0.999999999285 3.77986998074e-05 29.3399434447 -1.32050440217e-06 -3.77986990502e-05 0.999999999285 -0.00011541271539
0.999999999999 -5.76017339019e-07 1.31460318973e-06 -4.13957310593e-07 5.75967852935e-07 0.999999999291 3.76430521866e-05 30.1354433848 -1.31462487185e-06 -3.76430514294e-05 0.999999999291 -0.000119415256302
0.999999999999 -5.7837916564e-07 1.30880169304e-06 -4.20958101333e-07 5.78330100768e-07 0.999999999297 3.74880824236e-05 30.9409433259 -1.30882337444e-06 -3.74880816666e-05 0.999999999296 -0.000123553572029
0.999999999999 -5.80625762626e-07 1.30306872356e-06 -4.27984751265e-07 5.80577113529e-07 0.999999999303 3.73339429192e-05 31.756443268 -1.3030903997e-06 -3.73339421626e-05 0.999999999302 -0.000127831303699
0.999999999999 -5.82685675082e-07 1.29741169507e-06 -4.3483394392e-07 5.82637435846e-07 0.999999999309 3.71808225196e-05 32.5819432112 -1.29743335891e-06 -3.71808217637e-05 0.999999999308 -0.000132252359505
0.999999999999 -5.84642219459e-07 1.29182006483e-06 -4.4170147936e-07 5.84594384439e-07 0.999999999314 3.70288564703e-05 33.4174431556 -1.29184171258e-06 -3.7028855715e-05 0.999999999314 -0.000136820556242
0.999999999999 -5.86450878405e-07 1.28629955808e-06 -4.48461371828e-07 5.86403441807e-07 0.99999999932 3.68780340516e-05 34.262943101 -1.28632118436e-06 -3.68780332973e-05 0.999999999319 -0.000141539191726
0.999999999999 -5.88163275669e-07 1.28084363187e-06 -4.55239863087e-07 5.88116231444e-07 0.999999999325 3.6728784069e-05 35.1184430475 -1.28086523353e-06 -3.67287833157e-05 0.999999999325 -0.000146413356696
0.999999999999 -5.89795261741e-07 1.27545156734e-06 -4.62089732901e-07 5.89748603852e-07 0.999999999331 3.65811578137e-05 35.9839429952 -1.27547314188e-06 -3.65811570614e-05 0.99999999933 -0.000151446839422
0.999999999999 -5.91243854376e-07 1.27013539499e-06 -4.68721781083e-07 5.91197576083e-07 0.999999999336 3.64354075965e-05 36.8594429436 -1.27015693635e-06 -3.64354068456e-05 0.999999999335 -0.00015664428301
0.999999999999 -5.92640821433e-07 1.26487735875e-06 -4.75478271855e-07 5.92594916599e-07 0.999999999341 3.62916167815e-05 37.7449428927 -1.26489886581e-06 -3.62916160319e-05 0.999999999341 -0.000162009771768
0.999999999999 -5.93858483674e-07 1.25969501861e-06 -4.82003666112e-07 5.93812945369e-07 0.999999999346 3.61499547645e-05 38.640442843 -1.25971648574e-06 -3.61499540165e-05 0.999999999346 -0.000167547843488
0.999999999999 -5.94958483511e-07 1.25457797093e-06 -4.88429765236e-07 5.94913304971e-07 0.999999999351 3.60106394721e-05 39.545942794 -1.25459939495e-06 -3.60106387257e-05 0.999999999351 -0.000173263305725
0.999999999999 -5.95992283492e-07 1.24952050843e-06 -4.94893021077e-07 5.9594745803e-07 0.999999999356 3.58738242198e-05 40.4614427459 -1.24954188814e-06 -3.58738234752e-05 0.999999999356 -0.000179160857017
0.999999999999 -5.96964186226e-07 1.24452378446e-06 -5.01420484572e-07 5.96919707114e-07 0.999999999361 3.57395594536e-05 41.3869426986 -1.2445451189e-06 -3.57395587107e-05 0.999999999361 -0.000185244850532
0.999999999999 -5.97767827818e-07 1.23960192376e-06 -5.07700740261e-07 5.97723687708e-07 0.999999999366 3.56079885827e-05 42.3224426519 -1.23962320828e-06 -3.56079878417e-05 0.999999999365 -0.000191520066485
0.999999999999 -5.98519302942e-07 1.23473658789e-06 -5.14039408264e-07 5.98475495109e-07 0.99999999937 3.54791922655e-05 43.2679426058 -1.2347578221e-06 -3.54791915265e-05 0.99999999937 -0.000197991107305
0.999999999999 -5.99173757731e-07 1.22993602832e-06 -5.20313329227e-07 5.99130275074e-07 0.999999999375 3.53532885692e-05 44.2234425601 -1.22995721032e-06 -3.53532878323e-05 0.999999999374 -0.000204662800616
0.999999999999 -5.99732945108e-07 1.22519924993e-06 -5.26516055761e-07 5.99689780573e-07 0.999999999379 3.52303214193e-05 45.1889425153 -1.22522037795e-06 -3.52303206845e-05 0.999999999379 -0.000211539751543
0.999999999999 -6.00160731515e-07 1.22053071747e-06 -5.32518408141e-07 6.00117877657e-07 0.999999999383 3.51105369971e-05 46.1644424711 -1.22055178869e-06 -3.51105362646e-05 0.999999999383 -0.000218627501836
0.999999999999 -6.00551804238e-07 1.21591539235e-06 -5.38581137681e-07 6.0050925432e-07 0.999999999388 3.49938421857e-05 47.1499424276 -1.21593640722e-06 -3.49938414555e-05 0.999999999387 -0.000225930248512
0.999999999999 -6.00850754109e-07 1.21136346547e-06 -5.44546997517e-07 6.00808500998e-07 0.999999999392 3.48803209641e-05 48.1454423845 -1.2113844226e-06 -3.48803202363e-05 0.999999999391 -0.000233452933594
0.999999999999 -6.01034816223e-07 1.20687697676e-06 -5.50325179962e-07 6.00992852462e-07 0.999999999395 3.47702366034e-05 49.150942342 -1.20689787415e-06 -3.47702358781e-05 0.999999999395 -0.000241201406093
0.999999999999 -6.01160401261e-07 1.20244590446e-06 -5.56062927397e-07 6.01118720005e-07 0.999999999399 3.46634258702e-05 50.1664422997 -1.20246674202e-06 -3.46634251474e-05 0.999999999399 -0.000249179736706
0.999999999999 -6.01261500475e-07 1.19806615945e-06 -5.61873276911e-07 6.01220095049e-07 0.999999999403 3.45599169717e-05 51.1919422582 -1.19808693828e-06 -3.45599162514e-05 0.999999999402 -0.000257392820551
0.999999999999 -6.01251099889e-07 1.19375268021e-06 -5.67495247435e-07 6.01209962976e-07 0.999999999406 3.44598659138e-05 52.227442217 -1.19377339853e-06 -3.44598651961e-05 0.999999999406 -0.000265846169041
0.999999999999 -6.01244554719e-07 1.18948477082e-06 -5.73277641135e-07 6.01203679746e-07 0.999999999409 3.43632969755e-05 53.2729421764 -1.18950543086e-06 -3.43632962604e-05 0.999999999409 -0.000274544806916
0.999999999999 -6.01135276926e-07 1.18528256707e-06 -5.78908948436e-07 6.01094656691e-07 0.999999999413 3.42702099043e-05 54.3284421362 -1.18530316741e-06 -3.42702091918e-05 0.999999999412 -0.000283493687758
0.999999999999 -6.00946283273e-07 1.1811395413e-06 -5.84435246149e-07 6.0090591073e-07 0.999999999416 3.41807133276e-05 55.3939420966 -1.18116008138e-06 -3.41807126178e-05 0.999999999415 -0.000292698326815
0.999999999999 -6.00655988105e-07 1.17705856143e-06 -5.89762154482e-07 6.00615856062e-07 0.999999999419 3.4094900584e-05 56.4694420576 -1.17707904005e-06 -3.4094899877e-05 0.999999999418 -0.000302164280715
0.999999999999 -6.00370489251e-07 1.17302018007e-06 -5.95212983028e-07 6.00330591405e-07 0.999999999421 3.40126281835e-05 57.5549420189 -1.17304059957e-06 -3.40126274793e-05 0.999999999421 -0.000311896038601
0.999999999999 -6.00014141954e-07 1.16904036318e-06 -6.00567034674e-07 5.99974471382e-07 0.999999999424 3.39340101568e-05 58.6504419806 -1.16906072339e-06 -3.39340094554e-05 0.999999999424 -0.00032189928605
0.999999999999 -5.99571764204e-07 1.16511992514e-06 -6.057559815e-07 5.99532313946e-07 0.999999999427 3.38591020726e-05 59.7559419428 -1.16514022544e-06 -3.3859101374e-05 0.999999999426 -0.000332179544588
0.999999999999 -5.99140922125e-07 1.16124001333e-06 -6.11089254299e-07 5.99101685953e-07 0.999999999429 3.37878726775e-05 60.8714419052 -1.16126025636e-06 -3.37878719817e-05 0.999999999429 -0.000342741968109
0.999999999999 -5.98642755003e-07 1.15741771508e-06 -6.16333828784e-07 5.98603726114e-07 0.999999999431 3.3720365426e-05 61.9969418683 -1.15743790087e-06 -3.37203647332e-05 0.999999999431 -0.000353592130029
0.999999999999 -5.98019798658e-07 1.15366144372e-06 -6.21269915955e-07 5.97980970011e-07 0.999999999433 3.36565884627e-05 63.1324418318 -1.15368157037e-06 -3.36565877728e-05 0.999999999433 -0.000364735469449
0.999999999999 -5.97383275071e-07 1.14994692743e-06 -6.26224739807e-07 5.97344640446e-07 0.999999999435 3.35965842583e-05 64.2779417956 -1.14996699682e-06 -3.35965835714e-05 0.999999999435 -0.000376177652798
0.999999999999 -5.96743959421e-07 1.14627450609e-06 -6.31253452892e-07 5.96705512558e-07 0.999999999437 3.35404187576e-05 65.4334417599 -1.14629452049e-06 -3.35404180736e-05 0.999999999437 -0.000387924556389
0.999999999999 -5.96026329068e-07 1.14265988346e-06 -6.36113333227e-07 5.95988063425e-07 0.999999999439 3.34879253009e-05 66.5989417245 -1.14267984251e-06 -3.34879246199e-05 0.999999999439 -0.000399980943961
0.999999999999 -5.95297266583e-07 1.13908751849e-06 -6.41015123823e-07 5.95259175891e-07 0.999999999441 3.34393620208e-05 67.7744416895 -1.13910742421e-06 -3.34393613427e-05 0.99999999944 -0.000412353705957
0.989557109281 0.141493068486 0.0275034369104 0.520282196883 -0.141493854521 0.989937257711 -0.00192741513935 68.9599414342 -0.027499392795 -0.00198427994736 0.999619850758 -0.000418701358101
0.981737957593 0.188718861959 0.0239952862316 0.83411937049 -0.188593921361 0.982027367723 -0.00738795429727 70.1451711029 -0.024958274103 0.002727670038 0.999684772501 0.00554606977201
0.981552383179 0.190446263606 0.01688608166 1.01957699439 -0.190364646818 0.981693040092 -0.00633058270011 71.3410278208 -0.0177825846617 0.00299928556486 0.999837378762 0.00630689106937
0.98614112415 0.165734195268 0.0076065615244 1.11510699194 -0.165722718393 0.986170111289 -0.00211948310164 72.5552271028 -0.00785263445128 0.000829529395018 0.999968823521 0.00280204438371
0.991922370009 0.126812435817 -0.00293564266775 1.14721256786 -0.126809914849 0.991926501328 0.00103027098138 73.7877626256 0.00304259293327 -0.000649680236881 0.99999516026 -0.000124378618106
0.998202997501 -0.0471669099337 -0.0369602270958 0.632662246448 0.0472726068511 0.998880041931 0.00199059615978 75.0745215123 0.0368249429215 -0.00373422533813 0.999314754789 -0.00172336420416
0.992840857564 -0.115058172935 -0.032072548893 0.320343151766 0.114792384762 0.993339020848 -0.0100148920259 76.3265684644 0.0330112094921 0.00626150961458 0.999435367368 0.012473818335
0.989023730957 -0.145189844836 -0.0274220451371 0.107463340597 0.144870510412 0.989361177035 -0.0133040065224 77.5709936467 0.0290619134962 0.0091853324919 0.999535409503 0.0194356624198
0.988303874927 -0.150852190604 -0.0223398163239 -0.0322526624964 0.150639124226 0.988528271599 -0.0109412294308 78.8222810364 0.023734048446 0.00744800907651 0.999690563177 0.0178471951271
0.990601917118 -0.135947149696 -0.015040421903 -0.107310608034 0.135870856637 0.990708461381 -0.00598789317778 80.088691195 0.0157147102523 0.00388806345326 0.999868956836 0.0116701722465
0.994085949701 -0.108449258616 -0.00564649565294 -0.13283980981 0.108440449135 0.99410123564 -0.00184452990195 81.3723375691 0.00581322620599 0.00122131273469 0.999982357243 0.00610815953259
0.996973439431 -0.0776484886577 0.00383057146943 -0.128190546274 0.0776501097339 0.996980633834 -0.000276077721415 82.6702871675 -0.00379756855372 0.000572686450414 0.999992625224 0.00390746841778
0.998713614651 -0.049306392328 0.0118319730845 -0.108249121606 0.0493175974257 0.998782930875 -0.000656944590001 83.978858271 -0.0117851811876 0.00123962399144 0.999929783953 0.00439941233647
0.999514703904 -0.0256166432986 0.0177241153621 -0.0817689860343 0.025649365613 0.999669686143 -0.00162131136578 85.2960142461 -0.0176767282863 0.00207513686479 0.999841600997 0.00566038902375
0.999747104267 -0.00725010450452 0.0212876371397 -0.0542065796816 0.00729966879912 0.999970822295 -0.00225153128081 86.621267361 -0.0212706921782 0.00240635457879 0.999770857303 0.0062830505034
0.999729590861 0.00572435279507 0.0225383438359 -0.0293251551246 -0.00567539144019 0.99998139556 -0.00223572479782 87.9550289965 -0.0225507226001 0.00210720631371 0.999743479394 0.00577625921261
0.999669329267 0.0137367122202 0.0217378669549 -0.00937512561344 -0.0137033683246 0.999904689523 -0.00168213127398 89.2980564344 -0.0217589020616 0.00138369304492 0.999762289534 0.00433718911516
0.999656826087 0.0176485107259 0.0193587222516 0.00488205387533 -0.0176347259818 0.999844106612 -0.000882560102258 90.6510458642 -0.0193712802262 0.000540871468391 0.999812212848 0.00247240807696
0.999700610883 0.018535361813 0.0159727568858 0.0138235011418 -0.0185358887169 0.999828189035 -0.000115068488722 92.0144240115 -0.0159721454271 -0.00018103520567 0.99987242076 0.000671463116468
0.999774353436 0.0174402740749 0.0121276152849 0.0184296655337 -0.0174471221767 0.999847681981 0.000459091620433 93.3883346874 -0.0121177613469 -0.000670580013574 0.999926352379 -0.000766942692971
0.999849971732 0.0152206417494 0.00826837905156 0.0198337640155 -0.015227784841 0.999883729217 0.000801633468275 94.7727336939 -0.00825521630481 -0.000927422297776 0.999965495051 -0.00175368658141
0.999910675176 0.0125073479281 0.00471252773495 0.0190716715576 -0.0125119638771 0.999921269795 0.000951299663321 96.1674978152 -0.0047002584808 -0.00101017766543 0.999988443489 -0.00234046230205
0.999951298173 0.00972904772425 0.00165738136962 0.0169928049496 -0.00973066947985 0.999952182268 0.00097326737357 97.5724995761 -0.00164783315267 -0.00098934740398 0.999998152917 -0.00263647717814
0.999974082873 0.00715498438055 -0.00079986262946 0.0142507657139 -0.00715424235558 0.999973978651 0.00092673417353 98.9876418173 0.000806472584493 -0.00092098774414 0.999999250691 -0.00274990370276
0.999984341632 0.00493464805289 -0.00263926858792 0.0113206113155 -0.00493241409814 0.999987472385 0.000852269806845 100.412864278 0.00264344117572 -0.0008392384961 0.999996153941 -0.00276112176868
0.999987511486 0.00313024705921 -0.00389594997239 0.00852289520674 -0.0031272624848 0.999994812165 0.000771927282691 101.848136225 0.00389834608396 -0.000759733984275 0.99999211282 -0.00271897621591
0.999987715293 0.00174347950737 -0.00463999378671 0.00605034794615 -0.00174027419016 0.999998244383 0.00069474987083 103.293445193 0.00464119692282 -0.000686666474602 0.99998899383 -0.00264835084676
0.999987429066 0.000737763327701 -0.00495957814543 0.00399607626262 -0.000734683291372 0.999999536167 0.000622821073596 104.748787286 0.00496003533956 -0.000619169524958 0.999987507261 -0.00256024608719
0.999987757314 5.6009377009e-05 -0.00494793748223 0.00238126348523 -5.32606936714e-05 0.999999844208 0.000555651051698 106.214160967 0.00494796783304 -0.000555380718454 0.999987604506 -0.00245974696144
0.999988914892 -0.000366189062819 -0.00469425162145 0.00117996918932 0.000368505064817 0.999999810817 0.000492514364972 107.689564113 0.00469407038 -0.000494238760895 0.999988860654 -0.0023505890236
0.999990674179 -0.000591687603077 -0.00427802067087 0.000339363986704 0.000593546402806 0.999999730001 0.000433243389612 109.174993285 0.00427776317106 -0.000435778553042 0.999990755377 -0.00223688281793
0.999992678951 -0.00067655152386 -0.00376620795217 -0.00020513161782 0.00067798060919 0.999999698659 0.000378185615904 110.670444107 0.0037659509552 -0.000380736263151 0.999992836301 -0.00212316303366
0.999994617454 -0.000667559930505 -0.00321238653061 -0.000519453756775 0.000668616626449 0.999999722723 0.0003278815214 112.17591195 0.00321216675932 -0.000330027611607 0.99999478652 -0.00201380052965
0.999996288633 -0.000601593928001 -0.00265721734228 -0.000664429502311 0.000602347419588 0.999999778608 0.000282772970949 113.691392519 0.00265704663949 -0.000284372489484 0.999996429611 -0.00191241950748
0.999997604003 -0.000506199890481 -0.00212973024668 -0.000692311702854 0.000506718654605 0.999999842082 0.000243049544107 115.216882186 0.00212960687871 -0.000244128135806 0.999997702585 -0.00182158169121
0.999998560051 -0.000400794449572 -0.00164901795233 -0.00064545162363 0.000401139010149 0.999999897782 0.000208623517537 116.752378098 0.00164893416862 -0.000209284702558 0.999998618607 -0.0017427489434
0.999999203934 -0.000298137407765 -0.00122606888368 -0.000556390183086 0.000298357319064 0.999999939438 0.000179183931169 118.297878128 0.00122601538799 -0.000179549595152 0.999999232324 -0.00167644108918
0.999999604224 -0.000205825757764 -0.000865555738791 -0.00044879953922 0.000205959368645 0.99999996689 0.000154277970106 119.853380756 0.000865523955752 -0.00015445617836 0.999999613506 -0.00162247298237
0.999999830842 -0.000127661048777 -0.000567466567785 -0.000338856599292 0.000127736761408 0.999999982945 0.000133387946335 121.418884922 0.000567449529662 -0.000133460410113 0.999999830095 -0.0015801978555
0.999999943938 -6.48129437204e-05 -0.000328516928024 -0.000236750613705 6.48510506589e-05 0.999999991171 0.000115987554245 122.994389904 0.000328509407629 -0.00011600885241 0.999999939312 -0.00154870325519
0.999999989589 -1.67525153494e-05 -0.000143319524656 -0.000148131742938 1.67670734933e-05 0.9999999947 0.000101577633204 124.579895218 0.000143317822215 -0.000101580035196 0.999999984571 -0.00152695958142
0.999999999823 1.80378379027e-05 -5.31376404053e-06 -7.53913323078e-05 -1.80373611657e-05 0.999999995814 8.97037689939e-05 126.17540054 5.31538208033e-06 -8.97036731317e-05 0.999999995962 -0.00151391393274
0.999999994856 4.15521935259e-05 9.25261118929e-05 -1.87247363828e-05 -4.15595922196e-05 0.999999995939 7.99628171952e-05 127.780905662 -9.25227888867e-05 -7.99666621314e-05 0.999999992522 -0.00150854805614
0.999999986085 5.59134358567e-05 0.000157176982544 2.30360284287e-05 -5.59247536155e-05 0.999999995844 7.20029914243e-05 129.396410452 -0.000157172955956 -7.20117805064e-05 0.999999985055 -0.00150991051203
0.999999978951 6.31536237931e-05 0.000195215273294 5.18001960059e-05 -6.31664154915e-05 0.999999995859 6.552064396e-05 131.021914837 -0.00019521113462 -6.55329736299e-05 0.999999978799 -0.00151713097234
0.999999975283 6.50899487505e-05 0.000212596615677 6.97793126656e-05 -6.5102760425e-05 0.999999996065 6.02564693428e-05 132.657418781 -0.00021259269275 -6.027030848e-05 0.999999975586 -0.00152942863829
0.999999974985 6.3267944247e-05 0.000214537401032 7.91963880156e-05 -6.32799577925e-05 0.99999999643 5.59911155759e-05 134.302922277 -0.000214533857824 -5.6004690093e-05 0.999999975419 -0.00154611335357
0.999999977153 5.89490557169e-05 0.000205472287097 8.21078969897e-05 -5.89598525002e-05 0.999999996882 5.25405165387e-05 135.958425335 -0.000205469189243 -5.2552629954e-05 0.99999997751 -0.00156658125293
0.999999980716 5.31260176181e-05 0.000189066005481 8.03111451544e-05 -5.31354248978e-05 0.999999997351 4.97519144808e-05 137.623927982 -0.000189063361859 -4.97619596239e-05 0.999999980889 -0.00159031180841
0.999999984761 4.65525436707e-05 0.000168261250958 7.53072049227e-05 -4.6560536649e-05 0.999999997788 4.74997759943e-05 139.299430249 -0.000168259039351 -4.75076096046e-05 0.999999984716 -0.00161686192112
0.999999988646 3.97795778894e-05 0.000145348887187 6.83024970731e-05 -3.97862180478e-05 0.999999998165 4.56816686726e-05 140.984932171 -0.000145347069723 -4.56874510364e-05 0.999999988393 -0.00164585750501
0.999999992001 3.31921672328e-05 0.00012204959393 6.0232046014e-05 -3.31975638312e-05 0.999999998471 4.42146783217e-05 142.680433788 -0.000122048126162 -4.42187297172e-05 0.999999991574 -0.00167698621433
0.999999994674 2.70439269369e-05 9.95991954063e-05 5.17944086872e-05 -2.70482130128e-05 0.999999998708 4.30321425142e-05 144.385935135 -9.95980315196e-05 -4.30348362653e-05 0.999999994114 -0.00170999010147
0.999999996662 2.14870997298e-05 7.88320536379e-05 4.34893067752e-05 -2.14904170695e-05 0.999999998884 4.20804968629e-05 146.101436248 -7.88311493621e-05 -4.20821908562e-05 0.999999996007 -0.00174465661127
0.999999998047 1.65982326047e-05 6.0259132233e-05 3.56560293661e-05 -1.66007223535e-05 0.999999999009 4.1317102802e-05 147.82693716 -6.02584463824e-05 -4.13181030664e-05 0.999999997331 -0.00178081401583
0.999999998949 1.23989836636e-05 4.41383372834e-05 2.85077149453e-05 -1.24007804377e-05 0.999999999095 4.07077475953e-05 149.562437901 -4.41378325087e-05 -4.07082949023e-05 0.999999998197 -0.0018183226604
0.999999999494 8.87261646199e-06 3.05360979028e-05 2.21607516594e-05 -8.87384477327e-06 0.999999999152 4.02249926906e-05 151.307938495 -3.0535740976e-05 -4.02252636428e-05 0.999999998725 -0.00185706994341
0.999999999794 5.97705093737e-06 1.93799664368e-05 1.66603406264e-05 -5.97782316493e-06 0.999999999188 3.98468792857e-05 153.063438969 -1.93797282543e-05 -3.98469951275e-05 0.999999999018 -0.0018969663326
0.999999999938 3.65457507345e-06 1.05022604559e-05 1.20001852413e-05 -3.65499049637e-06 0.999999999211 3.95558258132e-05 154.82893934 -1.05021158879e-05 -3.95558641964e-05 0.999999999163 -0.00193794157395
0.999999999992 1.83926162947e-06 3.67550535667e-06 8.13880959517e-06 -1.83940621279e-06 0.999999999225 3.93373735462e-05 156.604439628 -3.67543300209e-06 -3.93373803066e-05 0.99999999922 -0.00197993877234
0.999999999999 4.62415884336e-07 -1.35961473038e-06 5.01243260008e-06 -4.62362614566e-07 0.999999999232 3.91797866266e-05 158.389939847 1.35963284669e-06 -3.91797859979e-05 0.999999999232 -0.00202291345449
0.999999999988 -5.43758668112e-07 -4.87298399937e-06 2.54381870436e-06 5.43949073447e-07 0.999999999236 3.90737470289e-05 160.18544001 4.87296274896e-06 -3.90737496791e-05 0.999999999225 -0.00206683308447
0.999999999974 -1.24335269711e-06 -7.12930157597e-06 6.50312109282e-07 1.24363082007e-06 0.999999999238 3.90113766563e-05 161.990940129 7.12925306564e-06 -3.90113855215e-05 0.999999999214 -0.00211167147536
0.999999999963 -1.69524144025e-06 -8.37721877226e-06 -7.51696423457e-07 1.69556803542e-06 0.999999999239 3.89862570135e-05 163.806440211 8.37715267476e-06 -3.89862712162e-05 0.999999999205 -0.00215740959536
0.999999999959 -1.95201757486e-06 -8.842241367e-06 -1.74266609413e-06 1.9523623591e-06 0.999999999238 3.89930147068e-05 165.631940265 8.84216524521e-06 -3.89930319685e-05 0.999999999201 -0.00220403327151
0.99999999996 -2.059683616e-06 -8.72281214451e-06 -2.39805044313e-06 2.06002404125e-06 0.999999999236 3.90271783804e-05 167.467440296 8.7227317542e-06 -3.90271963481e-05 0.9999999992 -0.00225153263068
0.999999999964 -2.0573903944e-06 -8.1886408695e-06 -2.78572215375e-06 2.05771044629e-06 0.999999999234 3.90850442692e-05 169.312940311 8.18856045003e-06 -3.90850611176e-05 0.999999999203 -0.00229990151427
0.999999999971 -1.9778892437e-06 -7.38099242142e-06 -2.96607015575e-06 1.97817830717e-06 0.999999999231 3.91634244689e-05 171.168440312 7.38091495483e-06 -3.91634390687e-05 0.999999999206 -0.00234913594979
0.999999999978 -1.84789962224e-06 -6.41411611125e-06 -2.99143171822e-06 1.84815143721e-06 0.999999999228 3.92597122139e-05 173.033940304 6.41404355828e-06 -3.92597240673e-05 0.999999999209 -0.00239923484841
0.999999999984 -1.68859624908e-06 -5.37751919179e-06 -2.90580932795e-06 1.68880796992e-06 0.999999999224 3.93717082169e-05 174.909440289 5.37745270469e-06 -3.93717172978e-05 0.99999999921 -0.00245019899437
0.999999999989 -1.51631427359e-06 -4.33879823154e-06 -2.7455514167e-06 1.51648564413e-06 0.999999999219 3.94975055844e-05 176.794940268 4.33873833752e-06 -3.94975121637e-05 0.999999999211 -0.00250203036273
0.999999999993 -1.34320458171e-06 -3.34666183392e-06 -2.53991197751e-06 1.34333722724e-06 0.999999999214 3.96354871941e-05 178.690440245 3.34660859272e-06 -3.96354916896e-05 0.999999999209 -0.00255473220854
0.999999999996 -1.17794609298e-06 -2.43400269055e-06 -2.31207085868e-06 1.17804292723e-06 0.999999999208 3.97843334556e-05 180.595940219 2.43395582483e-06 -3.97843363228e-05 0.999999999206 -0.00260830924369
0.999999999998 -1.02625323098e-06 -1.62077368536e-06 -2.07936635176e-06 1.02631796833e-06 0.999999999202 3.99427517207e-05 182.511440192 1.62073269269e-06 -3.99427533841e-05 0.999999999201 -0.00266276572618
0.999999999999 -8.91540232929e-07 -9.16730252312e-07 -1.85449696831e-06 8.91577002104e-07 0.999999999195 4.01098274204e-05 184.436940164 9.1669449205e-07 -4.01098282377e-05 0.999999999195 -0.00271810810226
1 -7.75365287218e-07 -3.23814929216e-07 -1.64594829082e-06 7.75378331387e-07 0.999999999188 4.02847307184e-05 186.372440137 3.23783693571e-07 -4.02847309694e-05 0.999999999189 -0.00277434303766
1 -6.78029938862e-07 1.61681338251e-07 -1.45948094696e-06 6.7802339561e-07 0.999999999181 4.04666164529e-05 188.31794011 -1.61708775696e-07 -4.04666163433e-05 0.999999999181 -0.00283147664314
1 -5.98732190516e-07 5.47447722103e-07 -1.29768295413e-06 5.98709933614e-07 0.999999999173 4.06548537929e-05 190.273440084 -5.4747206302e-07 -4.06548534651e-05 0.999999999173 -0.0028895161514
1 -5.36092267715e-07 8.4360176653e-07 -1.16153696735e-06 5.36057806939e-07 0.999999999166 4.08490486261e-05 192.238940059 -8.43623664685e-07 -4.08490481738e-05 0.999999999165 -0.00294847034124
0.999999999999 -4.88250358271e-07 1.06160030222e-06 -1.05015918778e-06 4.88206780614e-07 0.999999999157 4.10486380432e-05 194.214440035 -1.06162034334e-06 -4.10486375248e-05 0.999999999157 -0.0030083465246
0.999999999999 -4.53258579591e-07 1.21325853837e-06 -9.6218144297e-07 4.53208528459e-07 0.999999999149 4.12531578526e-05 196.199940012 -1.21327723568e-06 -4.12531573027e-05 0.999999999148 -0.00306915241576
0.999999999999 -4.29086565136e-07 1.31015750039e-06 -8.95440896612e-07 4.29032242651e-07 0.99999999914 4.1462279577e-05 198.195439989 -1.31017529017e-06 -4.14622790148e-05 0.99999999914 -0.0031308965001
0.999999999999 -4.13702954391e-07 1.36318682382e-06 -8.47057084204e-07 4.13646142187e-07 0.999999999131 4.16757585174e-05 200.200939968 -1.36320406402e-06 -4.16757579535e-05 0.999999999131 -0.00319358777851
0.999999999999 -4.05284785544e-07 1.38218260658e-06 -8.14307948651e-07 4.05226880904e-07 0.999999999122 4.18933682783e-05 202.216439948 -1.38219958412e-06 -4.18933677181e-05 0.999999999122 -0.00325723532114
0.999999999999 -4.0219774848e-07 1.37579268616e-06 -7.94508189156e-07 4.02139806855e-07 0.999999999113 4.21148252923e-05 204.241939929 -1.37580962343e-06 -4.2114824739e-05 0.999999999112 -0.00332184763638
0.999999999999 -4.03007563015e-07 1.35141501192e-06 -7.85056098863e-07 4.02950343863e-07 0.999999999104 4.23399108701e-05 206.277439911 -1.35143207401e-06 -4.23399103255e-05 0.999999999103 -0.00338743356992
0.999999999999 -4.0649506579e-07 1.31520349259e-06 -7.83537130706e-07 4.06439079245e-07 0.999999999094 4.25684516906e-05 208.322939894 -1.31522079527e-06 -4.25684511561e-05 0.999999999093 -0.00345400221001
0.999999999999 -4.11727623643e-07 1.27210013295e-06 -7.88200306269e-07 4.11673176831e-07 0.999999999084 4.28004315651e-05 210.378439877 -1.27211775391e-06 -4.28004310413e-05 0.999999999083 -0.00352156387517
0.999999999999 -4.17836707302e-07 1.22603232208e-06 -7.96885925328e-07 4.17783943939e-07 0.999999999074 4.30355503048e-05 212.443939861 -1.22605030277e-06 -4.30355497926e-05 0.999999999073 -0.00359012662127
0.999999999999 -4.24261984148e-07 1.17990912928e-06 -8.08351112084e-07 4.24210924533e-07 0.999999999064 4.32738562265e-05 214.519439846 -1.17992748763e-06 -4.32738557259e-05 0.999999999063 -0.00365970116057
0.999999999999 -4.30502240667e-07 1.13586500319e-06 -8.21122731728e-07 4.30452812883e-07 0.999999999053 4.35151863357e-05 216.604939831 -1.1358837355e-06 -4.35151858468e-05 0.999999999053 -0.00373029661371
0.999999999999 -4.36307727426e-07 1.09528894144e-06 -8.34592257985e-07 4.36259797854e-07 0.999999999042 4.37593702159e-05 218.700439817 -1.09530803294e-06 -4.3759369738e-05 0.999999999042 -0.00380192190827
0.999999999999 -4.41433274159e-07 1.05906202657e-06 -8.47850234435e-07 4.41386668157e-07 0.999999999032 4.40064636093e-05 220.805939803 -1.05908145146e-06 -4.40064631419e-05 0.999999999031 -0.00387458775967
0.999999999999 -4.45786413596e-07 1.02758956754e-06 -8.60501644341e-07 4.45740935785e-07 0.999999999021 4.42563602544e-05 222.92143979 -1.02760929542e-06 -4.42563597963e-05 0.99999999902 -0.00394830368245
0.999999999999 -4.4932330021e-07 1.00095058102e-06 -8.72227762301e-07 4.49278748453e-07 0.999999999009 4.45090029882e-05 225.046939777 -1.00097057896e-06 -4.45090025384e-05 0.999999999009 -0.00402307956372
0.999999999999 -4.52046651151e-07 9.78979840169e-07 -8.82819872884e-07 4.52002827361e-07 0.999999998998 4.47642898945e-05 227.182439764 -9.79000074735e-07 -4.4764289452e-05 0.999999998998 -0.00409892490284
