0.999999999999 -9.999995e-07 1.0000005e-06 9.98727789704e-07 1.0000005e-06 0.999999999999 -9.999995e-07 9.99819357029e-07 -9.999995e-07 1.0000005e-06 0.999999999999 1.00028908918e-06
1 5.16162145354e-09 -2.77994888551e-09 -5.18817663933e-11 -5.16162143112e-09 1 8.06450885581e-09 4.49955046417e-08 2.77994892714e-09 -8.06450884146e-09 1 4.96711995672e-13
0.999979952624 0.00633200989735 7.37066322305e-08 0.000325640460642 -0.00633200989734 0.999979952624 -2.92011761486e-08 0.12757805508 -7.38900567423e-08 2.87338796169e-08 1 1.91480711466e-08
0.999933200825 0.011558275366 1.25755749487e-05 0.0012688632931 -0.0115582762001 0.999933198554 6.84111969865e-05 0.236657521238 -1.17840194292e-05 -6.85519791436e-05 0.999999997581 2.63554403921e-06
0.999861245735 0.0166580019218 1.58097602383e-05 0.0026604376976 -0.0166580035845 0.999861239602 0.000111619142426 0.34116204029 -1.39482145806e-05 -0.000111867013837 0.999999993646 2.25275286675e-07
0.999762827954 0.0217781451061 1.5413484694e-05 0.00454507452049 -0.0217781471165 0.999762817486 0.000145194209228 0.443801828797 -1.22477683279e-05 -0.000145495450357 0.999999989341 -2.69661762086e-06
0.999637471596 0.0269244350704 1.33424582635e-05 0.00693965626508 -0.0269244369926 0.999637456357 0.000174759446144 0.545489519339 -8.63232167938e-06 -0.000175055329057 0.999999984641 -5.62077118567e-06
0.999484953309 0.0320909332073 1.06678988485e-05 0.00985113771026 -0.0320909346981 0.999484933388 0.000199602297212 0.646619933696 -4.25698018206e-06 -0.000199841835555 0.999999980023 -8.53097913188e-06
0.99930513726 0.0372725446005 8.04242989024e-06 0.0132826320736 -0.0372725454681 0.99930511347 0.00021805205336 0.747392187631 9.05135700649e-08 -0.000218200298947 0.999999976194 -1.13552618603e-05
0.999097933991 0.0424654949374 5.80452577687e-06 0.0172356261584 -0.0424654951519 0.99909790771 0.000229196651844 0.847917631162 3.93365969963e-06 -0.000229236393396 0.999999973718 -1.39662378151e-05
0.998863287435 0.0476668962452 4.0778421809e-06 0.0217108491726 -0.0476668959003 0.998863260271 0.000233058852696 0.948263226745 7.03598541479e-06 -0.000232988309848 0.999999972833 -1.62402573268e-05
0.998601167087 0.0528744653333 2.85975974734e-06 0.0267086444729 -0.0528744645887 0.998601140566 0.000230333990256 1.04847136249 9.32302723742e-06 -0.000230162999755 0.999999973469 -1.80877561916e-05
0.998311561563 0.0580863671249 2.08495908735e-06 0.0322291382287 -0.0580863661547 0.998311536918 0.000222090371869 1.14856982274 1.08189841644e-05 -0.000221836493646 0.999999975336 -1.94611684863e-05
0.997994473111 0.0633011187672 1.66445837826e-06 0.0382723282195 -0.0633011177256 0.997994451181 0.000209540226749 1.24857720941 1.16030105542e-05 -0.000209225350266 0.999999978045 -2.03509555669e-05
0.997649913396 0.0685175181947 1.50745482674e-06 0.04483812779 -0.0685175171985 0.997649894624 0.000193890274058 1.34850608128 1.17809682315e-05 -0.000193537902184 0.999999981202 -2.0777817247e-05
0.997277900221 0.0737345897755 1.53185225452e-06 0.0519263946744 -0.0737345888995 0.997277884712 0.000176252799467 1.44836487266 1.14682454894e-05 -0.000175885972256 0.999999984466 -2.07815618144e-05
0.996878455174 0.0789515396078 1.66861958446e-06 0.0595369477073 -0.0789515388896 0.996878442775 0.000157600456383 1.54815912166 1.07793877814e-05 -0.000157240239578 0.99999998758 -2.041589291e-05
0.996451601976 0.0841677189617 1.86273528803e-06 0.0676695770279 -0.0841677184093 0.996451592365 0.000138746428464 1.64789228759 9.82184485397e-06 -0.00013841088309 0.999999990373 -1.9741926603e-05
0.995997365375 0.0893825942901 2.07251105097e-06 0.0763240496566 -0.0893825938915 0.995997358143 0.000120340856509 1.74756631119 8.69216242241e-06 -0.000120044422444 0.999999992757 -1.88227431823e-05
0.995515770306 0.0945957243595 2.26810064075e-06 0.0855001161664 -0.0945957240915 0.995515765018 0.000102877596906 1.84718200984 7.47385085514e-06 -0.000102630822753 0.999999994706 -1.77202303744e-05
0.995006841547 0.0998067395928 2.42991999155e-06 0.09519751011 -0.0998067394275 0.995006837789 8.67066943561e-05 1.94673936159 6.23612545768e-06 -8.65162764837e-05 0.999999996238 -1.64919850551e-05
0.994470603362 0.10501532765 2.54690467336e-06 0.105415951761 -0.10501532756 0.994470600765 7.20510321851e-05 2.0462377127 5.03364093184e-06 -7.19200974785e-05 0.999999997401 -1.51900860017e-05
0.993907079389 0.110221220883 2.61482485427e-06 0.116155148569 -0.110221220844 0.993907077644 5.90249258748e-05 2.14567593046 3.90690646297e-06 -5.89535008751e-05 0.999999998255 -1.38597974907e-05
0.993316292706 0.115424185672 2.63473894375e-06 0.127414793438 -0.115424185666 0.993316291567 4.76536562572e-05 2.245052517 2.88325535093e-06 -4.76392657643e-05 0.999999998861 -1.25385664408e-05
0.992698265718 0.120624015988 2.6114742515e-06 0.139194568039 -0.120624016 0.992698264997 3.78936856729e-05 2.34436569516 1.9784825879e-06 -3.79320025611e-05 0.999999999279 -1.12575430462e-05
0.992053020352 0.125820526167 2.55218916073e-06 0.151494140603 -0.125820526187 0.992053019909 2.9650205124e-05 2.44361347327 1.19869744538e-06 -2.97356933304e-05 0.999999999557 -1.00391162135e-05
0.991380578057 0.131013546804 2.46526317292e-06 0.16431316769 -0.131013546826 0.991380577795 2.27949170139e-05 2.54279369299 5.42428898316e-07 -2.29214208782e-05 0.999999999737 -8.89987497079e-06
0.990680960017 0.136202920138 2.3593391364e-06 0.177651292831 -0.136202920158 0.990680959868 1.71801541981e-05 2.64190406905 2.6348098953e-09 -1.73414005342e-05 0.99999999985 -7.85082475372e-06
0.989954187253 0.141388497181 2.24257620717e-06 0.191508146737 -0.141388497198 0.989954187172 1.26504843023e-05 2.74094221602 -4.3141474223e-07 -1.28404743856e-05 0.999999999917 -6.8977146935e-06
0.989200280841 0.146570134679 2.12224090466e-06 0.205883345913 -0.146570134693 0.9892002808 9.05203754349e-06 2.83990567243 -7.72562936939e-07 -9.26533521545e-06 0.999999999957 -6.04281954504e-06
0.988419261896 0.151747694246 2.00427814532e-06 0.220776495104 -0.151747694256 0.988419261877 6.23848101549e-06 2.93879191805 -1.0343920153e-06 -6.47037938788e-06 0.999999999979 -5.2844811964e-06
0.987611151853 0.156921039803 1.89333353234e-06 0.236187184707 -0.15692103981 0.987611151845 4.07586033022e-06 3.03759838759 -1.23028906959e-06 -4.32246898212e-06 0.99999999999 -4.61949374935e-06
0.986775972442 0.16209003735 1.79266807829e-06 0.252114992853 -0.162090037354 0.98677597244 2.44458288372e-06 3.1363224815 -1.37271925529e-06 -2.70282928807e-06 0.999999999995 -4.04278217535e-06
0.985913745984 0.167254552935 1.70433993504e-06 0.268559482613 -0.167254552937 0.985913745984 1.24034358923e-06 3.23496157576 -1.47287905728e-06 -1.50793040825e-06 0.999999999998 -3.5480660515e-06
0.985024495354 0.172414452842 1.62936831426e-06 0.285520203353 -0.172414452843 0.985024495356 3.74119481068e-07 3.33351302631 -1.54046409588e-06 -6.49443499425e-07 0.999999999999 -3.12847397987e-06
0.984108244051 0.177569603224 1.5678853452e-06 0.302996691174 -0.177569603224 0.984108244052 -2.28798888438e-07 3.43197417642 -1.58359662178e-06 -5.32459063079e-08 0.999999999999 -2.77671722223e-06
0.983165016282 0.182719869626 1.51939891478e-06 0.320988468271 -0.182719869625 0.983165016283 -6.29782490667e-07 3.53034235997 -1.60889363338e-06 3.41555741074e-07 0.999999999999 -2.48623286503e-06
0.982194837121 0.187865116324 1.48290010152e-06 0.339495041455 -0.187865116323 0.982194837122 -8.79103870034e-07 3.62861490459 -1.62164977449e-06 5.84866082373e-07 0.999999999999 -2.24939448472e-06
0.981197732297 0.19300520753 1.45710771702e-06 0.358515905343 -0.193005207529 0.981197732298 -1.01663867267e-06 3.7267891344 -1.62592734565e-06 7.16294182875e-07 0.999999999998 -2.06001741312e-06
0.980173728522 0.198140005837 1.44061649373e-06 0.378050538244 -0.198140005836 0.980173728523 -1.07384125451e-06 3.82486237083 -1.62482535247e-06 7.67107225794e-07 0.999999999998 -1.91223041105e-06
0.979122853195 0.20326937386 1.43188512818e-06 0.398098406326 -0.203269373859 0.979122853196 -1.07535744389e-06 3.92283193547 -1.62057868645e-06 7.61848655226e-07 0.999999999998 -1.8000961681e-06
0.97804513471 0.208393172794 1.42955707621e-06 0.418658959662 -0.208393172793 0.978045134711 -1.03953496255e-06 4.02069515027 -1.61480333225e-06 7.18802177689e-07 0.999999999998 -1.71970519359e-06
0.976940602174 0.213511263923 1.43218352045e-06 0.439731635654 -0.213511263921 0.976940602175 -9.80818156939e-07 4.1184493381 -1.60857395526e-06 6.52413767245e-07 0.999999999998 -1.66566207074e-06
0.975809285556 0.218623507931 1.43854665401e-06 0.461315857224 -0.21862350793 0.975809285557 -9.0943451345e-07 4.21609182356 -1.60257094626e-06 5.72934527008e-07 0.999999999999 -1.63441655417e-06
0.97465121572 0.223729764882 1.44755774126e-06 0.483411032383 -0.223729764881 0.974651215721 -8.32925388041e-07 4.31361993344 -1.59721411358e-06 4.87949988954e-07 0.999999999999 -1.62230609041e-06
0.973466424201 0.22882989523 1.45830322029e-06 0.50601655676 -0.228829895229 0.973466424202 -7.56340194178e-07 4.41103099771 -1.59268246865e-06 4.02568411195e-07 0.999999999999 -1.62684709144e-06
0.972254943514 0.23392375854 1.47000134761e-06 0.529131809771 -0.233923758539 0.972254943516 -6.83313389471e-07 4.50832234807 -1.58905931351e-06 3.20486580593e-07 0.999999999999 -1.64506494394e-06
0.971016806754 0.239011215214 1.48200631081e-06 0.552756159068 -0.239011215214 0.971016806756 -6.16026384371e-07 4.60549131942 -1.58629025024e-06 2.43955843328e-07 0.999999999999 -1.67474414605e-06
0.969752048015 0.244092124759 1.49386403765e-06 0.576888956004 -0.244092124758 0.969752048016 -5.55689928315e-07 4.70253525 -1.58431724527e-06 1.74240998996e-07 0.999999999999 -1.71405848208e-06
0.968460701963 0.24916634755 1.50523376978e-06 0.601529539836 -0.24916634755 0.968460701964 -5.02718655921e-07 4.7994514811 -1.58302032464e-06 1.11809661779e-07 0.999999999999 -1.76178111874e-06
0.967142804074 0.254233743876 1.51582499139e-06 0.626677235289 -0.254233743876 0.967142804075 -4.57245008062e-07 4.896237357 -1.58226634293e-06 5.68473566246e-08 0.999999999999 -1.81636026431e-06
0.965798390663 0.259294173845 1.52548898964e-06 0.652331352278 -0.259294173844 0.965798390664 -4.18992452019e-07 4.99289022585 -1.58195711287e-06 9.11182858201e-09 0.999999999999 -1.87670063336e-06
0.964427498649 0.264347498281 1.53410872063e-06 0.678491188012 -0.264347498281 0.96442749865 -3.87532049087e-07 5.08940743908 -1.58197976377e-06 -3.17912376418e-08 0.999999999999 -1.94172906165e-06
0.96303016577 0.269393577901 1.54170776878e-06 0.705156024895 -0.269393577901 0.963030165771 -3.62061885953e-07 5.18578635153 -1.58224823502e-06 -6.66496538604e-08 0.999999999999 -2.0112204219e-06
0.961606430409 0.274432273966 1.54822526234e-06 0.732325132243 -0.274432273966 0.96160643041 -3.42132373815e-07 5.28202432181 -1.58267553333e-06 -9.58862886439e-08 0.999999999999 -2.08397052933e-06
0.960156331702 0.279463447859 1.55373900061e-06 0.75999776519 -0.279463447859 0.960156331704 -3.26911122829e-07 5.37811871226 -1.58319204878e-06 -1.20327473696e-07 0.999999999999 -2.15989676372e-06
0.958679909505 0.284486961228 1.55830716563e-06 0.788173165096 -0.284486961228 0.958679909506 -3.15754248458e-07 5.47406688926 -1.58374573917e-06 -1.40610815874e-07 0.999999999999 -2.2386017363e-06
0.957177204406 0.289502675917 1.56199480298e-06 0.816850559286 -0.289502675917 0.957177204407 -3.08116735628e-07 5.56986622301 -1.58430643828e-06 -1.57279359591e-07 0.999999999999 -2.31960356338e-06
0.955648257565 0.294510454501 1.56487517568e-06 0.846029162467 -0.294510454501 0.955648257566 -3.03382817656e-07 5.66551408733 -1.58481964646e-06 -1.70944838158e-07 0.999999999999 -2.40278409235e-06
0.954093111082 0.299510159064 1.56707907667e-06 0.87570817382 -0.299510159064 0.954093111084 -3.00982903125e-07 5.76100786089 -1.58528678876e-06 -1.82190389094e-07 0.999999999999 -2.48819528862e-06
0.952511807617 0.304501652456 1.56864266671e-06 0.905886779779 -0.304501652455 0.952511807618 -3.00664210453e-07 5.8563449257 -1.58570341089e-06 -1.9126807354e-07 0.999999999999 -2.57515573387e-06
0.950904390584 0.309484797632 1.56967370239e-06 0.936564152728 -0.309484797631 0.950904390586 -3.01996869427e-07 5.95152266824 -1.58607305541e-06 -1.98619999049e-07 0.999999999999 -2.66363684634e-06
0.949270904008 0.31445945812 1.57028255045e-06 0.96773945229 -0.31445945812 0.949270904009 -3.04506487394e-07 6.04653847954 -1.58637848123e-06 -2.04731051345e-07 0.999999999999 -2.75397561278e-06
0.947611392765 0.319425497258 1.57052290137e-06 0.999411823274 -0.319425497258 0.947611392767 -3.08008620568e-07 6.14138975509 -1.58663120072e-06 -2.09792580804e-07 0.999999999999 -2.84590753727e-06
0.94592590229 0.324382779097 1.57044010556e-06 1.03158039793 -0.324382779097 0.945925902291 -3.12290459209e-07 6.23607389445 -1.58682162089e-06 -2.14020091442e-07 0.999999999999 -2.93934412595e-06
0.944214478902 0.329331167412 1.57012503418e-06 1.06424429358 -0.329331167412 0.944214478903 -3.17124414393e-07 6.3305883021 -1.58697374457e-06 -2.17657646808e-07 0.999999999999 -3.03438503855e-06
0.94247716939 0.334270526933 1.56961422072e-06 1.09740261583 -0.334270526933 0.942477169391 -3.2232980397e-07 6.42493038704 -1.5870709212e-06 -2.20887291385e-07 0.999999999999 -3.13113282894e-06
0.940714021523 0.339200721857 1.56893475465e-06 1.13105445446 -0.339200721857 0.940714021524 -3.27893937084e-07 6.5190975626 -1.58714078271e-06 -2.23729377136e-07 0.999999999999 -3.22925066883e-06
0.938925083604 0.344121617132 1.56814614207e-06 1.16519888712 -0.344121617132 0.938925083605 -3.33671756054e-07 6.61308724735 -1.58719541184e-06 -2.2634020486e-07 0.999999999999 -3.32886750356e-06
0.937110404612 0.34903307804 1.56722137572e-06 1.19983497822 -0.34903307804 0.937110404613 -3.39703603124e-07 6.70689686464 -1.58722725174e-06 -2.28672319766e-07 0.999999999999 -3.42966049514e-06
0.93527003433 0.35393496985 1.56622650275e-06 1.23496177794 -0.35393496985 0.935270034331 -3.4582006676e-07 6.80052384266 -1.5872425299e-06 -2.3090718432e-07 0.999999999999 -3.5319354036e-06
0.933404023203 0.358827158206 1.56521467538e-06 1.27057832328 -0.358827158206 0.933404023204 -3.51893689968e-07 6.89396561469 -1.58724668794e-06 -2.33182547995e-07 0.999999999999 -3.63596397558e-06
0.931512422391 0.363709508987 1.5641168412e-06 1.30668363781 -0.363709508987 0.931512422393 -3.58121466186e-07 6.98721961916 -1.58724645027e-06 -2.35289573833e-07 0.999999999999 -3.74112816798e-06
0.929595283718 0.368581888441 1.56301450506e-06 1.34327673175 -0.368581888441 0.929595283719 -3.64284588646e-07 7.08028329916 -1.5872396139e-06 -2.37461602398e-07 0.999999999999 -3.84794884864e-06
0.927652659741 0.373444162993 1.56188442789e-06 1.38035660192 -0.373444162993 0.927652659742 -3.70444804126e-07 7.17315410339 -1.58722669356e-06 -2.39632515031e-07 0.999999999999 -3.95621740781e-06
0.925684603734 0.378296199304 1.5607220458e-06 1.41792223169 -0.378296199304 0.925684603735 -3.76630505684e-07 7.26582948603 -1.58721425735e-06 -2.41774157688e-07 0.999999999999 -4.06584572476e-06
0.923691169615 0.383137864448 1.55957763561e-06 1.45597259121 -0.383137864447 0.923691169616 -3.82711753989e-07 7.35830690584 -1.58719945446e-06 -2.44025777079e-07 0.999999999999 -4.17715370406e-06
0.921672412107 0.387969025514 1.55837661298e-06 1.49450663697 -0.387969025514 0.921672412108 -3.88909395437e-07 7.45058382799 -1.58719753102e-06 -2.4615479534e-07 0.999999999999 -4.28952426759e-06
0.919628386513 0.392789550163 1.55721693546e-06 1.53352331275 -0.392789550163 0.919628386514 -3.94989637542e-07 7.54265772266 -1.58720869986e-06 -2.48414856522e-07 0.999999999999 -4.40363124377e-06
0.917559148768 0.397599306476 1.55604689861e-06 1.57302154948 -0.397599306476 0.917559148769 -4.01019755341e-07 7.63452606533 -1.58721024434e-06 -2.50723822384e-07 0.999999999999 -4.51928521735e-06
0.91546475583 0.402398162061 1.55481958805e-06 1.61300026282 -0.402398162061 0.915464755832 -4.07197594116e-07 7.72618633761 -1.587238098e-06 -2.52881498494e-07 0.999999999999 -4.63590368042e-06
0.913345264889 0.407185985886 1.55366525233e-06 1.65345835817 -0.407185985886 0.913345264891 -4.13160357466e-07 7.81763602656 -1.58726590892e-06 -2.55272661375e-07 0.999999999999 -4.75454289988e-06
0.911200734097 0.411962646582 1.55242401124e-06 1.69439472589 -0.411962646582 0.911200734098 -4.19250099841e-07 7.90887262452 -1.58728527938e-06 -2.57519705541e-07 0.999999999999 -4.87417569618e-06
0.909031222261 0.416728013161 1.55114909418e-06 1.73580824401 -0.416728013161 0.909031222262 -4.25346573903e-07 7.99989363117 -1.58729678964e-06 -2.59753964175e-07 0.999999999999 -4.99520460062e-06
0.906836788959 0.42148195476 1.54993298999e-06 1.77769777616 -0.42148195476 0.90683678896 -4.31301508919e-07 8.09069655032 -1.58732205882e-06 -2.62148710948e-07 0.999999999999 -5.11803138487e-06
0.904617494256 0.426224341262 1.54866191557e-06 1.82006217474 -0.426224341262 0.904617494257 -4.37345113257e-07 8.18127889315 -1.58735379431e-06 -2.64447364321e-07 0.999999999999 -5.24203933614e-06
0.902373398995 0.430955042648 1.54742965311e-06 1.86290027807 -0.430955042648 0.902373398996 -4.43263422313e-07 8.27163817578 -1.58738596285e-06 -2.66883491109e-07 0.999999999999 -5.36782051136e-06
0.900104564665 0.435673929295 1.54615465505e-06 1.90621091212 -0.435673929295 0.900104564666 -4.4920681533e-07 8.36177192129 -1.58740856099e-06 -2.69286168906e-07 0.999999999999 -5.4949760974e-06
0.897811053588 0.440380871579 1.54478603057e-06 1.94999288868 -0.440380871579 0.897811053589 -4.55319589845e-07 8.45167765847 -1.58744001149e-06 -2.71503257865e-07 0.999999999999 -5.62303953882e-06
0.895492928556 0.445075740637 1.543449401e-06 1.9942450079 -0.445075740636 0.895492928558 -4.61329744164e-07 8.54135292243 -1.58747470174e-06 -2.73834361654e-07 0.999999999999 -5.75277896417e-06
0.893150253192 0.449758407616 1.54207367007e-06 2.03896605637 -0.449758407615 0.893150253193 -4.67400751021e-07 8.63079525518 -1.58752090636e-06 -2.76101499158e-07 0.999999999999 -5.88376795488e-06
0.890783091545 0.454428744486 1.54068071701e-06 2.08415480894 -0.454428744486 0.890783091546 -4.73425800775e-07 8.7200022042 -1.58755062443e-06 -2.7840990545e-07 0.999999999999 -6.01630270658e-06
0.888391508618 0.459086622996 1.53925790173e-06 2.12981002609 -0.459086622995 0.888391508619 -4.79436918916e-07 8.80897132367 -1.58756672552e-06 -2.80725024343e-07 0.999999999999 -6.15026015026e-06
0.885975570091 0.463731915226 1.53783925846e-06 2.17593045553 -0.463731915226 0.885975570092 -4.85423562612e-07 8.89770017464 -1.58759441211e-06 -2.83071727015e-07 0.999999999999 -6.28567705844e-06
0.883535342133 0.468364493956 1.53646474306e-06 2.22251483323 -0.468364493956 0.883535342135 -4.91315838015e-07 8.9861863247 -1.58763579628e-06 -2.85530624827e-07 0.999999999999 -6.42280452108e-06
0.881070891551 0.472984232358 1.53495776324e-06 2.26956188263 -0.472984232358 0.881070891552 -4.97408451974e-07 9.07442734796 -1.58767295978e-06 -2.87758711104e-07 0.999999999999 -6.56076470201e-06
0.878582286008 0.477591003591 1.5334873515e-06 2.31707031331 -0.477591003591 0.878582286009 -5.0339728608e-07 9.16242082522 -1.58771283791e-06 -2.90103824821e-07 0.999999999999 -6.70044656113e-06
0.876069593622 0.482184681558 1.5319238459e-06 2.36503882355 -0.482184681558 0.876069593623 -5.09492719223e-07 9.25016434428 -1.58774148572e-06 -2.92319132325e-07 0.999999999999 -6.84124151725e-06
0.873532883423 0.486765140059 1.53039458125e-06 2.41346609723 -0.486765140059 0.873532883424 -5.15496061232e-07 9.33765549918 -1.58777550378e-06 -2.94639971926e-07 0.999999999999 -6.98369278836e-06
0.870972224895 0.491332253631 1.52885143969e-06 2.46235080723 -0.491332253631 0.870972224897 -5.21496153921e-07 9.42489189178 -1.58781502053e-06 -2.96965357874e-07 0.999999999999 -7.12758054574e-06
0.868387688189 0.495885897157 1.52724539966e-06 2.51169161354 -0.495885897157 0.86838768819 -5.27558212672e-07 9.51187113021 -1.58784977951e-06 -2.99214398504e-07 0.999999999999 -7.27268885434e-06
0.865779344185 0.50042594575 1.5256266386e-06 2.56148716321 -0.50042594575 0.865779344187 -5.33589726981e-07 9.59859082967 -1.58787817441e-06 -3.01492189595e-07 0.999999999999 -7.4192532238e-06
0.863147264499 0.50495227476 1.52398990337e-06 2.61173609061 -0.50495227476 0.8631472645 -5.39635510939e-07 9.68504861298 -1.58791789501e-06 -3.03757253322e-07 0.999999999999 -7.56714920244e-06
0.860491521064 0.509464760484 1.5222529444e-06 2.66243701926 -0.509464760484 0.860491521065 -5.45780219231e-07 9.77124210959 -1.58794154024e-06 -3.05894980703e-07 0.999999999999 -7.71608008738e-06
0.857812186897 0.513963278853 1.52056543956e-06 2.71358855849 -0.513963278853 0.857812186898 -5.51804860198e-07 9.85716895724 -1.58796700026e-06 -3.08169865158e-07 0.999999999999 -7.86679307949e-06
0.855109335398 0.518447706632 1.51883859746e-06 2.76518930565 -0.518447706632 0.8551093354 -5.57866770317e-07 9.94282679923 -1.58799781133e-06 -3.10401304391e-07 0.999999999999 -8.01874501907e-06
0.998191766508 -0.0375178911811 0.0469638703296 1.48757399379 0.0381589678378 0.999189328689 -0.0128288194072 10.8402490123 -0.0464444878168 0.0145977147237 0.998814205083 0.000105314295874
0.97841895903 0.198393413206 0.0577615287743 1.86046735388 -0.197591135475 0.980093686093 -0.0193419146529 10.7352766438 -0.0604490181167 0.00751132994305 0.998143023885 -0.000735932586055
0.934170660658 0.35494217107 0.0366228338993 2.16857254492 -0.353926392447 0.93474383357 -0.03146544663 10.6741477051 -0.0454013820958 0.0164323095831 0.998833666686 0.00233992443656
0.885431285329 0.464644152008 0.0108282484811 2.41995351425 -0.464180619111 0.885241085597 -0.0297417755396 10.6431019677 -0.0234049525153 0.0213080354602 0.999498962392 0.00316743530643
0.840226153063 0.542166269912 -0.00870330273214 2.62388702212 -0.542236121729 0.840117926257 -0.0134854838195 10.6353245221 4.26182542337e-07 0.0160501013116 0.999871188828 0.00171762979324
0.803668175395 0.594765064977 -0.0192868177721 2.78959116468 -0.594786889405 0.803866551146 0.00520808408378 10.6475795941 0.0186016141536 0.00728597491629 0.999800427346 3.75094331398e-06
0.777813784173 0.628076163669 -0.0229357751496 2.92577644733 -0.627837996548 0.778151316204 0.0173199070504 10.6770986769 0.0287257243961 0.000928288674791 0.999586900193 -0.000857404594856
0.762011422821 0.647166833621 -0.0226645306662 3.04005722399 -0.646815711854 0.762346661192 0.0213776300726 10.7206259635 0.0311131224452 -0.00163022377147 0.999514540155 -0.000858307871465
0.754332857216 0.656180271343 -0.0202334382612 3.13844766398 -0.655879826631 0.754602103938 0.0199328309958 10.7748298327 0.0283477255333 -0.00176528537857 0.999596563732 -0.00043075023128
0.752588483631 0.658288293463 -0.0163431023975 3.22541831442 -0.658096119773 0.752764874226 0.0159543496068 10.8368151914 0.0228050749967 -0.00125172750503 0.999739146844 2.81209374345e-05
0.754792216803 0.655863281604 -0.0114919666193 3.30423997286 -0.655763590204 0.754878839095 0.0114913902248 10.9043223932 0.0162118233236 -0.00113759861314 0.999867932606 0.000309338425812
0.759338190288 0.650665331932 -0.00633550244607 3.37730736308 -0.650623117686 0.759362843494 0.00759148557779 10.9756961328 0.00975046163575 -0.00164248056667 0.999951114183 0.000375255790489
0.765023407354 0.644000550175 -0.00157403100825 3.44636560795 -0.643989059125 0.765020962374 0.00458463256694 11.0497639631 0.0041566726122 -0.00249369247979 0.999988251716 0.000286803876669
0.770995160914 0.636836955266 0.00227029838776 3.512667832 -0.636840965534 0.77099142418 0.00241007447516 11.1257042781 -0.000215556096573 -0.0033039747751 0.999994518628 0.000132162112246
0.776677315879 0.629879127698 0.00496301215272 3.57709759855 -0.629890013162 0.776683853153 0.000873824358775 11.2029360223 -0.00330428767716 -0.00380483134773 0.99998730239 -1.83155538746e-05
0.781702120866 0.623617821711 0.0065273790238 3.64027068269 -0.623630049365 0.781719591415 -0.000204762483005 11.2810388421 -0.00523027359711 -0.00391060643559 0.99997867547 -0.000127637208103
0.785854826795 0.618369724587 0.00714667178368 3.70261762076 -0.618379927848 0.785878724887 -0.000945835373927 11.3597012101 -0.00620129326823 -0.003676069088 0.999974014901 -0.000187822647792
0.789030633529 0.614313204908 0.00706722215673 3.76444568848 -0.614320014382 0.789055705323 -0.00141909371395 11.4386889303 -0.00644819997104 -0.00322182760481 0.999974019935 -0.000207948443761
0.791202020301 0.611519987251 0.0065320949359 3.82598143907 -0.611523548638 0.791224468722 -0.00167019647637 11.5178257835 -0.00618971187324 -0.00267306704884 0.999977270831 -0.000202921406939
0.792394463076 0.60998196138 0.00574644916135 3.88739767138 -0.609983182215 0.792412447734 -0.00174071560898 11.5969802499 -0.00561536296709 -0.00212590393553 0.999981973953 -0.000186306260475
0.792668571617 0.609633385034 0.00486532870929 3.94882957303 -0.609633281762 0.792681811085 -0.00167575146062 11.6760550793 -0.00487825160822 -0.00163775079123 0.999986760129 -0.000167275349721
0.792106915502 0.610369296111 0.00399459370017 4.01038418173 -0.610368641567 0.792116029254 -0.0015223634492 11.7549785817 -0.00409338560718 -0.00123230011436 0.999990862774 -0.000150406570213
0.790804257448 0.612060778489 0.00319841181992 4.07214608567 -0.612060023057 0.790810201367 -0.00132423158061 11.8336975276 -0.00333984690749 -0.000910412040448 0.999994008268 -0.000136895032122
0.788860331856 0.614567393493 0.0025091192441 4.13418118528 -0.614566734461 0.78886404521 -0.00111672262366 11.9121717589 -0.00266565526889 -0.000661083040723 0.999996228618 -0.000126095300737
0.786374578152 0.617746931346 0.00193691738926 4.19653954257 -0.617746418302 0.786376823318 -0.000924349968277 11.990370443 -0.00209416129999 -0.000469638463391 0.999997696961 -0.000116772798315
0.783442385845 0.621462664533 0.00147805716832 4.25925783109 -0.621462282494 0.783443713733 -0.000760821863678 12.0682696763 -0.00163079697969 -0.000322496685395 0.999998618248 -0.000107861583955
0.78015250028 0.625588378745 0.00112102041057 4.32236160316 -0.625588095546 0.780153277671 -0.000630911777283 12.1458510279 -0.00126925882352 -0.000209089623214 0.999999172631 -9.87635056245e-05
0.776585315624 0.630011526667 0.000850778360559 4.38586743271 -0.630011312894 0.776585772075 -0.000533138332299 12.2231006218 -0.000996585664656 -0.000121972591858 0.99999949597 -8.93468085358e-05
0.772811860439 0.634634858735 0.000651493390579 4.44978489078 -0.634634692734 0.772812133014 -0.000462433527277 12.3000084574 -0.000796958433075 -5.6086193204e-05 0.999999680856 -7.97995825096e-05
0.768893333997 0.639376870686 0.000508101548234 4.5141183046 -0.63937673779 0.768893501839 -0.000412313619701 12.3765677918 -0.000654299770616 -7.8431166721e-06 0.999999785915 -7.04566697207e-05
0.764881089664 0.644171369202 0.000407155088009 4.57886825378 -0.644171259755 0.764881197602 -0.000376378227831 12.4527745146 -0.000553877349686 2.56069830704e-05 0.999999846282 -6.16592342672e-05
0.760816977469 0.648966419077 0.000337203208778 4.64403278833 -0.648966326833 0.760817050754 -0.000349168758179 12.5286265177 -0.000483148749456 4.6819991428e-05 0.999999882188 -5.36731715426e-05
0.756733965829 0.653722893513 0.000288889498107 4.70960837414 -0.653722814561 0.756734018731 -0.00032652463907 12.6041230916 -0.000432069142728 5.82386292646e-05 0.999999904962 -4.66560733012e-05
0.75265696266 0.658412812449 0.000254875927885 4.77559060542 -0.658412744465 0.752657003245 -0.000305600520241 12.679264385 -0.000393045450099 6.21988001754e-05 0.999999920823 -4.06604843449e-05
0.74860376569 0.663017608553 0.000229660305964 4.84197471412 -0.663017550224 0.748603798444 -0.000284691812358 12.75405096 -0.000360680262001 6.08525493482e-05 0.999999933103 -3.56562968148e-05
0.744586075156 0.667526428588 0.000209331514236 4.90875591679 -0.667526379141 0.74458610247 -0.000262979707829 12.8284834485 -0.000331411241467 5.60767207597e-05 0.999999943511 -3.15588249426e-05
0.740610513067 0.671934543941 0.000191294974505 4.97592964386 -0.6719345028 0.740610536124 -0.000240268720105 12.9025623141 -0.000303119926493 4.94078464892e-05 0.999999952839 -2.82543963236e-05
0.736679605948 0.676241915224 0.000173994786098 5.04349167153 -0.676241881791 0.736679625297 -0.000216756379472 12.9762877048 -0.000274758163017 4.20174426433e-05 0.999999961371 -2.56217811425e-05
0.732792696972 0.680451937116 0.000156651125036 5.11143818918 -0.680451910673 0.732792712893 -0.000192852825206 13.0496593802 -0.000246019881383 3.47275845613e-05 0.999999969134 -2.35448831862e-05
0.728946766361 0.684570370731 0.000139027406483 5.17976581536 -0.684570350433 0.728946779079 -0.000169051119252 13.1226766937 -0.000217070967539 2.80552263527e-05 0.999999976047 -2.19198123289e-05
0.725137146501 0.68860446126 0.000121235424676 5.24847158099 -0.688604446176 0.725137156293 -0.000145841449185 13.1953386132 -0.000188339383637 2.22717998374e-05 0.999999982016 -2.0659036171e-05
0.7213581277 0.692562228881 0.000103580480078 5.31755288962 -0.692562218061 0.721358134925 -0.00012366056501 13.2676437649 -0.000160361258452 1.74676266153e-05 0.99999998699 -1.96908014979e-05
0.717603454736 0.696451918138 8.64458460847e-05 5.38700746574 -0.696451910675 0.717603459813 -0.000102865921311 13.3395904876 -0.000133675006445 1.36115658317e-05 0.999999990973 -1.89574203554e-05
0.713866721366 0.700281585647 7.02124767844e-05 5.45683329652 -0.700281580722 0.71386672474 -8.3726448558e-05 13.4111768913 -0.000108754440995 1.06010210947e-05 0.99999999403 -1.84129141586e-05
0.710141671465 0.704058806777 5.52085188693e-05 5.5270285717 -0.704058803693 0.710141673563 -6.64234701283e-05 13.4824009126 -8.59718991053e-05 8.3000303527e-06 0.99999999627 -1.80210842841e-05
0.706422417026 0.707790482407 4.16820301134e-05 5.59759162979 -0.707790480596 0.706422418225 -5.10576424505e-05 13.5532603652 -6.55832338899e-05 6.56611906136e-06 0.999999997828 -1.77532416879e-05
0.702703586309 0.711482725652 2.97912908122e-05 5.66852090627 -0.711482724675 0.70270358692 -3.76588022625e-05 13.6237529835 -4.77280341912e-05 5.26698664727e-06 0.999999998847 -1.75865129829e-05
0.698980412869 0.715140812736 1.96071019138e-05 5.73981489055 -0.715140812269 0.698980413131 -2.61971130717e-05 13.6938764583 -3.24396049295e-05 4.28943012191e-06 0.999999999465 -1.75022381905e-05
0.695248776716 0.718769182945 1.11228203174e-05 5.81147209279 -0.718769182762 0.695248776796 -1.65941770319e-05 13.7636284657 -1.9660510287e-05 3.54234081248e-06 0.9999999998 -1.7485544651e-05
0.691505209719 0.722371472937 4.26817684893e-06 5.88349101315 -0.72237147289 0.691505209726 -8.73419314053e-06 13.8330066895 -9.26079849091e-06 2.95653086246e-06 0.999999999953 -1.75235479182e-05
0.687746872009 0.725950576858 -1.07495603632e-06 5.95587012451 -0.725950576858 0.687746872006 -2.47379917774e-06 13.9020088378 -1.05655828859e-06 2.48171260113e-06 0.999999999996 -1.76060787132e-05
0.683971509869 0.729508720758 -5.05758034583e-06 6.02860785592 -0.729508720757 0.683971509885 2.34847080176e-06 13.9706326547 5.17247079583e-06 2.08326184805e-06 0.999999999984 -1.77244504818e-05
0.680177400484 0.733047545395 -7.84972843117e-06 6.10170258405 -0.733047545373 0.680177400527 5.90407802695e-06 14.0388759274 9.66717778463e-06 1.73840371369e-06 0.999999999952 -1.78715840218e-05
0.676363289364 0.736568191486 -9.6289590569e-06 6.17515262906 -0.736568191439 0.676363289431 8.36726558217e-06 14.1067364918 1.26757360991e-05 1.43307368585e-06 0.999999999919 -1.80413643727e-05
0.67252832487 0.740071383135 -1.05708244928e-05 6.24895625411 -0.74007138307 0.672528324952 9.90935513546e-06 14.1742122335 1.44428090506e-05 1.15884269275e-06 0.999999999895 -1.82293883265e-05
0.668671993814 0.743557505894 -1.08421795314e-05 6.32311166432 -0.743557505817 0.668671993902 1.06936445771e-05 14.2413010876 1.52012014962e-05 9.11243329495e-07 0.999999999884 -1.84314017113e-05
0.664794059217 0.747026678719 -1.05961008111e-05 6.39761701321 -0.74702667864 0.664794059301 1.08720019276e-05 14.3080010377 1.5165900362e-05 6.87927702218e-07 0.999999999885 -1.8644117533e-05
0.66089450396 0.750478816847 -9.96877300006e-06 6.47247040329 -0.750478816772 0.660894504035 1.05822873625e-05 14.374310113 1.4530089787e-05 4.87577408581e-07 0.999999999894 -1.886501495e-05
0.656973478821 0.753913687396 -9.07820572611e-06 6.54766989467 -0.753913687331 0.656973478884 9.9466203423e-06 14.440226385 1.34630336173e-05 3.09517784526e-07 0.999999999909 -1.90916456318e-05
0.653031258289 0.757330955153 -8.02336352117e-06 6.62321350687 -0.757330955098 0.653031258339 9.07107516161e-06 14.5057479632 1.21093131927e-05 1.52645931759e-07 0.999999999927 -1.93232207848e-05
0.649068202218 0.760730220789 -6.88553723815e-06 6.69909922526 -0.760730220747 0.649068202255 8.04495369389e-06 14.5708729923 1.05892226765e-05 1.63126321207e-08 0.999999999944 -1.95577712186e-05
0.645084723812 0.764111051531 -5.72884652511e-06 6.77532500558 -0.764111051499 0.645084723837 6.94199021884e-06 14.6355996478 9.00004282439e-06 -1.00696900843e-07 0.999999999959 -1.97945317277e-05
0.641081263982 0.767473004704 -4.60226959588e-06 6.85188877847 -0.767473004682 0.641081263999 5.82100118611e-06 14.6999261325 7.41789008048e-06 -1.99617122927e-07 0.999999999972 -2.00325539127e-05
0.637058271055 0.770815645449 -3.5410967976e-06 6.92878845246 -0.770815645434 0.637058271065 4.72754355383e-06 14.7638506731 5.89994953938e-06 -2.82187909151e-07 0.999999999983 -2.02719895265e-05
0.633016185282 0.774138559409 -2.56956779595e-06 7.00602191815 -0.774138559401 0.633016185287 3.69487387882e-06 14.8273715169 4.48692234578e-06 -3.49713456026e-07 0.99999999999 -2.05117331095e-05
0.628955428167 0.777441360732 -1.7021073439e-06 7.08358705016 -0.777441360727 0.628955428169 2.74609302862e-06 14.8904869305 3.20547595414e-06 -4.03881467052e-07 0.999999999995 -2.07516912763e-05
0.624876394707 0.780723697179 -9.45324903063e-07 7.16148170944 -0.780723697177 0.624876394707 1.89563855304e-06 14.9531951959 2.0706811569e-06 -4.46502231341e-07 0.999999999998 -2.0992197606e-05
0.620779448858 0.783985252333 -3.00058288162e-07 7.23970374643 -0.783985252332 0.620779448858 1.15058682751e-06 15.0154946102 1.08831312305e-06 -4.79019383888e-07 0.999999999999 -2.12329142766e-05
0.616664921652 0.787225745517 2.37445060647e-07 7.31825100127 -0.787225745517 0.616664921652 5.12368824964e-07 15.0773834827 2.56925890491e-07 -5.0288274619e-07 1 -2.14737779929e-05
0.612533111034 0.790444930331 6.7415063352e-07 7.39712130462 -0.790444930331 0.612533111034 -2.19704545187e-08 15.1388601348 -4.30306019247e-07 -5.19421319688e-07 1 -2.17146459242e-05
0.608384282959 0.793642592259 1.01915089611e-06 7.4763124795 -0.793642592259 0.608384282959 -4.58572930074e-07 15.1999228986 -9.83978396124e-07 -5.29852995848e-07 0.999999999999 -2.19554198791e-05
0.604218673758 0.796818545392 1.28285921405e-06 7.55582234073 -0.796818545392 0.604218673759 -8.05694771483e-07 15.2605701168 -1.41712002878e-06 -5.35390186605e-07 0.999999999999 -2.21962914191e-05
0.600036492892 0.799972629029 1.47613671312e-06 7.6356486961 -0.799972629029 0.600036492894 -1.0729690441e-06 15.3208001422 -1.74408176345e-06 -5.37048384999e-07 0.999999999998 -2.24372987372e-05
0.595837925767 0.803104704391 1.60971089969e-06 7.7157893469 -0.80310470439 0.595837925769 -1.27067250143e-06 15.3806113363 -1.9796098672e-06 -5.35651528671e-07 0.999999999998 -2.26782863272e-05
0.591623137943 0.806214650479 1.69407701928e-06 7.79624208662 -0.806214650478 0.591623137946 -1.40902639362e-06 15.4400020714 -2.13823288351e-06 -5.32177095541e-07 0.999999999998 -2.29198421365e-05
0.587392277607 0.809302361423 1.73874226916e-06 7.87700470283 -0.809302361421 0.58739227761 -1.49807011913e-06 15.498970729 -2.23371546665e-06 -5.27213405047e-07 0.999999999997 -2.31619021762e-05
0.583145479389 0.812367742999 1.75224234978e-06 7.95807497495 -0.812367742998 0.583145479391 -1.54725189499e-06 15.5575157005 -2.27874973486e-06 -5.21192214837e-07 0.999999999997 -2.34041843679e-05
0.578882866795 0.815410710334 1.7423284999e-06 8.03945067573 -0.815410710333 0.578882866798 -1.56498906447e-06 15.6156353869 -2.28471296165e-06 -5.14767963589e-07 0.999999999997 -2.36472322598e-05
0.57460455509 0.818431185419 1.71543384576e-06 8.12112957116 -0.818431185418 0.574604555093 -1.55892164656e-06 15.6733281999 -2.26156619291e-06 -5.08201076749e-07 0.999999999997 -2.38908590267e-05
0.570310653492 0.821429095242 1.67691009264e-06 8.20310941978 -0.821429095241 0.570310653494 -1.53569495513e-06 15.7305925611 -2.21782420834e-06 -5.01639546774e-07 0.999999999997 -2.41347501902e-05
0.566001267309 0.824404370077 1.63141700876e-06 8.28538797241 -0.824404370076 0.566001267311 -1.50074760657e-06 15.787426903 -2.16060697971e-06 -4.95522264206e-07 0.999999999998 -2.43795269574e-05
0.561676499473 0.827356942279 1.58247685247e-06 8.3679629725 -0.827356942278 0.561676499475 -1.45871730933e-06 15.843829669 -2.09571995169e-06 -4.89945977861e-07 0.999999999998 -2.46251034892e-05
0.557336451847 0.830286745311 1.53277826068e-06 8.45083215558 -0.83028674531 0.557336451849 -1.41335472468e-06 15.8997993136 -2.02776289161e-06 -4.84931365888e-07 0.999999999998 -2.4871269679e-05
0.552981226166 0.833193713074 1.48439701973e-06 8.53399325029 -0.833193713073 0.552981226168 -1.36751361074e-06 15.9553343023 -1.96024742711e-06 -4.80580911278e-07 0.999999999998 -2.51181912365e-05
0.548610924992 0.836077779263 1.4388015104e-06 8.617443977 -0.836077779262 0.548610924994 -1.32332764115e-06 16.0104331122 -1.89574706295e-06 -4.76957970336e-07 0.999999999998 -2.53659964947e-05
0.544225652321 0.838938877007 1.39691118262e-06 8.70118204872 -0.838938877006 0.544225652323 -1.2823494272e-06 16.0650942323 -1.83604768799e-06 -4.74035645305e-07 0.999999999998 -2.56146975395e-05
0.539825513909 0.841776938702 1.35932085999e-06 8.78520517014 -0.841776938701 0.539825513911 -1.24556341397e-06 16.1193161631 -1.78228263938e-06 -4.71858042177e-07 0.999999999998 -2.58645120727e-05
0.535410617375 0.844591896007 1.32606284613e-06 8.86951103859 -0.844591896006 0.535410617376 -1.21367090628e-06 16.173097417 -1.73504473899e-06 -4.70169644217e-07 0.999999999998 -2.61148846053e-05
0.530981072688 0.847383679596 1.29725209615e-06 8.95409734333 -0.847383679595 0.53098107269 -1.18684620667e-06 16.226436519 -1.69453041529e-06 -4.69077382665e-07 0.999999999998 -2.63662449501e-05
0.526536991423 0.8501522197 1.27265266438e-06 9.03896176651 -0.8501522197 0.526536991424 -1.1650676628e-06 16.2793320051 -1.66058356466e-06 -4.68497265556e-07 0.999999999999 -2.66185382818e-05
0.52207848775 0.852897445551 1.25185548285e-06 9.1241019817 -0.85289744555 0.522078487751 -1.14818696506e-06 16.3317824247 -1.63285254688e-06 -4.68260629148e-07 0.999999999999 -2.68714585505e-05
0.517605677251 0.855619286176 1.23447619777e-06 9.20951565609 -0.855619286175 0.517605677252 -1.13582109539e-06 16.3837863383 -1.61080232326e-06 -4.6833419582e-07 0.999999999999 -2.71250850775e-05
0.513118677809 0.858317669912 1.2202585947e-06 9.29520044805 -0.858317669911 0.51311867781 -1.12743656188e-06 16.43534232 -1.59383619947e-06 -4.68860755749e-07 0.999999999999 -2.73799564242e-05
0.508617608615 0.860992525058 1.20858390521e-06 9.38115400866 -0.860992525057 0.508617608617 -1.12265325615e-06 16.4864489551 -1.58130311746e-06 -4.69580493842e-07 0.999999999999 -2.76354926826e-05
0.504102590369 0.863643779797 1.19909792926e-06 9.46737398273 -0.863643779796 0.50410259037 -1.12091801023e-06 16.5371048425 -1.57254223945e-06 -4.70535795424e-07 0.999999999999 -2.78920125711e-05
0.499573744994 0.866271362398 1.19129850223e-06 9.55385800651 -0.866271362398 0.499573744995 -1.12178128638e-06 16.5873085925 -1.56690845744e-06 -4.71575298248e-07 0.999999999999 -2.8149221662e-05
0.495031195692 0.868875201217 1.18497060791e-06 9.64060370879 -0.868875201217 0.495031195693 -1.12468714043e-06 16.6370588282 -1.56381018234e-06 -4.72836355475e-07 0.999999999999 -2.84075335895e-05
0.490475066636 0.871455224901 1.17968053487e-06 9.72760871164 -0.8714552249 0.490475066637 -1.12927769148e-06 16.6863541859 -1.56271883355e-06 -4.74156214846e-07 0.999999999999 -2.86666183164e-05
