1 0 0 -1.27221029604e-09 0 1 0 -1.80642970525e-10 0 0 1 2.89089183159e-10
0.999997652691 0.00216670551911 2.65344897868e-19 7.13071670223e-05 -0.00216670551911 0.999997652691 -2.87462464721e-22 0.0999999559918 -2.65344897868e-19 -2.87462464721e-22 1 -6.80958477106e-10
0.99997994977 0.00633246069618 7.7550277223e-19 0.000466307354599 -0.00633246069618 0.99997994977 -2.45544502858e-21 0.199999105596 -7.7550277223e-19 -2.45544502858e-21 1 -2.62055928346e-09
0.999937332859 0.0111951040538 1.37100483456e-18 0.00131518678998 -0.0111951040538 0.999937332859 -7.67451136039e-21 0.299995405182 -1.37100483456e-18 -7.67451136039e-21 1 -6.87421200518e-09
0.999867138132 0.0163004933704 1.99623470306e-18 0.00266333241085 -0.0163004933704 0.999867138132 -1.62708861617e-20 0.399986210392 -1.99623470306e-18 -1.62708861617e-20 1 -1.35961755743e-08
0.999769059374 0.0214901819215 2.63178825033e-18 0.00452653448986 -0.0214901819215 0.999769059374 -2.82820698786e-20 0.499968740954 -2.63178825033e-18 -2.82820698786e-20 1 -1.98483341707e-08
0.999643255587 0.0267088292386 3.2708882236e-18 0.00691026448224 -0.0267088292386 0.999643255587 -4.36885903415e-20 0.599940213101 -3.2708882236e-18 -4.36885903415e-20 1 -2.85205451478e-08
0.999489882426 0.0319370463364 3.91116015701e-18 0.00981637707576 -0.0319370463364 0.999489882426 -6.24713854576e-20 0.699897863318 -3.91116015701e-18 -6.24713854576e-20 1 -3.7124185337e-08
0.999309031927 0.0371679796085 4.55176472583e-18 0.0132454634244 -0.0371679796085 0.999309031927 -8.46191838333e-20 0.799838940876 -4.55176472583e-18 -8.46191838333e-20 1 -4.95776199538e-08
0.999100751881 0.0423991461101 5.19239785703e-18 0.0171976670873 -0.0423991461101 0.999100751881 -1.1012613306e-19 0.899760696714 -5.19239785703e-18 -1.1012613306e-19 1 -6.27991564306e-08
0.998865067196 0.0476295867696 5.83294209821e-18 0.0216729586205 -0.0476295867696 0.998865067196 -1.38989182586e-19 0.999660391964 -5.83294209821e-18 -1.38989182586e-19 1 -7.85977533613e-08
0.998601992516 0.0528588738289 6.47334506411e-18 0.02667124665 -0.0528588738289 0.998601992516 -1.71206539009e-19 1.09953528738 -6.47334506411e-18 -1.71206539009e-19 1 -9.55329332308e-08
0.998311538427 0.0580867647895 7.11357705723e-18 0.0321923997147 -0.0580867647895 0.998311538427 -2.06776906098e-19 1.19938264145 -7.11357705723e-18 -2.06776906098e-19 1 -1.12961618393e-07
0.997993714247 0.0633130817666 7.75361629297e-18 0.0382362753401 -0.0633130817666 0.997993714247 -2.45699142516e-19 1.29919971848 -7.75361629297e-18 -2.45699142516e-19 1 -1.3158817036e-07
0.997648529227 0.0685376694306 8.39344374892e-18 0.0448027048972 -0.0685376694306 0.997648529227 -2.8797211553e-19 1.39898378272 -8.39344374892e-18 -2.8797211553e-19 1 -1.54719361767e-07
0.997275993039 0.0737603803469 9.03304136958e-18 0.051891509267 -0.0737603803469 0.997275993039 -3.33594640616e-19 1.49873209741 -9.03304136958e-18 -3.33594640616e-19 1 -1.76967928645e-07
0.996876115976 0.0789810698685 9.67239144077e-18 0.0595024951537 -0.0789810698685 0.996876115976 -3.8256545715e-19 1.59844192715 -9.67239144077e-18 -3.8256545715e-19 1 -2.00456546584e-07
0.996448909032 0.0841995943572 1.03114763719e-17 0.067635454307 -0.0841995943572 0.996448909032 -4.34883218805e-19 1.69811053994 -1.03114763719e-17 -4.34883218805e-19 1 -2.26518699686e-07
0.99599438393 0.0894158105667 1.09502786204e-17 0.0762901603869 -0.0894158105667 0.99599438393 -4.90546489837e-19 1.79773520282 -1.09502786204e-17 -4.90546489837e-19 1 -2.54154200685e-07
0.995512553137 0.0946295754297 1.15887806655e-17 0.0854663817486 -0.0946295754297 0.995512553137 -5.49553743672e-19 1.89731318433 -1.15887806655e-17 -5.49553743672e-19 1 -2.83801525836e-07
0.995003429864 0.0998407459867 1.22269649997e-17 0.0951638620807 -0.0998407459867 0.995003429864 -6.11903362395e-19 1.9968417541 -1.22269649997e-17 -6.11903362395e-19 1 -3.14221528019e-07
0.994467028068 0.105049179363 1.2864814126e-17 0.105382338154 -0.105049179363 0.994467028068 -6.77593636585e-19 2.09631818415 -1.2864814126e-17 -6.77593636585e-19 1 -3.46156767694e-07
0.993903362457 0.110254732765 1.35023105571e-17 0.116121531721 -0.110254732765 0.993903362457 -7.46622765282e-19 2.1957397473 -1.35023105571e-17 -7.46622765282e-19 1 -3.79912984849e-07
0.993312448482 0.115457263478 1.41394368156e-17 0.127381142352 -0.115457263478 0.993312448482 -8.18988856007e-19 2.29510371693 -1.41394368156e-17 -8.18988856007e-19 1 -4.14061793519e-07
0.992694302346 0.120656628872 1.47761754343e-17 0.139160865832 -0.120656628872 0.992694302346 -8.94689924804e-19 2.39440736947 -1.47761754343e-17 -8.94689924804e-19 1 -4.52921862459e-07
0.992048940993 0.125852686403 1.54125089568e-17 0.151460376257 -0.125852686403 0.992048940993 -9.73723896287e-19 2.49364798405 -1.54125089568e-17 -9.73723896287e-19 1 -4.91067694286e-07
0.991376382117 0.13104529362 1.60484199375e-17 0.164279339657 -0.13104529362 0.991376382117 -1.0560886037e-18 2.59282283633 -1.60484199375e-17 -1.0560886037e-18 1 -5.30724265868e-07
0.990676644158 0.136234308163 1.66838909426e-17 0.177617403944 -0.136234308163 0.990676644158 -1.14178178898e-18 2.69192921201 -1.66838909426e-17 -1.14178178898e-18 1 -5.72580503677e-07
0.989949746297 0.141419587774 1.73189045505e-17 0.19147420378 -0.141419587774 0.989949746297 -1.23080110279e-18 2.79096439004 -1.73189045505e-17 -1.23080110279e-18 1 -6.15336633869e-07
0.989195708464 0.146600990296 1.79534433518e-17 0.205849355027 -0.146600990296 0.989195708464 -1.32314410463e-18 2.8899256568 -1.79534433518e-17 -1.32314410463e-18 1 -6.60782250916e-07
0.988414551331 0.151778373678 1.85874899504e-17 0.220742468332 -0.151778373678 0.988414551331 -1.41880826287e-18 2.98881029962 -1.85874899504e-17 -1.41880826287e-18 1 -7.06060365063e-07
0.987606296314 0.156951595979 1.92210269636e-17 0.236153132131 -0.156951595979 0.987606296314 -1.51779095482e-18 3.08761560703 -1.92210269636e-17 -1.51779095482e-18 1 -7.53793315988e-07
0.986770965572 0.162120515372 1.98540370227e-17 0.252080928495 -0.162120515372 0.986770965572 -1.62008946683e-18 3.18633886945 -1.98540370227e-17 -1.62008946683e-18 1 -8.03430656671e-07
0.985908582005 0.16728499015 2.04865027733e-17 0.268525416354 -0.16728499015 0.985908582005 -1.72570099434e-18 3.28497738398 -2.04865027733e-17 -1.72570099434e-18 1 -8.54585078924e-07
0.985019169256 0.172444878725 2.1118406876e-17 0.285486144862 -0.172444878725 0.985019169256 -1.83462264194e-18 3.3835284414 -2.1118406876e-17 -1.83462264194e-18 1 -9.07320265364e-07
0.984102751709 0.177600039637 2.1749732007e-17 0.302962651354 -0.177600039637 0.984102751709 -1.9468514235e-18 3.4819893425 -2.1749732007e-17 -1.9468514235e-18 1 -9.60974609665e-07
0.983159354488 0.182750331554 2.23804608581e-17 0.320954457465 -0.182750331554 0.983159354488 -2.0623842622e-18 3.58035738783 -2.23804608581e-17 -2.0623842622e-18 1 -1.01808805542e-06
0.982189003456 0.187895613278 2.30105761375e-17 0.339461065344 -0.187895613278 0.982189003456 -2.18121799067e-18 3.67862988014 -2.30105761375e-17 -2.18121799067e-18 1 -1.07410050498e-06
0.981191725217 0.193035743749 2.36400605704e-17 0.35848197435 -0.193035743749 0.981191725217 -2.303349351e-18 3.7768041266 -2.36400605704e-17 -2.303349351e-18 1 -1.13244834288e-06
0.980167547112 0.198170582048 2.4268896899e-17 0.37801665564 -0.198170582048 0.980167547112 -2.4287749949e-18 3.87487743257 -2.4268896899e-17 -2.4287749949e-18 1 -1.19280301303e-06
0.979116497217 0.2032999874 2.48970678836e-17 0.398064580555 -0.2032999874 0.979116497217 -2.55749148378e-18 3.9728471122 -2.48970678836e-17 -2.55749148378e-18 1 -1.2530385598e-06
0.97803860435 0.20842381918 2.55245563025e-17 0.418625192856 -0.20842381918 0.97803860435 -2.6894952888e-18 4.07071047937 -2.55245563025e-17 -2.6894952888e-18 1 -1.31854615226e-06
0.97693389806 0.213541936916 2.61513449528e-17 0.439697933664 -0.213541936916 0.97693389806 -2.82478279101e-18 4.16846485018 -2.61513449528e-17 -2.82478279101e-18 1 -1.38244804826e-06
0.975802408633 0.218654200292 2.67774166508e-17 0.461282224341 -0.218654200292 0.975802408633 -2.96335028143e-18 4.26610754442 -2.67774166508e-17 -2.96335028143e-18 1 -1.44902220911e-06
0.974644167091 0.223760469153 2.74027542324e-17 0.483377470172 -0.223760469153 0.974644167091 -3.10519396117e-18 4.36363588508 -2.74027542324e-17 -3.10519396117e-18 1 -1.51626451217e-06
0.973459205187 0.228860603507 2.80273405536e-17 0.505983071454 -0.228860603507 0.973459205187 -3.25030994151e-18 4.46104720134 -2.80273405536e-17 -3.25030994151e-18 1 -1.5867829033e-06
0.972247555406 0.233954463532 2.86511584911e-17 0.529098400957 -0.233954463532 0.972247555406 -3.39869424403e-18 4.55833881881 -2.86511584911e-17 -3.39869424403e-18 1 -1.65750936043e-06
0.971009250968 0.239041909578 2.92741909426e-17 0.552722832759 -0.239041909578 0.971009250968 -3.55034280069e-18 4.65550807123 -2.92741909426e-17 -3.55034280069e-18 1 -1.72956487843e-06
0.969744325821 0.244122802168 2.98964208274e-17 0.576855711368 -0.244122802168 0.969744325821 -3.70525145397e-18 4.7525522956 -2.98964208274e-17 -3.70525145397e-18 1 -1.8031405169e-06
0.968452814643 0.249197002009 3.05178310867e-17 0.601496381419 -0.249197002009 0.968452814643 -3.86341595697e-18 4.84946883119 -3.05178310867e-17 -3.86341595697e-18 1 -1.87944993391e-06
0.967134752842 0.254264369988 3.11384046843e-17 0.626644165762 -0.254264369988 0.967134752842 -4.02483197354e-18 4.94625501971 -3.11384046843e-17 -4.02483197354e-18 1 -1.95654139645e-06
0.965790176553 0.259324767181 3.17581246068e-17 0.652298371741 -0.259324767181 0.965790176553 -4.18949507836e-18 5.04290820944 -3.17581246068e-17 -4.18949507836e-18 1 -2.03510113383e-06
0.964419122639 0.264378054854 3.23769738642e-17 0.678458299992 -0.264378054854 0.964419122639 -4.35740075713e-18 5.13942575001 -3.23769738642e-17 -4.35740075713e-18 1 -2.11446177278e-06
0.963021628687 0.26942409447 3.29949354906e-17 0.705123230151 -0.26942409447 0.963021628687 -4.52854440661e-18 5.23580499469 -3.29949354906e-17 -4.52854440661e-18 1 -2.19711557436e-06
0.961597733011 0.274462747688 3.36119925441e-17 0.732292433754 -0.274462747688 0.961597733011 -4.70292133482e-18 5.33204330155 -3.36119925441e-17 -4.70292133482e-18 1 -2.27918806806e-06
0.960147474647 0.279493876371 3.42281281079e-17 0.759965164873 -0.279493876371 0.960147474647 -4.88052676113e-18 5.42813803205 -3.42281281079e-17 -4.88052676113e-18 1 -2.36402583687e-06
0.958670893355 0.284517342588 3.48433252902e-17 0.78814066498 -0.284517342588 0.958670893355 -5.0613558164e-18 5.52408655252 -3.48433252902e-17 -5.0613558164e-18 1 -2.4503927798e-06
0.957168029617 0.289533008618 3.54575672252e-17 0.816818160655 -0.289533008618 0.957168029617 -5.24540354311e-18 5.61988623235 -3.54575672252e-17 -5.24540354311e-18 1 -2.53763857661e-06
0.955638924633 0.294540736955 3.60708370731e-17 0.845996869888 -0.294540736955 0.955638924633 -5.43266489549e-18 5.71553444365 -3.60708370731e-17 -5.43266489549e-18 1 -2.62675621254e-06
0.954083620326 0.299540390309 3.66831180207e-17 0.875675986714 -0.299540390309 0.954083620326 -5.62313473967e-18 5.81102856701 -3.66831180207e-17 -5.62313473967e-18 1 -2.71830966314e-06
0.952502159334 0.304531831612 3.72943932822e-17 0.905854700358 -0.304531831612 0.952502159334 -5.81680785385e-18 5.9063659815 -3.72943932822e-17 -5.81680785385e-18 1 -2.80949944509e-06
0.950894585014 0.30951492402 3.7904646099e-17 0.936532182178 -0.30951492402 0.950894585014 -6.01367892835e-18 6.00154407405 -3.7904646099e-17 -6.01367892835e-18 1 -2.90223018995e-06
0.949260941439 0.314489530921 3.85138597408e-17 0.967707594472 -0.314489530921 0.949260941439 -6.21374256588e-18 6.09656023621 -3.85138597408e-17 -6.21374256588e-18 1 -2.99788526759e-06
0.947601273395 0.319455515932 3.91220175056e-17 0.999380078624 -0.319455515932 0.947601273395 -6.41699328158e-18 6.19141186343 -3.91220175056e-17 -6.41699328158e-18 1 -3.09442890867e-06
0.945915626384 0.324412742909 3.97291027206e-17 1.03154876997 -0.324412742909 0.945915626384 -6.62342550322e-18 6.28609635382 -3.97291027206e-17 -6.62342550322e-18 1 -3.19229358947e-06
0.944204046619 0.329361075947 4.03350987422e-17 1.06421278198 -0.329361075947 0.944204046619 -6.83303357138e-18 6.38061111273 -4.03350987422e-17 -6.83303357138e-18 1 -3.29211725392e-06
0.942466581022 0.334300379384 4.09399889567e-17 1.09737122569 -0.334300379384 0.942466581022 -7.04581173953e-18 6.47495354904 -4.09399889567e-17 -7.04581173953e-18 1 -3.39399521243e-06
0.940703277228 0.339230517808 4.15437567807e-17 1.13102318419 -0.339230517808 0.940703277228 -7.26175417425e-18 6.56912107438 -4.15437567807e-17 -7.26175417425e-18 1 -3.49630303553e-06
0.938914183579 0.344151356056 4.21463856616e-17 1.16516773933 -0.344151356056 0.938914183579 -7.48085495537e-18 6.66311110892 -4.21463856616e-17 -7.48085495537e-18 1 -3.60053360593e-06
0.937099349122 0.34906275922 4.2747859078e-17 1.1998039562 -0.34906275922 0.937099349122 -7.70310807615e-18 6.75692107581 -4.2747859078e-17 -7.70310807615e-18 1 -3.70504256697e-06
0.935258823614 0.353964592652 4.33481605403e-17 1.23493088273 -0.353964592652 0.935258823614 -7.92850744338e-18 6.85054840278 -4.33481605403e-17 -7.92850744338e-18 1 -3.8119656991e-06
0.933392657513 0.358856721967 4.39472735909e-17 1.27054755687 -0.358856721967 0.933392657513 -8.15704687764e-18 6.94399052343 -4.39472735909e-17 -8.15704687764e-18 1 -3.92144392869e-06
0.931500901981 0.363739013043 4.45451818048e-17 1.30665300201 -0.363739013043 0.931500901981 -8.3887201134e-18 7.0372448764 -4.45451818048e-17 -8.3887201134e-18 1 -4.03026951856e-06
0.92958360888 0.36861133203 4.514186879e-17 1.3432462286 -0.36861133203 0.92958360888 -8.62352079923e-18 7.13030890312 -4.514186879e-17 -8.62352079923e-18 1 -4.1422934709e-06
0.927640830776 0.373473545352 4.57373181881e-17 1.3803262333 -0.373473545352 0.927640830776 -8.86144249794e-18 7.22318005374 -4.57373181881e-17 -8.86144249794e-18 1 -4.25515559099e-06
0.925672620929 0.378325519707 4.63315136745e-17 1.41789199926 -0.378325519707 0.925672620929 -9.10247868679e-18 7.31585578282 -4.63315136745e-17 -9.10247868679e-18 1 -4.36913344215e-06
0.9236790333 0.383167122078 4.69244389591e-17 1.45594249683 -0.383167122078 0.9236790333 -9.34662275765e-18 7.40833354678 -4.69244389591e-17 -9.34662275765e-18 1 -4.48572484002e-06
0.921660122544 0.387998219728 4.75160777864e-17 1.49447668147 -0.387998219728 0.921660122544 -9.59386801719e-18 7.50061081383 -4.75160777864e-17 -9.59386801719e-18 1 -4.60158459603e-06
0.91961594401 0.392818680211 4.81064139365e-17 1.53349349861 -0.392818680211 0.91961594401 -9.84420768705e-18 7.59268505267 -4.81064139365e-17 -9.84420768705e-18 1 -4.72115935857e-06
0.91754655374 0.397628371371 4.8695431225e-17 1.57299188015 -0.397628371371 0.91754655374 -1.0097634904e-17 7.68455373794 -4.8695431225e-17 -1.0097634904e-17 1 -4.84171129322e-06
0.915452008468 0.402427161349 4.92831135036e-17 1.61297073578 -0.402427161349 0.915452008468 -1.03541427203e-17 7.7762143526 -4.92831135036e-17 -1.03541427203e-17 1 -4.96154015961e-06
0.913332365617 0.407214918582 4.98694446607e-17 1.65342897946 -0.407214918582 0.913332365617 -1.06137241037e-17 7.86766438323 -4.98694446607e-17 -1.06137241037e-17 1 -5.08647662256e-06
0.911187683298 0.411991511814 5.04544086218e-17 1.6943654958 -0.411991511814 0.911187683298 -1.08763719374e-17 7.9589013204 -5.04544086218e-17 -1.08763719374e-17 1 -5.20939206705e-06
0.909018020308 0.416756810089 5.10379893499e-17 1.73577916546 -0.416756810089 0.909018020308 -1.1142079021e-17 8.0499226686 -5.10379893499e-17 -1.1142079021e-17 1 -5.33490635535e-06
0.90682343613 0.421510682766 5.16201708456e-17 1.7776688478 -0.421510682766 0.90682343613 -1.14108380699e-17 8.14072592581 -5.16201708456e-17 -1.14108380699e-17 1 -5.46337328089e-06
0.904603990929 0.426252999515 5.22009371483e-17 1.82003340091 -0.426252999515 0.904603990929 -1.16826417161e-17 8.23130860787 -5.22009371483e-17 -1.16826417161e-17 1 -5.59121343446e-06
0.902359745553 0.430983630323 5.2780272336e-17 1.86287165975 -0.430983630323 0.902359745553 -1.19574825077e-17 8.32166822721 -5.2780272336e-17 -1.19574825077e-17 1 -5.7225545893e-06
0.900090761528 0.435702445497 5.33581605258e-17 1.90618245228 -0.435702445497 0.900090761528 -1.223535291e-17 8.41180230971 -5.33581605258e-17 -1.223535291e-17 1 -5.85409368714e-06
0.897797101061 0.440409315668 5.39345858747e-17 1.94996458658 -0.440409315668 0.897797101061 -1.25162453049e-17 8.50170838241 -5.39345858747e-17 -1.25162453049e-17 1 -5.98520055739e-06
0.895478827032 0.445104111795 5.45095325797e-17 1.99421686668 -0.445104111795 0.895478827032 -1.28001519918e-17 8.59138398093 -5.45095325797e-17 -1.28001519918e-17 1 -6.12023803104e-06
0.893136003 0.449786705168 5.50829848783e-17 2.03893807723 -0.449786705168 0.893136003 -1.30870651871e-17 8.68082664889 -5.50829848783e-17 -1.30870651871e-17 1 -6.25527063347e-06
0.890768693192 0.454456967411 5.5654927049e-17 2.08412699618 -0.454456967411 0.890768693192 -1.33769770249e-17 8.77003393115 -5.5654927049e-17 -1.33769770249e-17 1 -6.39271626568e-06
0.888376962511 0.459114770487 5.62253434119e-17 2.12978237946 -0.459114770487 0.888376962511 -1.36698795572e-17 8.85900338226 -5.62253434119e-17 -1.36698795572e-17 1 -6.53121454519e-06
0.885960876527 0.4637599867 5.67942183285e-17 2.17590297499 -0.4637599867 0.885960876527 -1.39657647539e-17 8.94773256455 -5.67942183285e-17 -1.39657647539e-17 1 -6.6712744049e-06
0.883520501477 0.468392488698 5.73615362029e-17 2.22248752172 -0.468392488698 0.883520501477 -1.42646245032e-17 9.03621904552 -5.73615362029e-17 -1.42646245032e-17 1 -6.81376496203e-06
0.881055904267 0.47301214948 5.79272814819e-17 2.26953474349 -0.47301214948 0.881055904267 -1.45664506117e-17 9.12446039885 -5.79272814819e-17 -1.45664506117e-17 1 -6.9545356256e-06
0.878567152464 0.477618842395 5.84914386551e-17 2.31704334655 -0.477618842395 0.878567152464 -1.48712348046e-17 9.21245420516 -5.84914386551e-17 -1.48712348046e-17 1 -7.09963979961e-06
0.876054314299 0.482212441148 5.90539922561e-17 2.36501203307 -0.482212441148 0.876054314299 -1.51789687262e-17 9.30019805297 -5.90539922561e-17 -1.51789687262e-17 1 -7.24407524455e-06
0.873517458663 0.486792819803 5.9614926862e-17 2.41343948157 -0.486792819803 0.873517458663 -1.54896439397e-17 9.3876895342 -5.9614926862e-17 -1.54896439397e-17 1 -7.39175319353e-06
0.870956655104 0.491359852787 6.01742270945e-17 2.46232436985 -0.491359852787 0.870956655104 -1.58032519279e-17 9.47492625379 -6.01742270945e-17 -1.58032519279e-17 1 -7.54021157157e-06
0.868371973828 0.495913414893 6.07318776202e-17 2.51166535664 -0.495913414893 0.868371973828 -1.6119784093e-17 9.56190581756 -6.07318776202e-17 -1.6119784093e-17 1 -7.68926629213e-06
0.865763485696 0.500453381281 6.12878631509e-17 2.5614610877 -0.500453381281 0.865763485696 -1.64392317571e-17 9.64862584064 -6.12878631509e-17 -1.64392317571e-17 1 -7.84046882885e-06
0.86313126222 0.504979627488 6.18421684438e-17 2.61171019687 -0.504979627488 0.86313126222 -1.67615861625e-17 9.73508394745 -6.18421684438e-17 -1.67615861625e-17 1 -7.99263572038e-06
0.860475375565 0.509492029423 6.23947783024e-17 2.66241131226 -0.509492029423 0.860475375565 -1.70868384716e-17 9.82127776594 -6.23947783024e-17 -1.70868384716e-17 1 -8.1449858067e-06
0.857795898543 0.513990463377 6.29456775766e-17 2.71356303801 -0.513990463377 0.857795898543 -1.74149797674e-17 9.90720493682 -6.29456775766e-17 -1.74149797674e-17 1 -8.30130150486e-06
0.855092904614 0.518474806022 6.34948511633e-17 2.76516397233 -0.518474806022 0.855092904614 -1.77460010539e-17 9.9928630979 -6.34948511633e-17 -1.77460010539e-17 1 -8.45724916942e-06
0.85236646788 0.522944934419 6.40422840066e-17 2.81721270349 -0.522944934419 0.85236646788 -1.80798932558e-17 10.0782499066 -6.40422840066e-17 -1.80798932558e-17 1 -8.61440576827e-06
0.849616663089 0.527400726016 6.45879610983e-17 2.86970780176 -0.527400726016 0.849616663089 -1.84166472194e-17 10.1633630189 -6.45879610983e-17 -1.84166472194e-17 1 -8.77363632767e-06
0.846843565628 0.531842058656 6.51318674785e-17 2.9226478298 -0.531842058656 0.846843565628 -1.87562537123e-17 10.2482001029 -6.51318674785e-17 -1.87562537123e-17 1 -8.93451659056e-06
0.844047251522 0.536268810577 6.56739882355e-17 2.97603133664 -0.536268810577 0.844047251522 -1.90987034241e-17 10.3327588327 -6.56739882355e-17 -1.90987034241e-17 1 -9.0960165906e-06
0.841227797435 0.540680860418 6.62143085071e-17 3.02985685782 -0.540680860418 0.841227797435 -1.94439869664e-17 10.4170368881 -6.62143085071e-17 -1.94439869664e-17 1 -9.25875706592e-06
0.838385280663 0.54507808722 6.67528134799e-17 3.08412291585 -0.54507808722 0.838385280663 -1.97920948731e-17 10.5010319605 -6.67528134799e-17 -1.97920948731e-17 1 -9.42248553226e-06
0.835519779135 0.54946037043 6.72894883906e-17 3.13882802519 -0.54946037043 0.835519779135 -2.01430176005e-17 10.5847417479 -6.72894883906e-17 -2.01430176005e-17 1 -9.58843091148e-06
0.832631371411 0.553827589907 6.7824318526e-17 3.19397068861 -0.553827589907 0.832631371411 -2.0496745528e-17 10.6681639521 -6.7824318526e-17 -2.0496745528e-17 1 -9.75559447269e-06
0.829720136676 0.558179625922 6.83572892234e-17 3.24954938849 -0.558179625922 0.829720136676 -2.08532689579e-17 10.751296289 -6.83572892234e-17 -2.08532689579e-17 1 -9.92315522108e-06
0.826786154745 0.562516359159 6.88883858712e-17 3.30556260333 -0.562516359159 0.826786154745 -2.12125781159e-17 10.8341364796 -6.88883858712e-17 -2.12125781159e-17 1 -1.00934304292e-05
0.823829506054 0.566837670727 6.94175939092e-17 3.36200879995 -0.566837670727 0.823829506054 -2.15746631515e-17 10.9166822513 -6.94175939092e-17 -2.15746631515e-17 1 -1.02639009389e-05
0.820850271661 0.571143442153 6.99448988287e-17 3.41888642691 -0.571143442153 0.820850271661 -2.19395141379e-17 10.9989313406 -6.99448988287e-17 -2.19395141379e-17 1 -1.04373370764e-05
0.817848533243 0.575433555394 7.04702861735e-17 3.47619392651 -0.575433555394 0.817848533243 -2.23071210724e-17 11.080881494 -7.04702861735e-17 -2.23071210724e-17 1 -1.06097760941e-05
0.814824373094 0.579707892832 7.09937415398e-17 3.53392972993 -0.579707892832 0.814824373094 -2.26774738771e-17 11.1625304643 -7.09937415398e-17 -2.26774738771e-17 1 -1.07844411685e-05
0.811777874123 0.583966337286 7.15152505768e-17 3.59209225339 -0.583966337286 0.811777874123 -2.30505623984e-17 11.243876014 -7.15152505768e-17 -2.30505623984e-17 1 -1.09598180824e-05
0.808709119852 0.588208772008 7.20347989871e-17 3.65067990176 -0.588208772008 0.808709119852 -2.34263764079e-17 11.3249159119 -7.20347989871e-17 -2.34263764079e-17 1 -1.11370657097e-05
0.805618194412 0.59243508069 7.25523725269e-17 3.70969106549 -0.59243508069 0.805618194412 -2.38049056026e-17 11.4056479352 -7.25523725269e-17 -2.38049056026e-17 1 -1.13154047865e-05
0.802505182542 0.596645147464 7.30679570069e-17 3.76912413339 -0.596645147464 0.802505182542 -2.41861396048e-17 11.4860698734 -7.30679570069e-17 -2.41861396048e-17 1 -1.14951499404e-05
0.799370169588 0.60083885691 7.35815382919e-17 3.82897746972 -0.60083885691 0.799370169588 -2.45700679628e-17 11.5661795192 -7.35815382919e-17 -2.45700679628e-17 1 -1.16762075457e-05
0.796213241496 0.605016094056 7.40931023018e-17 3.88924943823 -0.605016094056 0.796213241496 -2.49566801511e-17 11.6459746771 -7.40931023018e-17 -2.49566801511e-17 1 -1.18576105477e-05
0.793034484816 0.60917674438 7.46026350119e-17 3.94993838143 -0.60917674438 0.793034484816 -2.53459655704e-17 11.7254531603 -7.46026350119e-17 -2.53459655704e-17 1 -1.20412910043e-05
0.789833986695 0.613320693815 7.51101224531e-17 4.0110426407 -0.613320693815 0.789833986695 -2.57379135484e-17 11.8046127899 -7.51101224531e-17 -2.57379135484e-17 1 -1.22273412435e-05
0.786611834876 0.617447828754 7.56155507124e-17 4.07256054163 -0.617447828754 0.786611834876 -2.61325133395e-17 11.8834513942 -7.56155507124e-17 -2.61325133395e-17 1 -1.24121102347e-05
0.783368117696 0.621558036049 7.61189059331e-17 4.13449039216 -0.621558036049 0.783368117696 -2.65297541256e-17 11.961966812 -7.61189059331e-17 -2.65297541256e-17 1 -1.25999300753e-05
0.780102924084 0.625651203016 7.66201743156e-17 4.19683049604 -0.625651203016 0.780102924084 -2.69296250162e-17 12.0401568929 -7.66201743156e-17 -2.69296250162e-17 1 -1.27873069236e-05
0.776816343556 0.629727217439 7.71193421173e-17 4.25957914833 -0.629727217439 0.776816343556 -2.73321150486e-17 12.1180194915 -7.71193421173e-17 -2.73321150486e-17 1 -1.29774884403e-05
0.773508466216 0.633785967573 7.76163956533e-17 4.32273462287 -0.633785967573 0.773508466216 -2.77372131883e-17 12.1955524737 -7.76163956533e-17 -2.77372131883e-17 1 -1.31683152835e-05
0.77017938275 0.637827342144 7.81113212965e-17 4.38629519223 -0.637827342144 0.77017938275 -2.81449083293e-17 12.2727537126 -7.81113212965e-17 -2.81449083293e-17 1 -1.33603575012e-05
0.766829184428 0.641851230356 7.86041054785e-17 4.4502591126 -0.641851230356 0.766829184428 -2.85551892945e-17 12.3496210934 -7.86041054785e-17 -2.85551892945e-17 1 -1.35528818896e-05
0.763457963096 0.645857521893 7.90947346892e-17 4.51462463053 -0.645857521893 0.763457963096 -2.89680448359e-17 12.4261525082 -7.90947346892e-17 -2.89680448359e-17 1 -1.37483078948e-05
0.760065811178 0.64984610692 7.95831954777e-17 4.57938998132 -0.64984610692 0.760065811178 -2.93834636347e-17 12.5023458588 -7.95831954777e-17 -2.93834636347e-17 1 -1.39434219477e-05
0.756652821672 0.653816876087 8.00694744528e-17 4.64455339293 -0.653816876087 0.756652821672 -2.98014343021e-17 12.5781990565 -8.00694744528e-17 -2.98014343021e-17 1 -1.414020812e-05
0.753219088147 0.657769720534 8.05535582828e-17 4.71011307137 -0.657769720534 0.753219088147 -3.02219453792e-17 12.6537100221 -8.05535582828e-17 -3.02219453792e-17 1 -1.43382471691e-05
0.74976470474 0.661704531892 8.10354336963e-17 4.77606722244 -0.661704531892 0.74976470474 -3.06449853374e-17 12.7288766826 -8.10354336963e-17 -3.06449853374e-17 1 -1.45372472407e-05
0.746289766155 0.665621202286 8.15150874824e-17 4.84241404251 -0.665621202286 0.746289766155 -3.1070542579e-17 12.803696982 -8.15150874824e-17 -3.1070542579e-17 1 -1.47377782111e-05
0.742794367659 0.669519624339 8.19925064913e-17 4.90915170669 -0.669519624339 0.742794367659 -3.1498605437e-17 12.8781688657 -8.19925064913e-17 -3.1498605437e-17 1 -1.49400438101e-05
0.73927860508 0.673399691173 8.24676776341e-17 4.97627838922 -0.673399691173 0.73927860508 -3.19291621758e-17 12.9522902937 -8.24676776341e-17 -3.19291621758e-17 1 -1.51420912227e-05
0.735742574804 0.677261296414 8.2940587884e-17 5.04379224636 -0.677261296414 0.735742574804 -3.23622009917e-17 13.0260592328 -8.2940587884e-17 -3.23622009917e-17 1 -1.53460370695e-05
0.732186373775 0.681104334195 8.34112242757e-17 5.11169142964 -0.681104334195 0.732186373775 -3.27977100125e-17 13.0994736612 -8.34112242757e-17 -3.27977100125e-17 1 -1.55515732834e-05
0.728610099486 0.684928699156 8.38795739065e-17 5.17997407701 -0.684928699156 0.728610099486 -3.32356772986e-17 13.1725315662 -8.38795739065e-17 -3.32356772986e-17 1 -1.57566934318e-05
0.725013849983 0.688734286451 8.43456239365e-17 5.24863831686 -0.688734286451 0.725013849983 -3.36760908428e-17 13.2452309432 -8.43456239365e-17 -3.36760908428e-17 1 -1.59634251773e-05
0.721397723859 0.692520991747 8.48093615886e-17 5.31768226545 -0.692520991747 0.721397723859 -3.41189385711e-17 13.3175698019 -8.48093615886e-17 -3.41189385711e-17 1 -1.61719289276e-05
0.717761820252 0.696288711231 8.52707741492e-17 5.3871040308 -0.696288711231 0.717761820252 -3.45642083425e-17 13.3895461576 -8.52707741492e-17 -3.45642083425e-17 1 -1.63818368426e-05
0.714106238843 0.700037341608 8.57298489684e-17 5.4569017109 -0.700037341608 0.714106238843 -3.50118879497e-17 13.4611580374 -8.57298489684e-17 -3.50118879497e-17 1 -1.65922885831e-05
0.71043107985 0.703766780108 8.61865734605e-17 5.52707338906 -0.703766780108 0.71043107985 -3.54619651194e-17 13.532403478 -8.61865734605e-17 -3.54619651194e-17 1 -1.68038209809e-05
0.70673644403 0.707476924486 8.66409351042e-17 5.59761714558 -0.707476924486 0.70673644403 -3.59144275125e-17 13.6032805264 -8.66409351042e-17 -3.59144275125e-17 1 -1.70165063098e-05
0.703022432673 0.711167673026 8.70929214429e-17 5.66853104435 -0.711167673026 0.703022432673 -3.63692627245e-17 13.6737872389 -8.70929214429e-17 -3.63692627245e-17 1 -1.72305941684e-05
0.699289147602 0.714838924546 8.75425200851e-17 5.73981313873 -0.714838924546 0.699289147602 -3.68264582858e-17 13.7439216828 -8.75425200851e-17 -3.68264582858e-17 1 -1.74454044259e-05
0.695536691165 0.718490578396 8.7989718705e-17 5.81146147957 -0.718490578396 0.695536691165 -3.72860016623e-17 13.8136819349 -8.7989718705e-17 -3.72860016623e-17 1 -1.76623448951e-05
0.691765166239 0.722122534463 8.84345050422e-17 5.88347409658 -0.722122534463 0.691765166239 -3.77478802552e-17 13.883066083 -8.84345050422e-17 -3.77478802552e-17 1 -1.78790381122e-05
0.68797467622 0.725734693176 8.88768669028e-17 5.95584902133 -0.725734693176 0.68797467622 -3.8212081402e-17 13.952072226 -8.88768669028e-17 -3.8212081402e-17 1 -1.80973804893e-05
0.684165325029 0.729326955506 8.93167921592e-17 6.02858426751 -0.729326955506 0.684165325029 -3.86785923763e-17 14.0206984708 -8.93167921592e-17 -3.86785923763e-17 1 -1.83165123397e-05
0.6803372171 0.732899222969 8.97542687507e-17 6.10167783969 -0.732899222969 0.6803372171 -3.91474003885e-17 14.0889429359 -8.97542687507e-17 -3.91474003885e-17 1 -1.85369429904e-05
0.676490457382 0.73645139763 9.01892846835e-17 6.17512773436 -0.73645139763 0.676490457382 -3.96184925861e-17 14.156803751 -9.01892846835e-17 -3.96184925861e-17 1 -1.8757702021e-05
0.672625151337 0.739983382103 9.06218280315e-17 6.24893194101 -0.739983382103 0.672625151337 -4.00918560537e-17 14.2242790562 -9.06218280315e-17 -4.00918560537e-17 1 -1.89811974671e-05
0.668741404933 0.743495079559 9.10518869364e-17 6.32308843036 -0.743495079559 0.668741404933 -4.05674778139e-17 14.2913669994 -9.10518869364e-17 -4.05674778139e-17 1 -1.92049729915e-05
0.664839324646 0.746986393721 9.14794496077e-17 6.39759517583 -0.746986393721 0.664839324646 -4.10453448273e-17 14.3580657433 -9.14794496077e-17 -4.10453448273e-17 1 -1.94296053326e-05
0.660919017453 0.750457228874 9.19045043238e-17 6.47245012814 -0.750457228874 0.660919017453 -4.15254439928e-17 14.424373459 -9.19045043238e-17 -4.15254439928e-17 1 -1.96555313146e-05
0.656980590831 0.753907489863 9.23270394314e-17 6.54765124204 -0.753907489863 0.656980590831 -4.20077621484e-17 14.4902883291 -9.23270394314e-17 -4.20077621484e-17 1 -1.98810238077e-05
0.653024152754 0.757337082097 9.27470433466e-17 6.62319645159 -0.757337082097 0.653024152754 -4.24922860711e-17 14.5558085447 -9.27470433466e-17 -4.24922860711e-17 1 -2.01104419633e-05
0.649049811691 0.760745911553 9.31645045547e-17 6.69908368621 -0.760745911553 0.649049811691 -4.29790024773e-17 14.6209323115 -9.31645045547e-17 -4.29790024773e-17 1 -2.03385423401e-05
0.645057676599 0.764133884775 9.35794116109e-17 6.77531086555 -0.764133884775 0.645057676599 -4.34678980235e-17 14.6856578429 -9.35794116109e-17 -4.34678980235e-17 1 -2.0568191192e-05
0.641047856925 0.76750090888 9.39917531403e-17 6.85187590115 -0.76750090888 0.641047856925 -4.39589593064e-17 14.7499833659 -9.39917531403e-17 -4.39589593064e-17 1 -2.07979194737e-05
0.6370204626 0.770846891561 9.44015178383e-17 6.92877669209 -0.770846891561 0.6370204626 -4.44521728633e-17 14.8139071157 -9.44015178383e-17 -4.44521728633e-17 1 -2.10310397177e-05
0.632975604037 0.774171741084 9.48086944709e-17 7.00601113157 -0.774171741084 0.632975604037 -4.49475251725e-17 14.8774273387 -9.48086944709e-17 -4.49475251725e-17 1 -2.12627001162e-05
0.628913392129 0.777475366299 9.52132718754e-17 7.08357710113 -0.777475366299 0.628913392129 -4.54450026536e-17 14.940542296 -9.52132718754e-17 -4.54450026536e-17 1 -2.14957007829e-05
0.624833938242 0.780757676633 9.56152389598e-17 7.16147247243 -0.780757676633 0.624833938242 -4.59445916681e-17 15.0032502556 -9.56152389598e-17 -4.59445916681e-17 1 -2.17314816586e-05
0.620737354217 0.784018582101 9.60145847042e-17 7.23969511363 -0.784018582101 0.620737354217 -4.64462785195e-17 15.0655494994 -9.60145847042e-17 -4.64462785195e-17 1 -2.19676197508e-05
0.616623752364 0.787257993304 9.64112981603e-17 7.31824287959 -0.787257993304 0.616623752364 -4.69500494537e-17 15.1274383191 -9.64112981603e-17 -4.69500494537e-17 1 -2.22047532876e-05
0.612493245459 0.790475821431 9.68053684519e-17 7.39711361502 -0.790475821431 0.612493245459 -4.74558906597e-17 15.1889150172 -9.68053684519e-17 -4.74558906597e-17 1 -2.24423933215e-05
0.608345946742 0.793671978264 9.71967847754e-17 7.47630515963 -0.793671978264 0.608345946742 -4.79637882695e-17 15.2499779088 -9.71967847754e-17 -4.79637882695e-17 1 -2.2680468005e-05
0.604181969915 0.796846376179 9.75855364e-17 7.55581534018 -0.796846376179 0.604181969915 -4.84737283589e-17 15.3106253199 -9.75855364e-17 -4.84737283589e-17 1 -2.29199007675e-05
0.600001429133 0.799998928148 9.79716126678e-17 7.63564197749 -0.799998928148 0.600001429133 -4.89856969476e-17 15.3708555892 -9.79716126678e-17 -4.89856969476e-17 1 -2.31601706249e-05
0.595804439009 0.803129547743 9.83550029944e-17 7.71578288506 -0.803129547743 0.595804439009 -4.94996799998e-17 15.4306670616 -9.83550029944e-17 -4.94996799998e-17 1 -2.34004681259e-05
0.591591114605 0.806238149135 9.87356968689e-17 7.79623586301 -0.806238149135 0.591591114605 -5.00156634243e-17 15.4900581014 -9.87356968689e-17 -5.00156634243e-17 1 -2.36434547425e-05
0.587361571432 0.809324647101 9.91136838543e-17 7.87699870929 -0.809324647101 0.587361571432 -5.05336330751e-17 15.5490270787 -9.91136838543e-17 -5.05336330751e-17 1 -2.38870681049e-05
0.583115925445 0.812388957023 9.94889535881e-17 7.95806920568 -0.812388957023 0.583115925445 -5.1053574752e-17 15.6075723776 -9.94889535881e-17 -5.1053574752e-17 1 -2.4130340166e-05
0.57885429304 0.815430994891 9.98614957819e-17 8.03944513069 -0.815430994891 0.57885429304 -5.15754742003e-17 15.6656923913 -9.98614957819e-17 -5.15754742003e-17 1 -2.43761606757e-05
0.574576791052 0.818450677307 1.00231300222e-16 8.12112425511 -0.818450677307 0.574576791052 -5.20993171121e-17 15.7233855284 -1.00231300222e-16 -5.20993171121e-17 1 -2.46221463547e-05
0.570283536751 0.821447921484 1.00598356771e-16 8.20310433925 -0.821447921484 0.570283536751 -5.26250891258e-17 15.7806502058 -1.00598356771e-16 -5.26250891258e-17 1 -2.48675929768e-05
0.56597464784 0.824422645251 1.00962655365e-16 8.28538313445 -0.824422645251 0.56597464784 -5.31527758272e-17 15.8374848541 -1.00962655365e-16 -5.31527758272e-17 1 -2.51158096711e-05
0.561650242447 0.827374767055 1.01324186017e-16 8.36795838547 -0.827374767055 0.561650242447 -5.36823627495e-17 15.8938879158 -1.01324186017e-16 -5.36823627495e-17 1 -2.53645925374e-05
0.557310439129 0.830304205962 1.01682938815e-16 8.45082782707 -0.830304205962 0.557310439129 -5.42138353737e-17 15.9498578437 -1.01682938815e-16 -5.42138353737e-17 1 -2.56133604442e-05
0.552955356864 0.833210881659 1.02038903924e-16 8.53398919032 -0.833210881659 0.552955356864 -5.47471791293e-17 16.0053931039 -1.02038903924e-16 -5.47471791293e-17 1 -2.58633666519e-05
0.548585115048 0.83609471446 1.02392071585e-16 8.61744019322 -0.83609471446 0.548585115048 -5.52823793944e-17 16.0604921726 -1.02392071585e-16 -5.52823793944e-17 1 -2.61146032869e-05
0.544199833495 0.838955625301 1.02742432115e-16 8.70117854965 -0.838955625301 0.544199833495 -5.58194214962e-17 16.1151535412 -1.02742432115e-16 -5.58194214962e-17 1 -2.63667322988e-05
0.539799632428 0.84179353575 1.0308997591e-16 8.78520196172 -0.84179353575 0.539799632428 -5.63582907114e-17 16.1693757101 -1.0308997591e-16 -5.63582907114e-17 1 -2.66205588471e-05
0.535384632481 0.844608368004 1.03434693441e-16 8.86950812717 -0.844608368004 0.535384632481 -5.68989722666e-17 16.2231571922 -1.03434693441e-16 -5.68989722666e-17 1 -2.68732789035e-05
0.530954954695 0.847400044893 1.03776575258e-16 8.95409473368 -0.847400044893 0.530954954695 -5.74414513389e-17 16.2764965159 -1.03776575258e-16 -5.74414513389e-17 1 -2.71282102666e-05
0.52651072051 0.850168489882 1.04115611987e-16 9.03895946428 -0.850168489882 0.52651072051 -5.79857130558e-17 16.3293922141 -1.04115611987e-16 -5.79857130558e-17 1 -2.73838622524e-05
0.522052051767 0.852913627072 1.04451794334e-16 9.1240999893 -0.852913627072 0.522052051767 -5.85317424962e-17 16.3818428409 -1.04451794334e-16 -5.85317424962e-17 1 -2.76392114058e-05
0.517579070704 0.855635381204 1.04785113083e-16 9.20951397894 -0.855635381204 0.517579070704 -5.90795246904e-17 16.4338469552 -1.04785113083e-16 -5.90795246904e-17 1 -2.78954769284e-05
0.51309189995 0.85833367766 1.05115559095e-16 9.29519908734 -0.85833367766 0.51309189995 -5.96290446206e-17 16.4854031343 -1.05115559095e-16 -5.96290446206e-17 1 -2.81545143457e-05
0.508590662521 0.861008442465 1.0544312331e-16 9.38115296561 -0.861008442465 0.508590662521 -6.01802872214e-17 16.5365099619 -1.0544312331e-16 -6.01802872214e-17 1 -2.84124752907e-05
0.504075481823 0.863659602288 1.0576779675e-16 9.46737326206 -0.863659602288 0.504075481823 -6.07332373804e-17 16.5871660402 -1.0576779675e-16 -6.07332373804e-17 1 -2.86723313891e-05
0.499546481641 0.866287084447 1.06089570511e-16 9.55385760862 -0.866287084447 0.499546481641 -6.12878799381e-17 16.6373699771 -1.06089570511e-16 -6.12878799381e-17 1 -2.89319922366e-05
0.495003786139 0.868890816908 1.06408435774e-16 9.64060363344 -0.868890816908 0.495003786139 -6.18441996886e-17 16.6871203974 -1.06408435774e-16 -6.18441996886e-17 1 -2.91939379977e-05
0.490447519859 0.871470728289 1.06724383795e-16 9.72760896022 -0.871470728289 0.490447519859 -6.24021813802e-17 16.736415939 -1.06724383795e-16 -6.24021813802e-17 1 -2.94556646825e-05
0.485877807713 0.874026747859 1.07037405913e-16 9.81487120432 -0.874026747859 0.485877807713 -6.29618097155e-17 16.7852552473 -1.07037405913e-16 -6.29618097155e-17 1 -2.97181100439e-05
0.48129477498 0.876558805544 1.07347493547e-16 9.9023879732 -0.876558805544 0.48129477498 -6.35230693521e-17 16.8336369855 -1.07347493547e-16 -6.35230693521e-17 1 -2.9980168498e-05
0.476698547309 0.879066831927 1.07654638196e-16 9.99015686775 -0.879066831927 0.476698547309 -6.40859449028e-17 16.8815598267 -1.07654638196e-16 -6.40859449028e-17 1 -3.02444089924e-05
0.472089250706 0.881550758248 1.07958831437e-16 10.0781754803 -0.881550758248 0.472089250706 -6.46504209359e-17 16.9290224569 -1.07958831437e-16 -6.46504209359e-17 1 -3.05095093927e-05
0.467467011537 0.884010516411 1.08260064933e-16 10.1664413986 -0.884010516411 0.467467011537 -6.52164819761e-17 16.9760235743 -1.08260064933e-16 -6.52164819761e-17 1 -3.0773732532e-05
0.462831956524 0.886446038978 1.08558330425e-16 10.2549522013 -0.886446038978 0.462831956524 -6.57841125047e-17 17.0225618918 -1.08558330425e-16 -6.57841125047e-17 1 -3.10397425087e-05
0.45818421274 0.888857259179 1.08853619735e-16 10.3437054654 -0.888857259179 0.45818421274 -6.63532969596e-17 17.0686361332 -1.08853619735e-16 -6.63532969596e-17 1 -3.13072780207e-05
0.453523907604 0.89124411091 1.09145924768e-16 10.4326987551 -0.89124411091 0.453523907604 -6.69240197364e-17 17.1142450344 -1.09145924768e-16 -6.69240197364e-17 1 -3.15745135726e-05
0.448851168881 0.893606528733 1.09435237511e-16 10.5219296287 -0.893606528733 0.448851168881 -6.74962651884e-17 17.1593873449 -1.09435237511e-16 -6.74962651884e-17 1 -3.18428895287e-05
0.444166124676 0.895944447882 1.09721550031e-16 10.6113956443 -0.895944447882 0.444166124676 -6.80700176273e-17 17.2040618282 -1.09721550031e-16 -6.80700176273e-17 1 -3.21115415725e-05
0.439468903432 0.898257804261 1.1000485448e-16 10.7010943491 -0.898257804261 0.439468903432 -6.86452613234e-17 17.2482672599 -1.1000485448e-16 -6.86452613234e-17 1 -3.23817642007e-05
0.434759633927 0.900546534449 1.1028514309e-16 10.7910232781 -0.900546534449 0.434759633927 -6.9221980506e-17 17.2920024262 -1.1028514309e-16 -6.9221980506e-17 1 -3.26518209084e-05
0.430038445267 0.902810575698 1.10562408177e-16 10.8811799718 -0.902810575698 0.430038445267 -6.98001593641e-17 17.3352661299 -1.10562408177e-16 -6.98001593641e-17 1 -3.29234808341e-05
