Matrix: 
  1.0081e-06            0            0        9e-08            0            0            0            0            0            0            0            0            0            0            0
           0   1.0081e-06            0            0        9e-08            0            0            0            0            0            0            0            0            0            0
           0            0   1.0081e-06            0            0        9e-08            0            0            0            0            0            0            0            0            0
       9e-08            0            0  1.78521e-06  2.14148e-14  -2.7004e-09            0 -8.81536e-07 -6.99079e-12            0            0            0  8.99998e-08  1.77202e-10  9.94621e-14
           0        9e-08            0  2.14148e-14  1.78521e-06  6.16263e-12  8.81536e-07            0 -3.06329e-09            0            0            0 -1.77202e-10  8.99998e-08 -9.81477e-14
           0            0        9e-08  -2.7004e-09  6.16263e-12  1.00811e-06  6.99079e-12  3.06329e-09            0            0            0            0 -9.96551e-14  9.79517e-14        9e-08
           0            0            0            0  8.81536e-07  6.99079e-12   1.0081e-06 -7.92376e-28 -1.57772e-30 -8.99998e-08 -1.77202e-10 -9.94621e-14            0            0            0
           0            0            0 -8.81536e-07            0  3.06329e-09 -4.02355e-27   1.0081e-06 -1.57772e-30  1.77202e-10 -8.99998e-08  9.81477e-14            0            0            0
           0            0            0 -6.99079e-12 -3.06329e-09            0 -1.57772e-30 -3.15545e-30   1.0081e-06  9.96551e-14 -9.79517e-14       -9e-08            0            0            0
           0            0            0            0            0            0 -8.99998e-08  1.77202e-10  9.96551e-14        1e-06            0            0            0            0            0
           0            0            0            0            0            0 -1.77202e-10 -8.99998e-08 -9.79517e-14            0        1e-06            0            0            0            0
           0            0            0            0            0            0 -9.94621e-14  9.81477e-14       -9e-08            0            0        1e-06            0            0            0
           0            0            0  8.99998e-08 -1.77202e-10 -9.96551e-14            0            0            0            0            0            0        1e-06            0            0
           0            0            0  1.77202e-10  8.99998e-08  9.79517e-14            0            0            0            0            0            0            0        1e-06            0
           0            0            0  9.94621e-14 -9.81477e-14        9e-08            0            0            0            0            0            0            0            0        1e-06
Matrix: 
 6.25004e-13  -1.9651e-17 -5.65529e-23  2.21341e-13 -6.78734e-16  8.12702e-21   1.6751e-18  1.17983e-15  1.00892e-13  3.48056e-17 -1.29813e-14 -9.82051e-15  1.48451e-14  3.97903e-17  3.38491e-19
 -1.9651e-17  6.15005e-13 -1.50845e-20 -2.16938e-16  1.10457e-13 -1.39189e-19 -3.97905e-16 -6.92804e-19 -1.96877e-16  4.37854e-15  2.55265e-17  4.08784e-18 -2.91915e-17   5.0072e-15 -2.10822e-20
-5.65419e-23 -1.50813e-20  6.24973e-13 -1.89237e-16  -9.7166e-14  2.21348e-13 -1.01576e-13  1.98851e-16   2.3989e-18  1.73431e-14  4.51754e-17 -2.61219e-17  2.72944e-19  8.60276e-15  1.49378e-14
 2.21352e-13 -2.16938e-16 -1.89237e-16  9.92292e-09 -7.51571e-15 -8.30157e-15 -2.21904e-17 -7.13562e-11  1.11333e-12 -3.16566e-12  7.74224e-10 -9.78985e-14  1.09114e-07  4.46155e-10  1.66304e-12
-6.78734e-16  1.10476e-13  -9.7166e-14 -7.51571e-15  9.92169e-09 -1.07745e-12  7.13649e-11 -5.76723e-17 -2.52427e-13 -7.74319e-10 -3.16549e-12   2.6902e-12 -4.46155e-10  1.09114e-07 -6.95911e-12
 8.12722e-21 -1.39161e-19  2.21346e-13 -8.30157e-15 -1.07745e-12  9.92147e-09 -1.12097e-12  2.52438e-13  2.66677e-17  1.43671e-13  -2.7019e-12  -1.2067e-16 -1.72908e-12  6.95181e-12  1.09109e-07
  1.6751e-18 -3.97905e-16 -1.01576e-13 -2.21904e-17  7.13649e-11 -1.12097e-12  9.85914e-09  1.11114e-17  2.14746e-13 -1.08438e-07 -4.43393e-10 -4.03392e-12 -3.16564e-12  7.74158e-10 -8.95566e-14
 1.17983e-15 -6.92804e-19  1.98851e-16 -7.13562e-11 -5.76723e-17  2.52438e-13  1.11114e-17  9.85914e-09   3.1444e-15  4.43393e-10 -1.08438e-07  6.87229e-12 -7.74157e-10 -3.16547e-12  2.68951e-12
 1.00892e-13 -1.96877e-16   2.3989e-18  1.11333e-12 -2.52427e-13  2.66677e-17  2.14746e-13   3.1444e-15  9.92068e-09 -6.52004e-13 -6.90076e-12 -1.09116e-07  5.06058e-14 -2.70147e-12  1.73646e-16
 3.48056e-17  4.37854e-15  1.73431e-14 -3.16566e-12 -7.74319e-10  1.43671e-13 -1.08438e-07  4.43393e-10 -6.52004e-13  1.19283e-06  2.93201e-17  2.58715e-11  2.61114e-17 -8.51675e-09  1.71685e-14
-1.29813e-14  2.55265e-17  4.51754e-17  7.74224e-10 -3.16549e-12  -2.7019e-12 -4.43393e-10 -1.08438e-07 -6.90076e-12  2.93201e-17  1.19283e-06  8.44829e-15  8.51675e-09 -3.20814e-20 -2.95859e-11
-9.82051e-15  4.08784e-18 -2.61219e-17 -9.78985e-14   2.6902e-12  -1.2067e-16 -4.03392e-12  6.87229e-12 -1.09116e-07  2.58715e-11  8.44829e-15  1.20028e-06 -9.66133e-15  2.95859e-11 -2.60793e-17
 1.48451e-14 -2.91915e-17  2.72944e-19  1.09114e-07 -4.46155e-10 -1.72908e-12 -3.16564e-12 -7.74157e-10  5.06058e-14  2.61114e-17  8.51675e-09 -9.66133e-15  1.20026e-06  2.96206e-17 -2.11269e-13
 3.97903e-17   5.0072e-15  8.60276e-15  4.46155e-10  1.09114e-07  6.95181e-12  7.74158e-10 -3.16547e-12 -2.70147e-12 -8.51675e-09 -3.20814e-20  2.95859e-11  2.96206e-17  1.20026e-06  8.51617e-15
 3.38491e-19 -2.10786e-20  1.49378e-14  1.66304e-12 -6.95911e-12  1.09109e-07 -8.95566e-14  2.68951e-12  1.73646e-16  1.71685e-14 -2.95859e-11 -2.60793e-17 -2.11269e-13  8.51617e-15   1.2002e-06
Matrix: 
  3.6225e-13 -4.57849e-17 -5.10853e-22  3.22514e-13  -1.9965e-15  1.79951e-18 -8.21987e-19  1.37746e-17  1.55687e-13  1.00438e-17 -1.48688e-16 -6.18283e-13  1.11612e-12   3.6295e-15  1.79025e-17
-4.57849e-17  3.49796e-13 -2.21485e-19 -3.14849e-16  1.60756e-13  1.82367e-18 -4.84841e-18  -9.8388e-21 -7.53338e-16  5.39208e-17  8.19751e-19   3.8159e-15 -5.96624e-15  5.52279e-13  2.40431e-17
-5.10797e-22 -2.21439e-19  3.62242e-13  2.07801e-16 -4.47822e-14  3.22534e-13 -1.55684e-13  1.28373e-15 -9.40436e-19  6.18333e-13 -1.28787e-15  9.38079e-18 -1.26935e-15  5.90075e-13  1.11625e-12
 3.22508e-13 -3.14945e-16  2.07801e-16  1.47771e-11 -7.66096e-14 -3.38804e-14 -1.03813e-14 -3.24026e-12  5.94412e-12 -2.26254e-13  2.50964e-11 -4.14632e-11  9.88389e-11  5.99844e-13 -2.72051e-13
-1.99644e-15  1.60746e-13 -4.47822e-14 -7.66096e-14  8.46461e-12 -3.44192e-12  3.22939e-12 -1.01323e-14  -7.1968e-14 -2.49788e-11  -2.2751e-13   5.2676e-13 -1.18122e-12   5.5966e-11 -2.61472e-11
 1.79941e-18  1.82331e-18  3.22535e-13 -3.38804e-14 -3.44192e-12    1.266e-11 -5.94419e-12  7.31913e-14 -2.04686e-18  4.14671e-11 -9.20929e-14  1.60914e-16 -3.04668e-14 -1.41926e-11  8.59787e-11
-8.21992e-19 -4.84746e-18 -1.55684e-13 -1.03813e-14  3.22939e-12 -5.94419e-12  5.62899e-12     1.36e-16   5.7202e-18 -3.90666e-11 -4.16992e-13 -1.79429e-16   -1.785e-13  1.30225e-11 -4.01218e-11
  1.3774e-17 -9.84788e-21  1.28373e-15 -3.24026e-12 -1.01323e-14  7.31913e-14     1.36e-16  5.64083e-12  3.42917e-16  4.15769e-13 -3.91944e-11 -2.04774e-15 -1.31415e-11  -1.7753e-13  4.60935e-13
 1.55687e-13 -7.53338e-16 -9.40436e-19  5.94412e-12  -7.1968e-14 -2.04683e-18   5.7202e-18  3.42917e-16  5.62921e-12  1.37606e-16 -4.42968e-15 -3.90705e-11  4.01226e-11 -3.04448e-14  1.43932e-16
 1.00438e-17  5.39102e-17  6.18333e-13 -2.26254e-13 -2.49788e-11  4.14671e-11 -3.90666e-11  4.15769e-13  1.37606e-16  2.98193e-10 -2.74502e-15  3.46873e-17  -2.7258e-15   -1.446e-10  3.09944e-10
-1.48682e-16  8.19708e-19 -1.28787e-15  2.50964e-11  -2.2751e-13 -9.20929e-14 -4.16992e-13 -3.91944e-11 -4.42968e-15 -2.74502e-15  2.99583e-10  2.95803e-14  1.45899e-10   2.7546e-15 -3.43339e-13
-6.18283e-13   3.8159e-15  9.38079e-18 -4.14632e-11  5.26761e-13  1.60914e-16 -1.79429e-16 -2.04774e-15 -3.90705e-11  3.46872e-17  2.95803e-14  2.98207e-10  -3.0993e-10   3.3725e-13 -3.03901e-17
 1.11606e-12 -5.96578e-15 -1.26935e-15  9.88389e-11 -1.18122e-12 -3.04668e-14   -1.785e-13 -1.31415e-11  4.01226e-11 -2.72581e-15  1.45899e-10  -3.0993e-10  7.96528e-10  -3.6477e-13 -3.35099e-13
 3.62922e-15  5.52166e-13  5.90075e-13  5.99844e-13   5.5966e-11 -1.41926e-11  1.30225e-11  -1.7753e-13 -3.04448e-14   -1.446e-10   2.7546e-15   3.3725e-13  -3.6477e-13  4.70907e-10 -1.57601e-10
 1.79014e-17  2.40382e-17  1.11626e-12 -2.72051e-13 -2.61472e-11  8.59787e-11 -4.01218e-11  4.60936e-13  1.43932e-16  3.09944e-10 -3.43339e-13 -3.03875e-17 -3.35099e-13 -1.57601e-10  6.53654e-10
Matrix: 
 2.79165e-13 -1.54085e-16  3.92421e-19  2.88008e-13 -3.04161e-15  2.84097e-17 -5.75286e-18  1.11049e-15  1.38803e-13  1.60358e-16 -6.76586e-15 -4.36285e-13  7.36528e-13  1.46614e-15  1.78042e-16
-1.54085e-16  2.64036e-13  1.82455e-17 -1.77917e-15   1.4445e-13  7.52487e-16 -7.00458e-16  3.63725e-17 -1.98015e-15   4.2792e-15 -1.47843e-16  8.41972e-15 -1.14337e-14  3.65556e-13  4.46872e-15
 3.92492e-19  1.82216e-17  2.79061e-13 -5.74353e-16 -4.36455e-14  2.84714e-13 -1.34888e-13  2.33319e-15 -3.81837e-18  4.12531e-13 -4.63665e-15  8.47946e-17 -3.55608e-15  6.23515e-13  7.15412e-13
 2.88006e-13 -1.77921e-15 -5.74353e-16  7.57529e-12 -5.68639e-14 -3.03805e-14 -3.21741e-15 -1.67785e-12  2.86731e-12 -1.47898e-13  1.02632e-11 -1.50199e-11  3.65541e-11  3.09192e-13 -1.64432e-13
-3.04159e-15  1.44446e-13 -4.36454e-14 -5.68639e-14  4.51808e-12 -1.82354e-12  1.68808e-12 -3.67187e-15 -5.33755e-14 -1.02939e-11 -1.46792e-13  2.76957e-13 -6.09928e-13  2.12963e-11 -1.07712e-11
 2.84063e-17  7.51501e-16  2.84715e-13 -3.03805e-14 -1.82354e-12  6.03779e-12  -2.7187e-12  5.09884e-14  3.51249e-18  1.41198e-11 -6.19893e-14  2.44629e-15 -1.52886e-14 -2.66841e-12  2.98909e-11
-5.75957e-18 -6.99547e-16 -1.34888e-13 -3.21741e-15  1.68808e-12  -2.7187e-12   2.5669e-12  8.29993e-17  2.85221e-16 -1.31752e-11 -1.87775e-13 -4.09191e-15 -2.18513e-14  2.14088e-12  -1.3206e-11
 1.10996e-15  3.63607e-17  2.33319e-15 -1.67785e-12 -3.67187e-15  5.09884e-14  8.29988e-17  2.57289e-12  1.52532e-14  1.87162e-13 -1.32236e-11 -9.69497e-14 -2.08969e-12 -2.58249e-14  2.05122e-13
 1.38803e-13 -1.98015e-15  -3.8184e-18  2.86731e-12 -5.33755e-14  3.51286e-18  2.85223e-16  1.52534e-14  2.71568e-12  1.05586e-16 -9.24321e-14 -1.40836e-11  1.41053e-11 -1.97668e-14  2.22341e-16
 1.60343e-16  4.27364e-15  4.12531e-13 -1.47898e-13 -1.02939e-11  1.41198e-11 -1.31752e-11  1.87162e-13  1.05585e-16  7.81363e-11  -1.8098e-15  1.32997e-14 -1.72973e-13  -3.7187e-11  8.03623e-11
-6.76264e-15 -1.47868e-16 -4.63665e-15  1.02632e-11 -1.46792e-13 -6.19893e-14 -1.87775e-13 -1.32236e-11 -9.24314e-14 -1.80981e-15  7.86358e-11  5.87956e-13  3.72616e-11 -1.50659e-13 -5.42488e-14
-4.36285e-13  8.41974e-15  8.47949e-17 -1.50199e-11  2.76958e-13  2.44629e-15 -4.09193e-15 -9.69509e-14 -1.40836e-11  1.32997e-14  5.87964e-13  8.36675e-11 -8.58228e-11  6.93215e-14  1.31721e-14
 7.36508e-13 -1.14335e-14 -3.55608e-15  3.65541e-11 -6.09928e-13 -1.52886e-14 -2.18512e-14 -2.08969e-12  1.41053e-11 -1.72973e-13  3.72616e-11 -8.58228e-11  2.54012e-10 -5.69737e-14 -1.17566e-13
 1.46599e-15  3.65521e-13  6.23515e-13  3.09192e-13  2.12963e-11 -2.66841e-12  2.14088e-12 -2.58248e-14 -1.97668e-14  -3.7187e-11 -1.50659e-13  6.93217e-14 -5.69735e-14  1.63412e-10 -4.38676e-11
 1.78022e-16   4.4629e-15  7.15415e-13 -1.64432e-13 -1.07712e-11  2.98909e-11  -1.3206e-11  2.05122e-13  2.22339e-16  8.03623e-11 -5.42487e-14  1.31722e-14 -1.17566e-13 -4.38676e-11    1.769e-10
Matrix: 
 2.41083e-13 -2.55874e-16 -1.81999e-18  2.71632e-13 -3.40495e-15 -4.10928e-17  7.66398e-17  1.76617e-15  1.30726e-13 -1.93608e-16 -9.03037e-15 -3.47876e-13  5.52049e-13  2.58209e-15 -2.02655e-16
-2.55874e-16  2.23314e-13  4.79911e-17 -2.28125e-15  1.36094e-13  1.38999e-15 -1.26474e-15   4.6496e-17 -2.41239e-15  6.46011e-15 -1.02681e-16   8.2067e-15 -1.09578e-14  2.70589e-13  6.79536e-15
-1.82001e-18  4.79571e-17    2.408e-13 -7.43923e-16  -4.2676e-14  2.65024e-13  -1.2311e-13  2.66689e-15 -1.32883e-17  3.08986e-13 -4.01739e-15  8.23654e-17 -3.18463e-15  6.48969e-13  5.16687e-13
 2.71631e-13 -2.28128e-15 -7.43922e-16  5.31124e-12 -4.57747e-14 -2.57588e-14 -2.15386e-15 -1.14524e-12  1.90347e-12 -1.09137e-13  5.88632e-12 -8.11462e-12  2.01861e-11  2.37681e-13 -1.12396e-13
-3.40494e-15  1.36092e-13  -4.2676e-14 -4.57747e-14  3.26777e-12 -1.27577e-12  1.16159e-12 -3.17339e-15 -4.27292e-14 -5.93998e-12 -1.06023e-13  1.79409e-13 -4.15882e-13  1.20351e-11 -6.23881e-12
-4.10983e-17  1.38899e-15  2.65025e-13 -2.57588e-14 -1.27577e-12   3.9517e-12 -1.69754e-12  3.86502e-14 -2.52201e-16  7.07283e-12 -3.43942e-14  1.60661e-15 -2.18188e-15 -7.85837e-14  1.54449e-11
 7.66332e-17 -1.26383e-15  -1.2311e-13 -2.15386e-15  1.16159e-12 -1.69754e-12  1.59573e-12   1.3901e-16  6.55191e-16 -6.52824e-12 -1.14327e-13 -3.89162e-15  1.79885e-14 -2.66161e-13 -6.38405e-12
 1.76566e-15  4.64837e-17  2.66689e-15 -1.14524e-12 -3.17339e-15  3.86502e-14   1.3901e-16   1.6019e-12  1.89672e-14  1.13686e-13 -6.55895e-12 -1.08297e-13  3.67728e-13  1.37777e-14  1.11151e-13
 1.30726e-13  -2.4124e-15 -1.32883e-17  1.90347e-12 -4.27292e-14   -2.522e-16  6.55192e-16  1.89673e-14   1.7994e-12  -1.1417e-15 -9.67353e-14 -7.57243e-12  7.42188e-12 -5.32534e-16 -1.22012e-15
-1.93631e-16  6.45545e-15  3.08985e-13 -1.09137e-13 -5.93999e-12  7.07283e-12 -6.52824e-12  1.13686e-13 -1.14171e-15   3.1989e-11 -1.62749e-15   7.4012e-15 -1.38005e-13  -1.4449e-11  3.24992e-11
-9.02772e-15 -1.02718e-16 -4.01739e-15  5.88632e-12 -1.06023e-13 -3.43942e-14 -1.14327e-13 -6.55895e-12 -9.67347e-14 -1.62751e-15  3.22666e-11  5.52891e-13  1.43287e-11 -1.21382e-13   2.5754e-14
-3.47876e-13  8.20671e-15  8.23655e-17 -8.11462e-12  1.79409e-13   1.6066e-15 -3.89165e-15 -1.08299e-13 -7.57243e-12  7.40116e-15  5.52898e-13  3.73323e-11 -3.77765e-11 -1.86618e-14  7.84717e-15
 5.52042e-13 -1.09577e-14 -3.18463e-15  2.01861e-11 -4.15882e-13 -2.18189e-15  1.79885e-14  3.67731e-13  7.42188e-12 -1.38005e-13  1.43287e-11 -3.77764e-11  1.32339e-10  3.32176e-14 -7.24555e-14
 2.58202e-15  2.70575e-13  6.48969e-13  2.37681e-13  1.20351e-11 -7.85799e-14 -2.66164e-13  1.37778e-14 -5.32554e-16  -1.4449e-11 -1.21382e-13 -1.86617e-14  3.32179e-14  9.17464e-11 -1.92351e-11
-2.02679e-16  6.79047e-15  5.16689e-13 -1.12396e-13 -6.23881e-12  1.54449e-11 -6.38405e-12  1.11151e-13 -1.22013e-15  3.24992e-11   2.5754e-14  7.84721e-15 -7.24554e-14 -1.92351e-11  7.58251e-11
Matrix: 
 2.20747e-13 -3.70049e-16 -3.18929e-18  2.61199e-13 -3.83075e-15 -6.14545e-17   1.1329e-16  2.19008e-15  1.25559e-13 -2.53187e-16 -9.79353e-15 -2.94434e-13  4.40463e-13  3.01618e-15 -2.71463e-16
-3.70049e-16  2.00576e-13   7.8843e-17  -2.7297e-15   1.3088e-13  1.82885e-15 -1.63292e-15  5.31536e-17 -2.82188e-15  7.27459e-15 -5.58435e-17  8.16819e-15 -1.05572e-14  2.13085e-13  7.69103e-15
-3.18939e-18  7.88073e-17  2.20236e-13 -8.25162e-16 -4.09074e-14  2.51578e-13 -1.14667e-13  2.99553e-15 -7.05975e-18  2.45825e-13 -3.74043e-15  2.35065e-17  -2.8568e-15  6.69513e-13  3.95847e-13
 2.61199e-13 -2.72972e-15 -8.25162e-16  4.19762e-12 -4.15582e-14 -2.32891e-14 -2.11544e-15 -8.61244e-13  1.43457e-12 -8.61321e-14  3.86631e-12 -5.21902e-12  1.32904e-11   1.9998e-13 -8.75984e-14
-3.83075e-15   1.3088e-13 -4.09074e-14 -4.15582e-14  2.65155e-12 -9.81277e-13  8.80822e-13 -3.25638e-15 -3.86868e-14 -3.92501e-12 -8.35118e-14  1.39235e-13 -3.33519e-13  8.10165e-12 -4.13497e-12
-6.14606e-17    1.828e-15  2.51578e-13 -2.32892e-14 -9.81277e-13  2.93703e-12 -1.20025e-12  3.27759e-14 -2.23156e-17  4.18949e-12 -2.55859e-14 -2.09985e-16  2.07528e-15   8.4472e-13  9.50615e-12
 1.13284e-16 -1.63217e-15 -1.14667e-13 -2.11544e-15  8.80823e-13 -1.20025e-12  1.12832e-12  1.90403e-16  5.70352e-16 -3.84279e-12 -7.94606e-14 -2.67285e-15  3.87682e-14 -1.10229e-12 -3.63993e-12
 2.18967e-15   5.3142e-17  2.99553e-15 -8.61244e-13 -3.25638e-15  3.27759e-14  1.90402e-16    1.136e-12  2.05426e-14  7.89136e-14  -3.8674e-12 -1.06681e-13  1.23515e-12  3.50637e-14  7.18284e-14
 1.25559e-13 -2.82189e-15 -7.05968e-18  1.43457e-12 -3.86868e-14 -2.23129e-17  5.70353e-16  2.05427e-14  1.35827e-12 -1.26466e-16 -9.17874e-14  -4.8723e-12  4.66334e-12  1.94819e-15 -1.95575e-16
 -2.5321e-16  7.27121e-15  2.45825e-13 -8.61322e-14 -3.92501e-12  4.18949e-12 -3.84279e-12  7.89136e-14 -1.26476e-16  1.61685e-11 -1.71414e-15 -5.48064e-16 -1.16328e-13  -6.5243e-12   1.6095e-11
-9.79166e-15 -5.58786e-17 -3.74043e-15  3.86631e-12 -8.35118e-14 -2.55859e-14 -7.94606e-14  -3.8674e-12 -9.17869e-14 -1.71416e-15  1.63523e-11  4.77188e-13  6.34678e-12 -1.07212e-13  2.52045e-14
-2.94434e-13  8.16819e-15  2.35065e-17 -5.21902e-12  1.39235e-13 -2.09997e-16 -2.67287e-15 -1.06682e-13  -4.8723e-12 -5.48107e-16  4.77194e-13  2.07709e-11 -2.06268e-11 -1.73237e-14 -2.97722e-16
  4.4046e-13 -1.05571e-14  -2.8568e-15  1.32904e-11 -3.33519e-13  2.07526e-15  3.87683e-14  1.23515e-12  4.66334e-12 -1.16328e-13  6.34677e-12 -2.06268e-11  8.67381e-11   3.1203e-14 -7.20377e-14
 3.01615e-15  2.13078e-13  6.69513e-13   1.9998e-13  8.10165e-12  8.44723e-13  -1.1023e-12  3.50638e-14  1.94817e-15 -6.52429e-12 -1.07212e-13 -1.73237e-14  3.12033e-14  6.38716e-11 -1.03668e-11
-2.71486e-16  7.68747e-15  3.95848e-13 -8.75984e-14 -4.13498e-12  9.50615e-12 -3.63993e-12  7.18284e-14 -1.95586e-16   1.6095e-11  2.52046e-14  -2.9768e-16 -7.20376e-14 -1.03668e-11  4.03353e-11
Matrix: 
 2.09003e-13 -4.97778e-16 -3.84025e-18  2.53613e-13 -4.30419e-15 -6.17946e-17  1.28837e-16  2.36946e-15  1.21728e-13 -2.30841e-16 -9.52024e-15 -2.58625e-13    3.661e-13  3.15426e-15  -2.4971e-16
-4.97778e-16   1.8673e-13  1.04383e-16 -3.18599e-15  1.27259e-13  2.06416e-15 -1.81173e-15  5.83486e-17 -3.24643e-15  7.23254e-15 -2.21557e-17  8.31559e-15 -1.03556e-14  1.74702e-13  7.68149e-15
-3.84039e-18   1.0435e-16  2.08246e-13  -8.8259e-16 -3.85424e-14  2.41339e-13  -1.0813e-13  3.33966e-15  1.03822e-18  2.04181e-13 -3.66492e-15 -1.86287e-17 -2.67124e-15  6.85532e-13  3.15719e-13
 2.53613e-13   -3.186e-15 -8.82589e-16    3.527e-12 -3.97401e-14 -2.17625e-14 -2.08781e-15 -6.78936e-13  1.15814e-12 -7.14673e-14  2.73291e-12 -3.70946e-12  9.67675e-12   1.7813e-13 -7.31725e-14
-4.30419e-15  1.27259e-13 -3.85424e-14 -3.97401e-14  2.27681e-12 -7.89109e-13  7.00078e-13 -3.35409e-15 -3.69652e-14 -2.78979e-12 -6.91877e-14  1.17714e-13 -2.89676e-13  6.02159e-12 -2.94497e-12
-6.18006e-17  2.06349e-15  2.41339e-13 -2.17626e-14 -7.89109e-13  2.34226e-12  -9.1038e-13  2.93135e-14  1.77735e-16  2.73885e-12 -2.14782e-14 -1.13323e-15  3.04986e-15  1.24942e-12  6.48481e-12
 1.28832e-16 -1.81114e-15  -1.0813e-13 -2.08781e-15  7.00078e-13  -9.1038e-13  8.59658e-13  2.72253e-16  4.95727e-16 -2.50935e-12 -5.97043e-14 -2.14563e-15  5.49653e-14 -1.45708e-12 -2.28344e-12
 2.36914e-15  5.83381e-17  3.33966e-15 -6.78937e-13 -3.35409e-15  2.93135e-14  2.72252e-16  8.69216e-13  2.06545e-14  5.90877e-14 -2.53141e-12 -9.94427e-14  1.61406e-12  5.07883e-14  5.04471e-14
 1.21728e-13 -3.24643e-15  1.03833e-18  1.15814e-12 -3.69652e-14  1.77738e-16  4.95728e-16  2.06546e-14  1.10088e-12   5.3348e-16 -8.30297e-14 -3.47789e-12  3.24567e-12   1.4524e-15  5.06728e-16
 -2.3086e-16  7.23017e-15  2.04181e-13 -7.14673e-14  -2.7898e-12  2.73885e-12 -2.50935e-12  5.90877e-14  5.33469e-16  9.31001e-12 -1.48629e-15 -3.47221e-15 -1.08906e-13 -3.00715e-12   8.9907e-12
-9.51897e-15 -2.21846e-17 -3.66492e-15  2.73291e-12 -6.91877e-14 -2.14782e-14 -5.97043e-14 -2.53141e-12 -8.30293e-14 -1.48631e-15  9.44272e-12  4.00232e-13   2.8107e-12 -1.02076e-13  1.91813e-14
-2.58625e-13   8.3156e-15 -1.86288e-17 -3.70946e-12  1.17714e-13 -1.13325e-15 -2.14565e-15 -9.94437e-14 -3.47789e-12 -3.47225e-15  4.00236e-13  1.31939e-11 -1.27998e-11 -9.41547e-15 -3.42815e-15
 3.66098e-13 -1.03556e-14 -2.67124e-15  9.67675e-12 -2.89676e-13  3.04984e-15  5.49654e-14  1.61407e-12  3.24567e-12 -1.08906e-13  2.81069e-12 -1.27998e-11  6.48647e-11  2.33672e-14 -7.90893e-14
 3.15424e-15  1.74699e-13  6.85532e-13   1.7813e-13  6.02158e-12  1.24942e-12 -1.45708e-12  5.07884e-14  1.45239e-15 -3.00714e-12 -1.02076e-13 -9.41545e-15  2.33674e-14  4.99565e-11 -6.27619e-12
 -2.4973e-16  7.67899e-15  3.15719e-13 -7.31726e-14 -2.94497e-12  6.48481e-12 -2.28344e-12  5.04471e-14  5.06716e-16   8.9907e-12  1.91813e-14 -3.42811e-15 -7.90892e-14  -6.2762e-12  2.44673e-11
Matrix: 
 2.01912e-13 -6.36806e-16 -4.12949e-18  2.47679e-13  -4.7965e-15  -5.6976e-17  1.34617e-16  2.34172e-15  1.18613e-13 -1.97355e-16 -8.61833e-15 -2.32984e-13  3.13599e-13   3.1959e-15 -2.13892e-16
-6.36806e-16  1.77852e-13  1.21191e-16  -3.6484e-15  1.24599e-13  2.11851e-15 -1.82987e-15  6.17057e-17 -3.67948e-15  6.67235e-15 -9.75077e-19  8.55761e-15 -1.02795e-14  1.47517e-13  7.11708e-15
-4.12966e-18  1.21162e-16  2.00913e-13  -9.2781e-16 -3.58904e-14  2.33118e-13 -1.02906e-13  3.69104e-15  7.43576e-18  1.75504e-13 -3.66792e-15 -4.16954e-17 -2.58385e-15   6.9746e-13  2.59901e-13
 2.47679e-13  -3.6484e-15  -9.2781e-16  3.07354e-12 -3.89072e-14 -2.06313e-14 -1.96603e-15 -5.50833e-13  9.76411e-13 -6.13413e-14  2.02578e-12 -2.81461e-12  7.52233e-12  1.64652e-13 -6.34044e-14
 -4.7965e-15  1.24598e-13 -3.58903e-14 -3.89072e-14   2.0194e-12 -6.51142e-13  5.72512e-13 -3.39026e-15 -3.62078e-14 -2.07827e-12 -5.91716e-14   1.0417e-13 -2.62903e-13  4.76915e-12 -2.19525e-12
-5.69816e-17  2.11799e-15  2.33118e-13 -2.06313e-14 -6.51142e-13  1.95581e-12 -7.24422e-13  2.70065e-14  3.00757e-16  1.91762e-12 -1.89408e-14 -1.49826e-15  2.75543e-15  1.44805e-12  4.74404e-12
 1.34613e-16 -1.82942e-15 -1.02906e-13 -1.96603e-15  5.72512e-13 -7.24422e-13  6.89861e-13   3.8671e-16  4.65312e-16 -1.76444e-12 -4.74518e-14 -1.99696e-15  6.94262e-14  -1.6232e-12  -1.5295e-12
 2.34149e-15  6.16964e-17  3.69104e-15 -5.50833e-13 -3.39026e-15  2.70065e-14  3.86709e-16  7.01464e-13  1.98537e-14  4.66504e-14 -1.78559e-12 -9.00473e-14  1.80139e-12  6.41032e-14  3.69819e-14
 1.18613e-13 -3.67948e-15   7.4359e-18  9.76411e-13 -3.62078e-14   3.0076e-16  4.65313e-16  1.98538e-14  9.33096e-13  8.26161e-16 -7.32073e-14 -2.65718e-12  2.41562e-12  6.27835e-16  8.38319e-16
-1.97371e-16   6.6707e-15  1.75504e-13 -6.13414e-14 -2.07827e-12  1.91762e-12 -1.76444e-12  4.66504e-14   8.2615e-16  5.88957e-12 -1.14766e-15 -4.11979e-15 -1.07755e-13 -1.20347e-12   5.4541e-12
-8.61747e-15 -9.97917e-19 -3.66792e-15  2.02579e-12 -5.91716e-14 -1.89408e-14 -4.74518e-14 -1.78559e-12 -7.32069e-14 -1.14767e-15  5.99098e-12  3.32466e-13  9.97649e-13  -1.0077e-13  1.51006e-14
-2.32984e-13  8.55761e-15 -4.16956e-17 -2.81461e-12   1.0417e-13 -1.49828e-15 -1.99698e-15 -9.00482e-14 -2.65718e-12 -4.11982e-15   3.3247e-13  9.16253e-12 -8.64924e-12   -3.712e-15 -4.21811e-15
 3.13598e-13 -1.02795e-14 -2.58385e-15  7.52233e-12 -2.62903e-13  2.75541e-15  6.94263e-14  1.80139e-12  2.41562e-12 -1.07755e-13  9.97642e-13 -8.64924e-12  5.26973e-11  1.83758e-14 -8.64088e-14
 3.19589e-15  1.47515e-13   6.9746e-13  1.64652e-13  4.76915e-12  1.44805e-12  -1.6232e-12  6.41033e-14  6.27826e-16 -1.20346e-12  -1.0077e-13 -3.71199e-15   1.8376e-14  4.18897e-11 -4.07961e-12
-2.13909e-16  7.11533e-15  2.59901e-13 -6.34044e-14 -2.19525e-12  4.74404e-12  -1.5295e-12  3.69819e-14  8.38308e-16   5.4541e-12  1.51006e-14 -4.21807e-15 -8.64087e-14 -4.07962e-12  1.62514e-11
Matrix: 
 1.97509e-13 -7.84271e-16 -4.29851e-18  2.42831e-13 -5.29218e-15 -5.28247e-17  1.34949e-16  2.16604e-15  1.15925e-13 -1.71166e-16 -7.40864e-15 -2.13726e-13  2.75091e-13   3.2191e-15 -1.85065e-16
-7.84271e-16   1.7197e-13   1.2837e-16 -4.11059e-15  1.22592e-13  2.02943e-15 -1.72639e-15  6.29673e-17 -4.11416e-15  5.83275e-15  9.54308e-18  8.84636e-15 -1.02848e-14   1.2752e-13  6.24669e-15
 -4.2987e-18  1.28345e-16  1.96288e-13 -9.64581e-16 -3.32002e-14   2.2632e-13 -9.86605e-14  4.04462e-15  1.19373e-17  1.55162e-13 -3.69647e-15 -5.30555e-17 -2.55682e-15  7.05818e-13  2.19748e-13
 2.42831e-13 -4.11059e-15  -9.6458e-16  2.74395e-12 -3.85584e-14 -1.96892e-14 -1.77566e-15 -4.56475e-13    8.483e-13 -5.39439e-14  1.55529e-12 -2.23708e-12  6.12372e-12  1.55969e-13  -5.6144e-14
-5.29218e-15  1.22592e-13 -3.32002e-14 -3.85584e-14  1.82895e-12 -5.46928e-13  4.78052e-13 -3.36671e-15 -3.59292e-14 -1.60264e-12  -5.1778e-14  9.48344e-14 -2.45186e-13  3.94796e-12 -1.69069e-12
-5.28296e-17  2.02903e-15   2.2632e-13 -1.96892e-14 -5.46928e-13  1.68796e-12 -5.97973e-13  2.53943e-14  3.68392e-16  1.41577e-12 -1.71422e-14     -1.6e-15  1.94865e-15  1.55195e-12  3.65517e-12
 1.34946e-16 -1.72605e-15 -9.86605e-14 -1.77566e-15  4.78053e-13 -5.97973e-13  5.76179e-13  5.31119e-16  4.57462e-16 -1.31534e-12  -3.9518e-14 -1.97496e-15  8.29582e-14 -1.70348e-12 -1.07762e-12
 2.16587e-15  6.29591e-17  4.04462e-15 -4.56475e-13 -3.36671e-15  2.53943e-14  5.31118e-16    5.899e-13  1.85314e-14  3.84616e-14 -1.33654e-12  -8.0154e-14   1.9015e-12  7.60769e-14  2.78311e-14
 1.15925e-13 -4.11416e-15  1.19375e-17    8.483e-13 -3.59292e-14  3.68395e-16  4.57463e-16  1.85315e-14   8.1557e-13  9.22857e-16 -6.36094e-14 -2.13007e-12  1.88536e-12 -6.19191e-17  9.64278e-16
-1.71179e-16  5.83159e-15  1.55162e-13 -5.39439e-14 -1.60264e-12  1.41577e-12 -1.31534e-12  3.84616e-14  9.22847e-16  4.01569e-12 -7.99013e-16 -3.97583e-15 -1.09055e-13 -1.86419e-13  3.52144e-12
-7.40806e-15  9.52534e-18 -3.69647e-15  1.55529e-12 -5.17781e-14 -1.71422e-14  -3.9518e-14 -1.33654e-12 -6.36091e-14 -7.99025e-16  4.09687e-12  2.75509e-13 -2.79829e-14 -1.01011e-13  1.27049e-14
-2.13726e-13  8.84636e-15 -5.30558e-17 -2.23708e-12  9.48344e-14 -1.60001e-15 -1.97498e-15 -8.01547e-14 -2.13007e-12 -3.97586e-15  2.75511e-13  6.78582e-12 -6.21173e-12 -1.16475e-16 -4.16325e-15
  2.7509e-13 -1.02848e-14 -2.55682e-15  6.12372e-12 -2.45186e-13  1.94863e-15  8.29582e-14  1.90151e-12  1.88536e-12 -1.09055e-13 -2.79883e-14 -6.21173e-12  4.52312e-11  1.58402e-14 -9.27146e-14
  3.2191e-15  1.27519e-13  7.05818e-13  1.55969e-13  3.94796e-12  1.55195e-12 -1.70349e-12  7.60769e-14 -6.19247e-17 -1.86415e-13 -1.01011e-13 -1.16483e-16  1.58404e-14  3.67293e-11 -2.77138e-12
-1.85079e-16  6.24546e-15  2.19748e-13  -5.6144e-14 -1.69069e-12  3.65517e-12 -1.07762e-12  2.78311e-14  9.64268e-16  3.52144e-12  1.27049e-14 -4.16322e-15 -9.27145e-14 -2.77139e-12  1.15503e-11
Matrix: 
 1.94723e-13  -9.3749e-16 -4.48406e-18  2.38759e-13 -5.78389e-15 -5.12892e-17    1.318e-16  1.90086e-15   1.1352e-13 -1.55224e-16 -6.11114e-15 -1.98723e-13   2.4607e-13  3.25401e-15 -1.67162e-16
 -9.3749e-16   1.6799e-13  1.26692e-16 -4.56795e-15  1.21065e-13  1.83831e-15 -1.54094e-15  6.22281e-17 -4.54625e-15  4.87792e-15  1.12804e-17  9.15892e-15 -1.03499e-14  1.12438e-13  5.24367e-15
-4.48425e-18  1.26672e-16  1.93305e-13  -9.9567e-16 -3.06342e-14  2.20597e-13 -9.51663e-14  4.39812e-15  1.50595e-17  1.40387e-13 -3.72891e-15 -5.83459e-17 -2.56575e-15  7.11173e-13  1.90187e-13
 2.38759e-13 -4.56795e-15  -9.9567e-16  2.49297e-12 -3.84914e-14 -1.88669e-14 -1.54937e-15 -3.85154e-13  7.53517e-13  -4.8364e-14  1.22877e-12 -1.84118e-12  5.15987e-12  1.50278e-13  -5.0468e-14
-5.78389e-15  1.21065e-13 -3.06341e-14 -3.84914e-14  1.68147e-12 -4.65887e-13  4.06229e-13 -3.29734e-15 -3.59294e-14 -1.27099e-12 -4.61716e-14   8.8061e-14 -2.32957e-13  3.37683e-12 -1.33582e-12
-5.12935e-17  1.83801e-15  2.20597e-13 -1.88669e-14 -4.65887e-13  1.49394e-12 -5.08569e-13  2.42692e-14    4.021e-16  1.09209e-12 -1.57911e-14 -1.58697e-15  9.40694e-16    1.608e-12  2.93282e-12
 1.31798e-16 -1.54069e-15 -9.51663e-14 -1.54937e-15  4.06229e-13 -5.08569e-13  4.97068e-13  7.02187e-16  4.54738e-16 -1.02964e-12 -3.43175e-14 -1.96775e-15  9.58788e-14 -1.74073e-12 -7.92069e-13
 1.90074e-15  6.22212e-17  4.39812e-15 -3.85154e-13 -3.29734e-15  2.42692e-14  7.02186e-16  5.12922e-13  1.69449e-14   3.2961e-14 -1.05152e-12  -7.0555e-14  1.95767e-12  8.71628e-14  2.13627e-14
  1.1352e-13 -4.54625e-15  1.50597e-17  7.53517e-13 -3.59294e-14  4.02104e-16  4.54739e-16   1.6945e-14  7.28999e-13  9.28563e-16 -5.47791e-14 -1.76972e-12  1.52483e-12 -5.77833e-16  9.90278e-16
-1.55234e-16  4.87711e-15  1.40387e-13  -4.8364e-14 -1.27099e-12  1.09209e-12 -1.02964e-12   3.2961e-14  9.28554e-16  2.91676e-12 -4.73229e-16 -3.61216e-15 -1.11209e-13  4.25821e-13  2.39162e-12
-6.11075e-15  1.12668e-17 -3.72891e-15  1.22877e-12 -4.61716e-14 -1.57911e-14 -3.43175e-14 -1.05152e-12 -5.47788e-14 -4.73238e-16  2.98454e-12  2.28404e-13 -6.50322e-13 -1.01829e-13  1.12881e-14
-1.98723e-13  9.15892e-15 -5.83462e-17 -1.84118e-12   8.8061e-14 -1.58698e-15 -1.96777e-15 -7.05556e-14 -1.76971e-12 -3.61219e-15  2.28406e-13  5.27632e-12 -4.67044e-12  2.13593e-15 -3.85193e-15
 2.46069e-13 -1.03499e-14 -2.56575e-15  5.15987e-12 -2.32957e-13  9.40677e-16  9.58789e-14  1.95767e-12  1.52483e-12  -1.1121e-13 -6.50326e-13 -4.67044e-12  4.03243e-11   1.4804e-14  -9.7963e-14
 3.25401e-15  1.12437e-13  7.11173e-13  1.50278e-13  3.37682e-12    1.608e-12 -1.74074e-12  8.71628e-14 -5.77836e-16  4.25824e-13 -1.01829e-13  2.13592e-15  1.48041e-14  3.31948e-11  -1.9315e-12
-1.67173e-16  5.24281e-15  1.90187e-13 -5.04681e-14 -1.33582e-12  2.93282e-12 -7.92069e-13  2.13627e-14  9.90268e-16  2.39162e-12  1.12881e-14  -3.8519e-15  -9.7963e-14 -1.93151e-12  8.65617e-12
Matrix: 
 1.92931e-13 -1.09421e-15 -4.75782e-18   2.3527e-13 -6.26838e-15  -5.2714e-17  1.26396e-16  1.59349e-15  1.11323e-13 -1.48291e-16 -4.85961e-15 -1.86693e-13  2.23744e-13  3.31173e-15  -1.5914e-16
-1.09421e-15  1.65258e-13  1.17773e-16  -5.0178e-15  1.19903e-13   1.5832e-15 -1.30792e-15  5.98228e-17 -4.97348e-15  3.91425e-15   6.0515e-18  9.48413e-15 -1.04637e-14  1.00868e-13  4.22243e-15
-4.75801e-18  1.17757e-16  1.91344e-13 -1.02365e-15 -2.82814e-14   2.1572e-13 -9.22572e-14  4.75057e-15  1.72898e-17  1.29427e-13 -3.75685e-15 -6.07409e-17 -2.59566e-15  7.14092e-13  1.68031e-13
  2.3527e-13  -5.0178e-15 -1.02365e-15  2.29592e-12 -3.86145e-14 -1.81464e-14 -1.31002e-15 -3.30447e-13  6.80883e-13 -4.41004e-14  9.95436e-13 -1.55738e-12  4.46624e-12  1.46631e-13 -4.59207e-14
-6.26838e-15  1.19903e-13 -2.82814e-14 -3.86145e-14  1.56405e-12 -4.01717e-13  3.50766e-13 -3.19517e-15  -3.6115e-14 -1.03285e-12 -4.18844e-14  8.30029e-14 -2.24416e-13  2.96261e-12 -1.07822e-12
-5.27177e-17  1.58297e-15   2.1572e-13 -1.81464e-14 -4.01717e-13   1.3488e-12  -4.4355e-13  2.35168e-14  4.15557e-16  8.74658e-13 -1.47512e-14 -1.52604e-15 -1.32234e-16  1.63839e-12  2.43176e-12
 1.26395e-16 -1.30773e-15 -9.22572e-14 -1.31003e-15  3.50767e-13  -4.4355e-13  4.40457e-13  8.96319e-16  4.48263e-16 -8.40412e-13  -3.0959e-14  -1.9362e-15   1.0835e-13   -1.755e-12 -6.04367e-13
  1.5934e-15   5.9817e-17  4.75057e-15 -3.30447e-13 -3.19517e-15  2.35168e-14  8.96318e-16  4.58409e-13   1.5256e-14  2.92721e-14 -8.63374e-13 -6.16095e-14  1.98994e-12  9.75954e-14  1.66987e-14
 1.11323e-13 -4.97348e-15    1.729e-17  6.80883e-13  -3.6115e-14   4.1556e-16  4.48263e-16  1.52561e-14  6.62834e-13  8.94717e-16 -4.68919e-14 -1.51158e-12  1.26799e-12  -9.5436e-16  9.69723e-16
  -1.483e-16  3.91367e-15  1.29427e-13 -4.41004e-14 -1.03285e-12  8.74658e-13 -8.40412e-13  2.92721e-14  8.94708e-16  2.23783e-12 -1.78162e-16 -3.22436e-15 -1.13566e-13  8.11765e-13  1.69622e-12
-4.85934e-15  6.04101e-18 -3.75685e-15  9.95437e-13 -4.18845e-14 -1.47512e-14  -3.0959e-14 -8.63374e-13 -4.68917e-14 -1.78169e-16  2.29668e-12  1.89608e-13 -1.04797e-12 -1.02809e-13  1.04018e-14
-1.86693e-13  9.48413e-15 -6.07411e-17 -1.55738e-12  8.30029e-14 -1.52605e-15 -1.93621e-15   -6.161e-14 -1.51158e-12 -3.22438e-15   1.8961e-13  4.26204e-12 -3.63993e-12  3.57631e-15 -3.49232e-15
 2.23744e-13 -1.04637e-14 -2.59566e-15  4.46624e-12 -2.24415e-13 -1.32251e-16   1.0835e-13  1.98994e-12  1.26799e-12 -1.13566e-13 -1.04797e-12 -3.63993e-12  3.69349e-11  1.46228e-14 -1.02344e-13
 3.31173e-15  1.00868e-13  7.14092e-13  1.46631e-13   2.9626e-12  1.63839e-12   -1.755e-12  9.75955e-14 -9.54361e-16  8.11768e-13 -1.02809e-13  3.57629e-15   1.4623e-14   3.0653e-11 -1.36089e-12
 -1.5915e-16  4.22181e-15  1.68031e-13 -4.59207e-14 -1.07822e-12  2.43176e-12 -6.04367e-13  1.66987e-14  9.69714e-16  1.69622e-12  1.04018e-14  -3.4923e-15 -1.02344e-13  -1.3609e-12  6.77114e-12
Matrix: 
 1.91761e-13 -1.25266e-15 -5.15399e-18  2.32235e-13 -6.74437e-15 -5.68108e-17  1.19668e-16  1.27753e-15  1.09293e-13 -1.48327e-16 -3.72448e-15 -1.76822e-13  2.06281e-13  3.39542e-15 -1.58819e-16
-1.25266e-15  1.63365e-13  1.03478e-16 -5.45895e-15  1.19023e-13   1.2954e-15 -1.05416e-15  5.62032e-17 -5.39488e-15  3.00524e-15 -4.50567e-18  9.81655e-15 -1.06196e-14   9.1889e-14  3.25306e-15
-5.15417e-18  1.03465e-16  1.90028e-13 -1.05079e-15 -2.61801e-14   2.1153e-13 -8.98102e-14  5.10169e-15  1.89459e-17  1.21142e-13 -3.77765e-15 -6.17852e-17 -2.63756e-15  7.15107e-13  1.51179e-13
 2.32235e-13 -5.45895e-15 -1.05079e-15  2.13808e-12 -3.88821e-14 -1.75268e-14 -1.07158e-15 -2.88135e-13  6.23731e-13 -4.08504e-14  8.25133e-13 -1.34682e-12  3.95087e-12  1.44506e-13 -4.22431e-14
-6.74437e-15  1.19023e-13 -2.61801e-14 -3.88821e-14  1.46902e-12 -3.50286e-13  3.07537e-13 -3.07018e-15  -3.6437e-14 -8.58146e-13 -3.86252e-14   7.9171e-14 -2.18571e-13  2.65304e-12 -8.86703e-13
 -5.6814e-17  1.29522e-15   2.1153e-13 -1.75268e-14 -3.50286e-13  1.23751e-12 -3.95241e-13  2.30635e-14   4.1653e-16  7.23867e-13 -1.39421e-14 -1.44575e-15 -1.20887e-15  1.65452e-12  2.07175e-12
 1.19667e-16 -1.05402e-15 -8.98102e-14 -1.07159e-15  3.07537e-13 -3.95241e-13  3.99081e-13  1.10964e-15  4.34676e-16 -7.11074e-13 -2.88967e-14 -1.87214e-15   1.2047e-13 -1.75654e-12 -4.77125e-13
 1.27747e-15  5.61983e-17  5.10169e-15 -2.88135e-13 -3.07018e-15  2.30635e-14  1.10964e-15  4.19051e-13  1.35621e-14  2.68591e-14 -7.35351e-13 -5.34532e-14  2.00842e-12   1.0752e-13  1.33095e-14
 1.09293e-13 -5.39488e-15  1.89461e-17  6.23731e-13  -3.6437e-14  4.16533e-16  4.34677e-16  1.35622e-14  6.10829e-13   8.4446e-16  -3.9949e-14 -1.31987e-12  1.07834e-12 -1.22821e-15   9.2762e-16
-1.48334e-16  3.00482e-15  1.21142e-13 -4.08505e-14 -8.58146e-13  7.23867e-13 -7.11074e-13  2.68591e-14  8.44452e-16  1.80069e-12  8.60676e-17 -2.86887e-15 -1.15865e-13  1.06311e-12  1.25032e-12
-3.72429e-15 -4.51372e-18 -3.77765e-15  8.25134e-13 -3.86252e-14 -1.39421e-14 -2.88967e-14 -7.35351e-13 -3.99488e-14  8.60617e-17  1.85358e-12  1.57611e-13 -1.31203e-12 -1.03783e-13  9.80261e-15
-1.76822e-13  9.81655e-15 -6.17855e-17 -1.34682e-12   7.9171e-14 -1.44576e-15 -1.87215e-15 -5.34536e-14 -1.31987e-12 -2.86888e-15  1.57612e-13  3.54988e-12 -2.92046e-12  4.51693e-15 -3.14945e-15
 2.06281e-13 -1.06196e-14 -2.63756e-15  3.95087e-12 -2.18571e-13 -1.20889e-15   1.2047e-13  2.00842e-12  1.07834e-12 -1.15865e-13 -1.31203e-12 -2.92046e-12  3.45063e-11  1.49173e-14 -1.06053e-13
 3.39542e-15  9.18888e-14  7.15107e-13  1.44506e-13  2.65304e-12  1.65452e-12 -1.75654e-12   1.0752e-13 -1.22821e-15  1.06311e-12 -1.03783e-13  4.51692e-15  1.49175e-14  2.87592e-11 -9.55829e-13
-1.58826e-16  3.25261e-15  1.51179e-13 -4.22432e-14 -8.86703e-13  2.07175e-12 -4.77125e-13  1.33095e-14  9.27612e-16  1.25032e-12  9.80262e-15 -3.14944e-15 -1.06053e-13 -9.55833e-13  5.48706e-12
Matrix: 
  1.9098e-13 -1.41154e-15 -5.68521e-18  2.29562e-13 -7.21161e-15 -6.30848e-17  1.12342e-16  9.74197e-16  1.07409e-13 -1.53461e-16 -2.73415e-15  -1.6857e-13  1.92427e-13  3.50483e-15  -1.6407e-16
-1.41154e-15  1.62047e-13  8.55771e-17 -5.89127e-15  1.18363e-13  9.98612e-16 -7.98953e-16  5.18542e-17 -5.81026e-15  2.18443e-15 -1.90231e-17  1.01537e-14  -1.0813e-14  8.48616e-14  2.37411e-15
-5.68538e-18  8.55665e-17  1.89125e-13 -1.07894e-15 -2.43371e-14  2.07911e-13 -8.77337e-14   5.4516e-15   2.0196e-17  1.14768e-13 -3.79125e-15 -6.21219e-17  -2.6861e-15  7.14696e-13  1.38201e-13
 2.29562e-13 -5.89126e-15 -1.07894e-15     2.01e-12 -3.92699e-14 -1.70111e-14 -8.42051e-16 -2.55269e-13  5.77839e-13  -3.8414e-14  6.98902e-13 -1.18636e-12  3.55884e-12  1.43607e-13 -3.92683e-14
-7.21161e-15  1.18363e-13  -2.4337e-14 -3.92699e-14  1.39142e-12 -3.08704e-13  2.73654e-13 -2.92968e-15 -3.68675e-14 -7.27926e-13 -3.61962e-14  7.62581e-14 -2.14837e-13  2.41671e-12 -7.41595e-13
-6.30875e-17  9.98479e-16  2.07911e-13 -1.70111e-14 -3.08704e-13  1.15051e-12 -3.58737e-13  2.28565e-14  4.09227e-16  6.16556e-13 -1.33098e-14 -1.35759e-15 -2.26165e-15   1.6626e-12  1.80557e-12
 1.12341e-16 -7.98847e-16 -8.77337e-14 -8.42053e-16  2.73654e-13 -3.58737e-13  3.68336e-13  1.33814e-15  4.13449e-16 -6.20403e-13 -2.77755e-14  -1.7789e-15  1.32302e-13 -1.75096e-12 -3.88698e-13
 9.74153e-16  5.18502e-17   5.4516e-15  -2.5527e-13 -2.92968e-15  2.28565e-14  1.33814e-15  3.90206e-13  1.19186e-14  2.53749e-14 -6.46105e-13 -4.61069e-14  2.01856e-12  1.17037e-13  1.08501e-14
 1.07409e-13 -5.81026e-15  2.01962e-17  5.77839e-13 -3.68675e-14   4.0923e-16   4.1345e-16  1.19187e-14  5.69057e-13  7.87494e-16 -3.38752e-14 -1.17338e-12  9.34292e-13  -1.4266e-15  8.75133e-16
-1.53466e-16  2.18413e-15  1.14768e-13  -3.8414e-14 -7.27927e-13  6.16556e-13 -6.20403e-13  2.53749e-14  7.87488e-16   1.5096e-12  3.21301e-16 -2.55414e-15 -1.18012e-13   1.2305e-12  9.54669e-13
-2.73403e-15 -1.90293e-17 -3.79125e-15  6.98902e-13 -3.61962e-14 -1.33098e-14 -2.77755e-14 -6.46105e-13 -3.38751e-14  3.21296e-16  1.55857e-12  1.31109e-13 -1.49244e-12 -1.04688e-13  9.36219e-15
 -1.6857e-13  1.01537e-14 -6.21222e-17 -1.18636e-12  7.62581e-14 -1.35759e-15 -1.77891e-15 -4.61072e-14 -1.17338e-12 -2.55416e-15   1.3111e-13    3.032e-12 -2.40067e-12  5.13658e-15 -2.83744e-15
 1.92427e-13  -1.0813e-14  -2.6861e-15  3.55884e-12 -2.14837e-13 -2.26167e-15  1.32302e-13  2.01856e-12  9.34292e-13 -1.18012e-13 -1.49244e-12 -2.40067e-12  3.27178e-11  1.54687e-14 -1.09248e-13
 3.50484e-15  8.48615e-14  7.14697e-13  1.43607e-13  2.41671e-12   1.6626e-12 -1.75096e-12  1.17037e-13  -1.4266e-15   1.2305e-12 -1.04688e-13  5.13656e-15  1.54688e-14  2.73116e-11 -6.58134e-13
-1.64076e-16  2.37379e-15  1.38201e-13 -3.92683e-14 -7.41595e-13  1.80557e-12 -3.88698e-13  1.08501e-14  8.75126e-16  9.54669e-13   9.3622e-15 -2.83742e-15 -1.09248e-13 -6.58137e-13  4.57972e-12
Matrix: 
 1.90446e-13 -1.56996e-15 -6.35162e-18  2.27187e-13 -7.67037e-15 -7.10223e-17  1.04954e-16  6.95082e-16  1.05657e-13 -1.62215e-16 -1.89159e-15 -1.61566e-13  1.81296e-13  3.63835e-15 -1.73154e-16
-1.56996e-15  1.61126e-13  6.55901e-17  -6.3153e-15  1.17876e-13  7.09572e-16 -5.55096e-16  4.72421e-17 -6.21995e-15  1.46555e-15   -3.644e-17  1.04945e-14 -1.10408e-14  7.93285e-14  1.60279e-15
-6.35177e-18  6.55816e-17  1.88488e-13 -1.10956e-15 -2.27411e-14  2.04776e-13 -8.59596e-14  5.80071e-15  2.11084e-17  1.09789e-13 -3.79863e-15 -6.19433e-17 -2.73816e-15  7.13266e-13    1.281e-13
 2.27187e-13  -6.3153e-15 -1.10956e-15  1.90525e-12 -3.97649e-14 -1.66014e-14 -6.25794e-16 -2.29709e-13  5.40401e-13 -3.66489e-14  6.04286e-13 -1.06143e-12  3.25548e-12  1.43756e-13 -3.68772e-14
-7.67037e-15  1.17876e-13 -2.27411e-14 -3.97649e-14   1.3278e-12 -2.74868e-13   2.4702e-13 -2.77908e-15 -3.73891e-14 -6.29693e-13  -3.4454e-14  7.40599e-14 -2.12852e-13   2.2336e-12 -6.29954e-13
-7.10246e-17  7.09472e-16  2.04776e-13 -1.66015e-14 -2.74868e-13  1.08142e-12 -3.30778e-13  2.28553e-14  3.95877e-16  5.38551e-13 -1.28152e-14 -1.26574e-15 -3.27824e-15  1.66615e-12  1.60405e-12
 1.04954e-16 -5.55017e-16 -8.59596e-14 -6.25796e-16   2.4702e-13 -3.30778e-13  3.45189e-13  1.57786e-15  3.85292e-16 -5.55514e-13 -2.73541e-14 -1.66304e-15  1.43894e-13 -1.74148e-12 -3.25974e-13
 6.95051e-16  4.72388e-17  5.80071e-15 -2.29709e-13 -2.77908e-15  2.28553e-14  1.57786e-15  3.68818e-13  1.03549e-14  2.45848e-14 -5.82661e-13 -3.95349e-14  2.02343e-12  1.26226e-13  9.08446e-15
 1.05657e-13 -6.21995e-15  2.11086e-17  5.40401e-13 -3.73891e-14   3.9588e-16  3.85293e-16   1.0355e-14  5.34921e-13  7.27498e-16 -2.85687e-14 -1.05884e-12   8.2242e-13 -1.56788e-15  8.17008e-16
