Matrix: 
  1.0081e-06            0            0        9e-08            0            0            0            0            0            0            0            0            0            0            0
           0   1.0081e-06            0            0        9e-08            0            0            0            0            0            0            0            0            0            0
           0            0   1.0081e-06            0            0        9e-08            0            0            0            0            0            0            0            0            0
       9e-08            0            0   1.7852e-06  4.52867e-12 -2.43332e-08            0 -8.81535e-07 -1.64064e-10            0            0            0  8.99984e-08  5.31801e-10  9.94573e-14
           0        9e-08            0  4.52867e-12  1.78597e-06  1.44628e-10  8.81535e-07            0 -2.76031e-08            0            0            0 -5.31801e-10  8.99984e-08 -9.82437e-14
           0            0        9e-08 -2.43332e-08  1.44628e-10  1.00886e-06  1.64064e-10  2.76031e-08            0            0            0            0 -1.00036e-13  9.76543e-14        9e-08
           0            0            0            0  8.81535e-07  1.64064e-10   1.0081e-06    3.492e-28 -1.50463e-36 -8.99984e-08 -5.31801e-10 -9.94573e-14            0            0            0
           0            0            0 -8.81535e-07            0  2.76031e-08 -6.11314e-27   1.0081e-06  1.57772e-30  5.31801e-10 -8.99984e-08  9.82437e-14            0            0            0
           0            0            0 -1.64064e-10 -2.76031e-08            0 -1.57772e-30  1.57772e-30   1.0081e-06  1.00036e-13 -9.76543e-14       -9e-08            0            0            0
           0            0            0            0            0            0 -8.99984e-08  5.31801e-10  1.00036e-13        1e-06            0            0            0            0            0
           0            0            0            0            0            0 -5.31801e-10 -8.99984e-08 -9.76543e-14            0        1e-06            0            0            0            0
           0            0            0            0            0            0 -9.94573e-14  9.82437e-14       -9e-08            0            0        1e-06            0            0            0
           0            0            0  8.99984e-08 -5.31801e-10 -1.00036e-13            0            0            0            0            0            0        1e-06            0            0
           0            0            0  5.31801e-10  8.99984e-08  9.76543e-14            0            0            0            0            0            0            0        1e-06            0
           0            0            0  9.94573e-14 -9.82437e-14        9e-08            0            0            0            0            0            0            0            0        1e-06
Matrix: 
 7.04925e-13 -5.31306e-16 -2.55008e-21  1.10821e-12 -1.83231e-14  4.25548e-19  2.50028e-17  7.43504e-15  3.02668e-13  7.32946e-16 -8.17982e-14  -2.9483e-14  9.35429e-14  8.38141e-16  1.83911e-17
-5.31306e-16  6.15006e-13 -3.94679e-20 -5.88776e-15  1.10564e-13 -3.55682e-19 -3.98044e-16 -3.90157e-17 -1.77439e-15  4.37433e-15  4.82948e-16  3.69588e-17 -5.52291e-16  5.00238e-15 -1.53126e-19
-2.55005e-21 -3.94464e-20  7.05041e-13 -1.70317e-15 -2.91486e-13  1.10838e-12 -3.04718e-13  1.59628e-15  6.48496e-17   5.2028e-14  2.56167e-15   -7.066e-16  1.80512e-17  2.58076e-14   9.4128e-14
 1.10821e-12 -5.88776e-15 -1.70317e-15  9.93275e-09 -2.03118e-13 -7.47739e-14  1.46751e-16 -7.12861e-11  3.31541e-12 -9.49401e-12  7.73401e-10 -2.93682e-14  1.09107e-07  1.33905e-09  1.49032e-11
-1.83231e-14  1.10554e-13 -2.91486e-13 -2.03118e-13   9.9217e-09 -3.23162e-12  7.13641e-11 -8.12086e-16 -2.27504e-12 -7.74263e-10 -9.48936e-12  2.42467e-11 -1.33905e-09  1.09106e-07 -2.08525e-11
 4.25549e-19 -3.55571e-19  1.10838e-12 -7.47739e-14 -3.23162e-12  9.93131e-09 -3.33831e-12  2.27297e-12  7.20638e-16  4.32298e-13 -2.43293e-11 -3.30711e-15 -1.54965e-11  2.06667e-11   1.0911e-07
 2.50028e-17 -3.98044e-16 -3.04718e-13  1.46751e-16  7.13641e-11 -3.33831e-12  9.85914e-09 -3.60593e-16  1.93544e-12 -1.08431e-07 -1.33075e-09 -3.62716e-11 -9.50094e-12  7.74098e-10  -4.1571e-15
 7.43504e-15 -3.90157e-17  1.59628e-15 -7.12861e-11 -8.12086e-16  2.27297e-12 -3.60593e-16  9.85908e-09 -1.15801e-14  1.33075e-09  -1.0843e-07  2.08251e-11 -7.74094e-10 -9.49631e-12  2.42403e-11
 3.02668e-13 -1.77439e-15  6.48496e-17  3.31541e-12 -2.27504e-12  7.20638e-16  1.93544e-12 -1.15801e-14  9.92062e-09 -5.96487e-12 -2.05146e-11 -1.09116e-07  1.53154e-13 -2.43493e-11  4.65091e-15
 7.32946e-16  4.37433e-15   5.2028e-14 -9.49401e-12 -7.74263e-10  4.32298e-13 -1.08431e-07  1.33075e-09 -5.96487e-12  1.19283e-06  7.93235e-16  2.33194e-10  7.05576e-16  -8.5167e-09  5.15042e-14
-8.17982e-14  4.82948e-16  2.56167e-15  7.73401e-10 -9.48936e-12 -2.43293e-11 -1.33075e-09  -1.0843e-07 -2.05146e-11  7.93235e-16  1.19282e-06  2.53441e-14  8.51662e-09  -3.8913e-19 -2.66673e-10
 -2.9483e-14  3.69588e-17   -7.066e-16 -2.93682e-14  2.42467e-11 -3.30711e-15 -3.62716e-11  2.08251e-11 -1.09116e-07  2.33194e-10  2.53441e-14  1.20027e-06  -2.9005e-14  2.66675e-10 -7.05187e-16
 9.35429e-14 -5.52291e-16  1.80512e-17  1.09107e-07 -1.33905e-09 -1.54965e-11 -9.50094e-12 -7.74094e-10  1.53154e-13  7.05576e-16  8.51662e-09  -2.9005e-14  1.20026e-06  8.00398e-16 -1.90425e-12
 8.38141e-16  5.00238e-15  2.58076e-14  1.33905e-09  1.09106e-07  2.06667e-11  7.74098e-10 -9.49631e-12 -2.43493e-11  -8.5167e-09  -3.8913e-19  2.66675e-10  8.00398e-16  1.20026e-06  2.55478e-14
 1.83911e-17 -1.53116e-19   9.4128e-14  1.49032e-11 -2.08525e-11   1.0911e-07  -4.1571e-15  2.42403e-11  4.65091e-15  5.15042e-14 -2.66673e-10 -7.05187e-16 -1.90425e-12  2.55478e-14   1.2002e-06
Matrix: 
 4.60363e-13 -1.22853e-15 -1.86214e-21  1.64958e-12  -4.3991e-14  8.66015e-17 -2.45982e-17   9.1583e-17  4.77403e-13  2.80956e-16 -9.63938e-16  -1.9714e-12  6.00796e-12  4.13471e-14  8.61568e-16
-1.22853e-15  3.49809e-13 -4.50094e-19 -2.00821e-14  1.61403e-13  6.76563e-18 -5.26144e-18 -1.41009e-18  -6.8443e-15  5.21586e-17  1.71897e-17  3.50338e-14  -1.0914e-13  5.52046e-13  6.61326e-17
-1.86202e-21 -4.50153e-19  4.60399e-13  1.39911e-15 -1.44638e-13   1.6504e-12  -4.7727e-13  1.18613e-14 -2.70082e-17  1.97198e-12 -1.08453e-14  2.69611e-16 -1.13198e-14  1.65495e-12  6.01034e-12
 1.64957e-12  -2.0082e-14  1.39911e-15  6.41761e-11 -2.01316e-12 -2.94304e-13  -3.3542e-14 -3.23491e-12  1.75326e-11 -6.39408e-13  2.50341e-11 -1.21204e-10  4.30447e-10   1.0171e-12 -2.32125e-12
-4.39909e-14  1.61408e-13 -1.44638e-13 -2.01316e-12  8.45497e-12 -1.00418e-11  3.14394e-12 -2.73295e-14 -6.31255e-13 -2.40488e-11 -6.71063e-13   4.5725e-12 -1.61078e-11  5.50866e-11 -7.53957e-11
 8.66012e-17    6.766e-18   1.6504e-12 -2.94304e-13 -1.00418e-11  6.21399e-11 -1.75312e-11  6.45467e-13 -5.32519e-17  1.21293e-10 -8.48427e-13   4.3727e-15 -3.03308e-13 -3.95869e-11   4.1795e-10
-2.45982e-17 -5.26179e-18  -4.7727e-13  -3.3542e-14  3.14394e-12 -1.75312e-11  5.54049e-12  3.40133e-15   4.8643e-17 -3.81003e-11 -1.23691e-12 -1.59758e-15 -5.21066e-13   1.2098e-11 -1.17203e-10
 9.15829e-17 -1.41008e-18  1.18613e-14 -3.23491e-12 -2.73295e-14  6.45467e-13  3.40133e-15  5.63994e-12  9.88531e-16  1.20636e-12 -3.91741e-11 -5.61533e-15 -1.30962e-11 -4.97226e-13  4.01728e-12
 4.77403e-13  -6.8443e-15 -2.70082e-17  1.75326e-11 -6.31255e-13 -5.32516e-17   4.8643e-17   9.8853e-16  5.54135e-12   1.2582e-15 -1.28617e-14 -3.81238e-11  1.17276e-10 -2.56721e-13  3.94336e-15
 2.80956e-16  5.21624e-17  1.97198e-12 -6.39408e-13 -2.40488e-11  1.21293e-10 -3.81003e-11  1.20636e-12   1.2582e-15  2.87906e-10 -6.89652e-14  2.49187e-16 -6.82985e-14 -1.34611e-10  8.96224e-10
-9.63935e-16  1.71897e-17 -1.08453e-14  2.50341e-11 -6.71063e-13 -8.48427e-13 -1.23691e-12 -3.91741e-11 -1.28617e-14 -6.89652e-14  2.99583e-10  8.36144e-14  1.45512e-10  6.92764e-14 -3.30159e-12
 -1.9714e-12  3.50338e-14  2.69611e-16 -1.21204e-10   4.5725e-12  4.37269e-15 -1.59758e-15 -5.61533e-15 -3.81238e-11  2.49187e-16  8.36144e-14  2.87917e-10 -8.96176e-10  2.84153e-12 -9.26102e-16
 6.00794e-12 -1.09141e-13 -1.13198e-14  4.30447e-10 -1.61078e-11 -3.03309e-13 -5.21066e-13 -1.30962e-11  1.17276e-10 -6.82985e-14  1.45512e-10 -8.96176e-10  3.28124e-09  -9.2196e-12 -3.21443e-12
 4.13469e-14  5.52102e-13  1.65495e-12   1.0171e-12  5.50866e-11 -3.95869e-11   1.2098e-11 -4.97226e-13 -2.56722e-13 -1.34611e-10  6.92764e-14  2.84153e-12 -9.21962e-12  4.61299e-10 -4.40182e-10
 8.61565e-16  6.61379e-17  6.01035e-12 -2.32125e-12 -7.53957e-11   4.1795e-10 -1.17203e-10  4.01728e-12  3.94336e-15  8.96224e-10 -3.30159e-12 -9.26067e-16 -3.21443e-12 -4.40182e-10  3.13896e-09
Matrix: 
 3.94482e-13 -4.03253e-15  1.03785e-16  1.45003e-12 -7.50517e-14  4.12776e-15 -1.01113e-15  4.66386e-15  4.20257e-13  7.66184e-15 -2.78475e-14 -1.40256e-12  4.04162e-12 -3.80255e-14  2.42426e-14
-4.03253e-15  2.64175e-13   5.8547e-17 -5.44005e-14   1.4754e-13  2.10736e-15 -6.63195e-16 -9.67458e-17 -1.75795e-14  3.91795e-15  7.86201e-16  7.55472e-14 -2.27064e-13   3.6727e-13  1.22109e-14
 1.03786e-16  5.85867e-17  3.93517e-13 -5.81525e-15 -1.44965e-13    1.416e-12 -4.07471e-13  2.08429e-14 -7.83814e-17  1.32912e-12 -3.76526e-14  2.09706e-15 -3.35383e-14  1.67184e-12  3.82674e-12
 1.45003e-12 -5.44005e-14 -5.81524e-15  3.13447e-11 -1.49646e-12 -2.62878e-13  -5.3202e-15  -1.5525e-12  8.42898e-12 -4.15308e-13  9.49635e-12 -4.36665e-11   1.5322e-10  4.07874e-13 -1.37814e-12
-7.50517e-14  1.47542e-13 -1.44965e-13 -1.49646e-12  4.52558e-12 -5.30052e-12  1.64039e-12 -1.63369e-14 -4.69326e-13 -9.78408e-12 -3.90311e-13  2.41262e-12    -8.26e-12  2.05917e-11 -3.05767e-11
 4.12776e-15   2.1088e-15    1.416e-12 -2.62878e-13 -5.30052e-12  2.87927e-11 -8.00842e-12  4.51238e-13  5.90465e-16  4.12317e-11 -5.54477e-13  5.39423e-14  -2.8974e-13  -6.7881e-12  1.40329e-10
-1.01114e-15 -6.63639e-16 -4.07471e-13 -5.32021e-15  1.64039e-12 -8.00842e-12  2.52665e-12  2.13136e-15  2.25461e-15 -1.28407e-11  -5.6357e-13 -3.18442e-14   2.1479e-14  1.80158e-12 -3.85117e-11
 4.66372e-15 -9.67286e-17  2.08429e-14 -1.55251e-12 -1.63369e-14  4.51238e-13  2.13136e-15  2.57723e-12  4.30721e-14  5.47681e-13 -1.32412e-11 -2.68418e-13 -1.36078e-12 -6.99271e-14  1.79976e-12
 4.20257e-13 -1.75795e-14 -7.83815e-17  8.42898e-12 -4.69326e-13  5.90473e-16  2.25461e-15  4.30722e-14  2.66721e-12  1.77902e-15 -2.60866e-13 -1.36908e-11  4.10309e-11 -1.75541e-13  8.38101e-15
 7.66183e-15   3.9206e-15  1.32912e-12 -4.15308e-13 -9.78408e-12  4.12317e-11 -1.28407e-11  5.47681e-13    1.779e-15  7.47685e-11 -4.04868e-14  9.56294e-14 -8.25309e-13 -3.24569e-11  2.29628e-10
-2.78466e-14  7.86238e-16 -3.76526e-14  9.49635e-12 -3.90311e-13 -5.54477e-13  -5.6357e-13 -1.32412e-11 -2.60866e-13 -4.04867e-14  7.88115e-11  1.63195e-12  3.28279e-11 -3.31373e-13  -6.2779e-13
-1.40256e-12  7.55471e-14  2.09706e-15 -4.36665e-11  2.41262e-12  5.39422e-14 -3.18442e-14 -2.68419e-13 -1.36908e-11  9.56292e-14  1.63196e-12  7.97636e-11 -2.44347e-10  6.56185e-13  2.80467e-13
 4.04162e-12 -2.27064e-13 -3.35383e-14   1.5322e-10    -8.26e-12 -2.89739e-13   2.1479e-14 -1.36077e-12  4.10309e-11 -8.25308e-13  3.28279e-11 -2.44347e-10  9.25214e-10 -1.68283e-12 -2.02946e-12
-3.80255e-14  3.67288e-13  1.67184e-12  4.07874e-13  2.05917e-11  -6.7881e-12  1.80158e-12 -6.99272e-14 -1.75541e-13 -3.24569e-11 -3.31374e-13  6.56187e-13 -1.68284e-12  1.55308e-10 -1.15092e-10
 2.42426e-14  1.22192e-14  3.82674e-12 -1.37814e-12 -3.05767e-11  1.40329e-10 -3.85117e-11  1.79976e-12  8.38097e-15  2.29628e-10  -6.2779e-13  2.80468e-13 -2.02946e-12 -1.15092e-10  8.10273e-10
Matrix: 
 3.70833e-13 -6.50188e-15 -3.60487e-17  1.34493e-12 -8.45173e-14 -5.49277e-16  6.20816e-16  6.71535e-15  3.87733e-13 -7.84156e-16 -3.39948e-14 -1.11779e-12  3.11138e-12 -9.65472e-15 -2.54346e-15
-6.50188e-15  2.23621e-13  2.04596e-16 -6.61521e-14  1.40603e-13  4.51808e-15 -1.40238e-15  -2.7594e-16 -2.12223e-14  6.64999e-15  1.81915e-15  7.41732e-14 -2.16217e-13  2.71977e-13   2.0689e-14
-3.60484e-17  2.04654e-16  3.67852e-13 -8.45321e-15 -1.45653e-13  1.27317e-12 -3.62421e-13  2.31282e-14 -3.65371e-16  9.95367e-13 -3.06892e-14  2.20683e-15 -2.85281e-14  1.64408e-12  2.74829e-12
 1.34493e-12 -6.61521e-14 -8.45321e-15  2.09471e-11 -1.19421e-12 -2.41021e-13  7.08593e-15 -9.91724e-13  5.53212e-12 -3.32666e-13  5.09674e-12 -2.33377e-11  8.13224e-11  6.55383e-13  -1.0247e-12
-8.45173e-14  1.40603e-13 -1.45653e-13 -1.19421e-12  3.26523e-12 -3.68535e-12  1.12432e-12 -1.78189e-14 -3.72782e-13 -5.56153e-12 -2.57435e-13  1.55263e-12 -5.28762e-12   1.1326e-11 -1.73823e-11
-5.49279e-16  4.51953e-15  1.27317e-12 -2.41022e-13 -3.68535e-12  1.81494e-11 -4.95487e-12   3.3851e-13 -6.10189e-15  2.05509e-11  -3.0709e-13  3.79588e-14 -1.29694e-13  1.77965e-13  6.94611e-11
 6.20809e-16 -1.40282e-15 -3.62421e-13   7.0859e-15  1.12432e-12 -4.95487e-12  1.55777e-12  3.52568e-15  5.36599e-15 -6.33917e-12 -3.46626e-13 -3.09644e-14  1.38124e-13 -3.32475e-13 -1.85684e-11
 6.71523e-15 -2.75923e-16  2.31282e-14 -9.91724e-13 -1.78188e-14   3.3851e-13  3.52568e-15  1.61026e-12  5.20505e-14  3.30141e-13 -6.59603e-12 -2.87963e-13  1.14531e-12  3.83547e-14  9.70552e-13
 3.87733e-13 -2.12222e-14 -3.65372e-16  5.53212e-12 -3.72782e-13 -6.10189e-15    5.366e-15  5.20506e-14  1.74848e-12 -8.93781e-15 -2.66186e-13 -7.29405e-12  2.13904e-11 -1.00711e-14 -2.83269e-14
-7.84157e-16  6.65218e-15  9.95367e-13 -3.32666e-13 -5.56153e-12  2.05509e-11 -6.33917e-12  3.30141e-13 -8.93781e-15  3.03161e-11 -3.45436e-14  5.66565e-14 -6.18993e-13 -1.15336e-11  9.16418e-11
-3.39942e-14  1.81921e-15 -3.06892e-14  5.09674e-12 -2.57436e-13  -3.0709e-13 -3.46626e-13 -6.59603e-12 -2.66186e-13 -3.45435e-14  3.25017e-11  1.47458e-12  1.03393e-11  -2.4461e-13  9.35735e-14
-1.11779e-12  7.41731e-14  2.20683e-15 -2.33377e-11  1.55263e-12  3.79586e-14 -3.09644e-14 -2.87964e-13 -7.29405e-12  5.66563e-14  1.47458e-12  3.50056e-11 -1.05413e-10 -1.06929e-13  1.78217e-13
 3.11138e-12 -2.16217e-13 -2.85281e-14  8.13224e-11 -5.28762e-12 -1.29693e-13  1.38124e-13  1.14531e-12  2.13903e-11 -6.18992e-13  1.03393e-11 -1.05413e-10  4.19421e-10  6.40543e-13 -1.35647e-12
-9.65472e-15  2.71984e-13  1.64408e-12  6.55383e-13   1.1326e-11  1.77963e-13 -3.32474e-13  3.83546e-14 -1.00711e-14 -1.15336e-11 -2.44611e-13 -1.06928e-13  6.40541e-13  8.33402e-11 -4.65181e-11
-2.54347e-15  2.06958e-14  2.74829e-12  -1.0247e-12 -1.73823e-11  6.94611e-11 -1.85684e-11  9.70552e-13 -2.83269e-14  9.16418e-11  9.35737e-14  1.78218e-13 -1.35648e-12 -4.65181e-11  3.27825e-10
Matrix: 
 3.60829e-13 -9.03627e-15 -1.03704e-16  1.26246e-12 -9.37788e-14 -1.58478e-15  1.15619e-15  8.47284e-15  3.62309e-13 -2.06189e-15 -3.76716e-14 -9.36542e-13   2.5327e-12  3.38687e-15 -6.71666e-15
-9.03627e-15   2.0111e-13  3.44092e-16 -7.58253e-14  1.37089e-13  5.88325e-15 -1.81694e-15 -4.94814e-16 -2.42658e-14  7.34266e-15  2.76219e-15  7.32334e-14 -2.07472e-13  2.14671e-13  2.28068e-14
-1.03703e-16  3.44155e-16   3.5512e-13 -9.18423e-15 -1.44048e-13  1.15633e-12 -3.25649e-13  2.50766e-14 -2.01488e-16  7.82782e-13 -2.71132e-14  6.72277e-16 -1.95855e-14  1.58924e-12  2.07649e-12
 1.26246e-12 -7.58252e-14 -9.18423e-15  1.57472e-11 -1.06238e-12 -2.05019e-13  5.77251e-15 -7.00512e-13  4.09501e-12 -2.45395e-13  3.14187e-12 -1.47753e-11  5.11752e-11  6.05838e-13  -7.4434e-13
-9.37787e-14   1.3709e-13 -1.44048e-13 -1.06238e-12  2.64768e-12 -2.82274e-12  8.51604e-13 -2.11224e-14 -3.31076e-13 -3.62961e-12 -1.82599e-13  1.18413e-12 -4.00793e-12  7.39174e-12 -1.13223e-11
-1.58478e-15  5.88447e-15  1.15633e-12 -2.05019e-13 -2.82274e-12  1.28688e-11 -3.44882e-12  2.83866e-13 -7.40149e-16  1.20856e-11 -2.29743e-13 -2.82319e-15  1.82079e-14  2.33881e-12  4.05927e-11
 1.15618e-15 -1.81731e-15 -3.25649e-13  5.77248e-15  8.51604e-13 -3.44881e-12  1.08532e-12  4.71712e-15  4.63098e-15 -3.71033e-12 -2.43508e-13 -2.10271e-14  1.72161e-13 -9.61476e-13 -1.05655e-11
 8.47276e-15 -4.94798e-16  2.50766e-14 -7.00512e-13 -2.11224e-14  2.83866e-13  4.71712e-15  1.14884e-12  5.48588e-14  2.29136e-13 -3.92076e-12 -2.72011e-13  1.95747e-12  8.71701e-14  6.29876e-13
 3.62309e-13 -2.42658e-14 -2.01488e-16  4.09501e-12 -3.31076e-13  -7.4015e-16  4.63098e-15  5.48589e-14  1.29751e-12 -1.23807e-15 -2.45761e-13 -4.62817e-12  1.32632e-11  1.49583e-14 -5.21075e-15
-2.06188e-15  7.34422e-15  7.82782e-13 -2.45395e-13 -3.62961e-12  1.20856e-11 -3.71033e-12  2.29136e-13 -1.23807e-15  1.51995e-11 -3.49834e-14 -1.49107e-15 -3.94667e-13  -4.6544e-12  4.48412e-11
-3.76712e-14  2.76224e-15 -2.71132e-14  3.14188e-12 -1.82599e-13 -2.29744e-13 -2.43508e-13 -3.92076e-12 -2.45761e-13 -3.49834e-14  1.66239e-11  1.21916e-12  3.09048e-12 -1.96187e-13  9.36078e-14
-9.36542e-13  7.32334e-14  6.72273e-16 -1.47753e-11  1.18413e-12 -2.82332e-15 -2.10271e-14 -2.72012e-13 -4.62817e-12 -1.49122e-15  1.21916e-12  1.91039e-11 -5.62215e-11 -1.23042e-13  1.16627e-15
  2.5327e-12 -2.07472e-13 -1.95855e-14  5.11752e-11 -4.00793e-12  1.82086e-14  1.72161e-13  1.95748e-12  1.32632e-11 -3.94666e-13  3.09046e-12 -5.62215e-11  2.37931e-10  6.53355e-13  -8.6945e-13
  3.3869e-15  2.14675e-13  1.58924e-12  6.05838e-13  7.39174e-12  2.33881e-12 -9.61474e-13    8.717e-14  1.49583e-14  -4.6544e-12 -1.96187e-13 -1.23042e-13  6.53353e-13  5.48653e-11 -2.28946e-11
-6.71663e-15  2.28117e-14  2.07649e-12  -7.4434e-13 -1.13223e-11  4.05927e-11 -1.05655e-11  6.29876e-13 -5.21074e-15  4.48412e-11  9.36079e-14  1.16675e-15 -8.69453e-13 -2.28946e-11  1.62991e-10
Matrix: 
 3.55649e-13 -1.16494e-14 -9.81249e-17  1.19067e-12 -1.03234e-13 -1.03813e-15   1.2234e-15  9.68676e-15  3.40404e-13 -1.28931e-15 -3.87475e-14 -8.08449e-13  2.13407e-12  8.01199e-15 -4.30953e-15
-1.16494e-14  1.87563e-13  4.58317e-16 -8.48854e-14  1.35489e-13  6.48863e-15 -2.00734e-15 -7.23108e-16 -2.71595e-14  7.09432e-15  3.54234e-15  7.34432e-14  -2.0286e-13  1.76697e-13   2.1972e-14
-9.81238e-17  4.58377e-16    3.468e-13 -9.57283e-15 -1.40364e-13  1.05516e-12 -2.94079e-13  2.68421e-14  5.22031e-17  6.35916e-13 -2.52928e-14 -5.51015e-16 -1.28639e-14  1.51984e-12   1.6236e-12
 1.19067e-12 -8.48854e-14 -9.57283e-15  1.25999e-11 -9.91924e-13  -1.7886e-13  4.07994e-15 -5.24356e-13   3.2337e-12 -1.89188e-13  2.10545e-12  -1.0304e-11  3.55074e-11  5.24837e-13 -5.73377e-13
-1.03234e-13   1.3549e-13 -1.40364e-13 -9.91924e-13  2.27752e-12 -2.26654e-12  6.78364e-13 -2.38177e-14 -3.09274e-13 -2.55728e-12 -1.37279e-13  9.80984e-13 -3.30116e-12  5.31875e-12 -7.94483e-12
-1.03811e-15   6.4896e-15  1.05516e-12  -1.7886e-13 -2.26654e-12  9.73565e-12 -2.56233e-12   2.5023e-13  4.17981e-15  7.83317e-12  -1.9133e-13 -2.38607e-14  8.54141e-14  3.05416e-12  2.61543e-11
 1.22339e-15 -2.00763e-15 -2.94079e-13   4.0799e-15  6.78364e-13 -2.56233e-12  8.10754e-13  6.35805e-15    3.829e-15  -2.4054e-12 -1.86779e-13 -1.58967e-14  2.04397e-13 -1.14712e-12 -6.62825e-12
 9.68671e-15 -7.23093e-16  2.68421e-14 -5.24357e-13 -2.38177e-14   2.5023e-13  6.35805e-15  8.85709e-13  5.35319e-14  1.71236e-13 -2.59491e-12 -2.42457e-13  2.24304e-12   1.1647e-13  4.46587e-13
 3.40404e-13 -2.71595e-14  5.22024e-17   3.2337e-12 -3.09274e-13   4.1798e-15  3.82902e-15   5.3532e-14  1.02986e-12  3.97805e-15 -2.15651e-13 -3.24728e-12  9.08686e-12   1.2641e-14  1.12196e-14
 -1.2893e-15  7.09541e-15  6.35916e-13 -1.89188e-13 -2.55728e-12  7.83317e-12  -2.4054e-12  1.71236e-13  3.97806e-15  8.70583e-12 -2.91782e-14 -2.30953e-14 -3.07648e-13 -1.84266e-12  2.48277e-11
-3.87473e-14  3.54238e-15 -2.52928e-14  2.10545e-12 -1.37279e-13  -1.9133e-13 -1.86779e-13 -2.59491e-12 -2.15651e-13 -2.91781e-14  9.72443e-12  9.77097e-13  2.47025e-13 -1.73564e-13  5.65929e-14
-8.08449e-13  7.34432e-14  -5.5102e-16  -1.0304e-11  9.80984e-13 -2.38608e-14 -1.58968e-14 -2.42457e-13 -3.24728e-12 -2.30954e-14    9.771e-13  1.18889e-11 -3.40238e-11 -7.12705e-14  -6.7142e-14
 2.13407e-12  -2.0286e-13 -1.28639e-14  3.55074e-11 -3.30116e-12  8.54149e-14  2.04397e-13  2.24305e-12  9.08686e-12 -3.07647e-13  2.47013e-13 -3.40238e-11  1.54923e-10  4.79458e-13 -7.30496e-13
 8.01202e-15  1.76699e-13  1.51984e-12  5.24837e-13  5.31875e-12  3.05415e-12 -1.14712e-12   1.1647e-13   1.2641e-14 -1.84266e-12 -1.73565e-13 -7.12703e-14  4.79457e-13  4.03511e-11 -1.26097e-11
-4.30947e-15  2.19753e-14  1.62361e-12 -5.73377e-13 -7.94483e-12  2.61543e-11 -6.62825e-12  4.46587e-13  1.12196e-14  2.48277e-11   5.6593e-14 -6.71416e-14 -7.30498e-13 -1.26097e-11  9.18831e-11
Matrix: 
 3.52079e-13 -1.42852e-14  -5.5378e-17  1.12616e-12 -1.12298e-13  -1.3054e-16   1.1687e-15  1.03263e-14  3.20885e-13 -3.38396e-16 -3.78516e-14 -7.11876e-13  1.84134e-12  9.37872e-15 -1.27228e-15
-1.42852e-14  1.79057e-13  5.38589e-16 -9.33153e-14    1.351e-13  6.53477e-15 -2.03925e-15 -9.37668e-16 -2.98912e-14  6.39645e-15  4.13067e-15  7.41271e-14   -2.002e-13   1.4991e-13  1.97211e-14
-5.53764e-17  5.38643e-16  3.39969e-13 -1.00329e-14 -1.35368e-13  9.67013e-13   -2.668e-13  2.83608e-14  2.72313e-16  5.29757e-13 -2.40777e-14 -1.29371e-15 -8.46169e-15  1.44483e-12  1.30478e-12
 1.12616e-12 -9.33153e-14 -1.00329e-14   1.0484e-11 -9.46554e-13 -1.62053e-13  3.51116e-15 -4.10248e-13  2.66006e-12 -1.54741e-13  1.50139e-12 -7.65424e-12    2.627e-11  4.59292e-13   -4.693e-13
-1.12298e-13    1.351e-13 -1.35368e-13 -9.46554e-13    2.029e-12 -1.87336e-12  5.57985e-13  -2.5504e-14 -2.95695e-13 -1.89642e-12 -1.08721e-13  8.49523e-13 -2.84481e-12  4.08101e-12 -5.85451e-12
-1.30521e-16  6.53551e-15  9.67013e-13 -1.62053e-13 -1.87336e-12  7.69166e-12  -1.9892e-12  2.26239e-13  7.15544e-15  5.42983e-12 -1.65065e-13 -3.18649e-14  1.07164e-13  3.23718e-12   1.8026e-11
 1.16869e-15 -2.03947e-15   -2.668e-13  3.51112e-15  5.57985e-13  -1.9892e-12  6.35513e-13  8.39021e-15  3.36083e-15 -1.67605e-12 -1.52914e-13 -1.36414e-14  2.38707e-13 -1.17386e-12 -4.45016e-12
 1.03263e-14 -9.37655e-16  2.83608e-14 -4.10249e-13 -2.55039e-14  2.26239e-13  8.39021e-15  7.20422e-13  4.97743e-14  1.34244e-13 -1.85388e-12 -2.09458e-13  2.32777e-12   1.3657e-13  3.31439e-13
 3.20885e-13 -2.98912e-14  2.72313e-16  2.66006e-12 -2.95695e-13  7.15544e-15  3.36084e-15  4.97744e-14  8.52938e-13  6.22073e-15 -1.83857e-13 -2.43314e-12  6.64545e-12  6.82207e-15  1.86272e-14
-3.38376e-16  6.39719e-15  5.29757e-13 -1.54741e-13 -1.89642e-12  5.42983e-12 -1.67605e-12  1.34244e-13  6.22074e-15  5.49326e-12 -2.17392e-14  -2.7677e-14 -2.84585e-13 -5.48446e-13   1.4989e-11
-3.78515e-14   4.1307e-15 -2.40777e-14  1.50139e-12 -1.08721e-13 -1.65065e-13 -1.52914e-13 -1.85388e-12 -1.83857e-13 -2.17392e-14  6.26571e-12  7.74117e-13 -9.85988e-13 -1.61876e-13  3.94664e-14
-7.11876e-13  7.41271e-14 -1.29372e-15 -7.65424e-12  8.49523e-13 -3.18651e-14 -1.36414e-14 -2.09459e-13 -2.43314e-12 -2.76772e-14  7.74119e-13  8.08629e-12 -2.24081e-11 -3.25213e-14 -8.32321e-14
 1.84134e-12   -2.002e-13 -8.46165e-15    2.627e-11 -2.84481e-12  1.07165e-13  2.38708e-13  2.32777e-12  6.64545e-12 -2.84584e-13 -9.85997e-13 -2.24081e-11  1.10928e-10  3.57993e-13 -7.31024e-13
 9.37875e-15  1.49912e-13  1.44483e-12  4.59292e-13  4.08101e-12  3.23718e-12 -1.17386e-12   1.3657e-13  6.82208e-15  -5.4845e-13 -1.61876e-13 -3.25211e-14  3.57993e-13  3.17722e-11 -7.46003e-12
-1.27222e-15  1.97234e-14  1.30478e-12   -4.693e-13 -5.85451e-12   1.8026e-11 -4.45016e-12  3.31439e-13  1.86272e-14   1.4989e-11  3.94665e-14 -8.32318e-14 -7.31026e-13 -7.46002e-12  5.65701e-11
Matrix: 
 3.48912e-13 -1.68916e-14 -1.00637e-18  1.06769e-12 -1.20675e-13  6.90038e-16  1.10606e-15   1.0467e-14  3.03294e-13  3.61943e-16 -3.56729e-14 -6.35843e-13  1.61628e-12  9.59321e-15  9.96043e-16
-1.68916e-14   1.7362e-13   5.8097e-16 -1.01054e-13  1.35551e-13   6.1733e-15 -1.95839e-15 -1.12144e-15 -3.24374e-14  5.49893e-15  4.52041e-15  7.49276e-14 -1.98307e-13  1.30189e-13   1.6847e-14
-1.00442e-18  5.81017e-16  3.33653e-13 -1.06177e-14 -1.29741e-13  8.90619e-13 -2.43321e-13  2.96421e-14  4.38834e-16   4.5071e-13 -2.30692e-14 -1.70893e-15 -5.66577e-15  1.37015e-12  1.07359e-12
 1.06769e-12 -1.01054e-13 -1.06177e-14  8.96531e-12 -9.13437e-13 -1.51431e-13  3.61269e-15 -3.33817e-13  2.25163e-12 -1.33015e-13  1.12815e-12 -5.94682e-12  2.03498e-11  4.11704e-13 -4.02399e-13
-1.20675e-13  1.35551e-13 -1.29742e-13 -9.13437e-13  1.85057e-12 -1.58112e-12  4.70176e-13 -2.62351e-14 -2.86159e-13 -1.46192e-12 -9.05711e-14   7.5616e-13 -2.52212e-12  3.27992e-12 -4.47353e-12
 6.90059e-16  6.17387e-15  8.90619e-13 -1.51431e-13 -1.58112e-12  6.27827e-12 -1.59667e-12  2.07925e-13  8.67152e-15  3.96168e-12 -1.44844e-13 -3.36446e-14  1.07876e-13  3.20873e-12  1.30766e-11
 1.10605e-15 -1.95855e-15 -2.43321e-13  3.61265e-15  4.70176e-13 -1.59667e-12  5.17054e-13  1.06717e-14  3.07842e-15  -1.2351e-12 -1.31787e-13 -1.24331e-14  2.72927e-13 -1.14012e-12 -3.14787e-12
  1.0467e-14 -1.12143e-15  2.96421e-14 -3.33817e-13 -2.62351e-14  2.07925e-13  1.06717e-14  6.10112e-13  4.47588e-14  1.09209e-13 -1.40547e-12 -1.77504e-13  2.32899e-12  1.51415e-13  2.53012e-13
 3.03294e-13 -3.24374e-14  4.38834e-16  2.25163e-12 -2.86159e-13  8.67152e-15  3.07843e-15  4.47589e-14  7.27652e-13  6.85303e-15 -1.53881e-13 -1.90992e-12  5.08974e-12  1.91285e-15  2.09724e-14
 3.61963e-16  5.49945e-15   4.5071e-13 -1.33015e-13 -1.46192e-12  3.96168e-12  -1.2351e-12  1.09209e-13  6.85304e-15  3.74257e-12  -1.4841e-14 -2.63807e-14 -2.85224e-13   8.9134e-14  9.66901e-12
-3.56728e-14  4.52044e-15 -2.30692e-14  1.12816e-12 -9.05712e-14 -1.44844e-13 -1.31787e-13 -1.40547e-12 -1.53881e-13  -1.4841e-14  4.35452e-12  6.10725e-13 -1.54646e-12 -1.54898e-13  3.53477e-14
-6.35843e-13  7.49276e-14 -1.70894e-15 -5.94682e-12   7.5616e-13 -3.36447e-14 -1.24332e-14 -1.77505e-13 -1.90992e-12 -2.63808e-14  6.10727e-13  5.86668e-12 -1.56848e-11 -8.77819e-15 -8.06548e-14
 1.61628e-12 -1.98307e-13 -5.66572e-15  2.03498e-11 -2.52212e-12  1.07876e-13  2.72927e-13  2.32899e-12  5.08974e-12 -2.85224e-13 -1.54646e-12 -1.56848e-11  8.51666e-11  2.88239e-13 -7.73208e-13
 9.59324e-15  1.30189e-13  1.37015e-12  4.11704e-13  3.27992e-12  3.20873e-12 -1.14012e-12  1.51415e-13  1.91286e-15  8.91313e-14 -1.54899e-13 -8.77808e-15  2.88238e-13  2.62022e-11 -4.62642e-12
 9.96105e-16  1.68486e-14  1.07359e-12 -4.02399e-13 -4.47353e-12  1.30766e-11 -3.14787e-12  2.53012e-13  2.09724e-14  9.66901e-12  3.53477e-14 -8.06545e-14  -7.7321e-13 -4.62642e-12  3.72561e-11
Matrix: 
 3.45723e-13 -1.94322e-14  5.14953e-17  1.01456e-12 -1.28292e-13  1.30424e-15  1.05774e-15  1.02077e-14  2.87386e-13  7.93019e-16 -3.27249e-14 -5.74157e-13  1.43729e-12  9.46407e-15  2.41247e-15
-1.94322e-14  1.70154e-13  5.85915e-16 -1.08105e-13  1.36625e-13  5.53189e-15 -1.80031e-15 -1.26296e-15 -3.47956e-14  4.54298e-15  4.71883e-15  7.56983e-14  -1.9666e-13  1.15212e-13  1.38033e-14
 5.14975e-17  5.85955e-16  3.27594e-13 -1.12988e-14 -1.23962e-13  8.24824e-13 -2.23212e-13  3.07337e-14   5.5961e-16  3.90555e-13 -2.21502e-14 -1.93301e-15 -3.91273e-15  1.29938e-12  9.02053e-13
 1.01456e-12 -1.08105e-13 -1.12988e-14  7.82658e-12  -8.8753e-13 -1.44721e-13   3.9086e-15  -2.8179e-13  1.94727e-12 -1.18787e-13  8.88277e-13 -4.77945e-12  1.63249e-11  3.78078e-13 -3.56851e-13
-1.28292e-13  1.36625e-13 -1.23962e-13  -8.8753e-13  1.71716e-12 -1.35706e-12   4.0421e-13 -2.61625e-14 -2.78988e-13 -1.16328e-12  -7.9325e-14  6.86115e-13 -2.28141e-12   2.7317e-12 -3.51887e-12
 1.30426e-15  5.53233e-15  8.24824e-13 -1.44721e-13 -1.35706e-12  5.26129e-12 -1.31696e-12   1.9357e-13  9.28409e-15  3.01306e-12 -1.28727e-13 -3.27245e-14  9.94474e-14  3.09837e-12  9.88603e-12
 1.05773e-15 -1.80044e-15 -2.23212e-13  3.90856e-15   4.0421e-13 -1.31696e-12  4.33792e-13   1.3093e-14  2.84202e-15 -9.52941e-13 -1.18402e-13  -1.1448e-14  3.06002e-13 -1.08494e-12 -2.32397e-12
 1.02077e-14 -1.26295e-15  3.07337e-14  -2.8179e-13 -2.61624e-14   1.9357e-13   1.3093e-14  5.33309e-13  3.92225e-14  9.17169e-14 -1.11813e-12 -1.48391e-13  2.29532e-12  1.62997e-13  1.97156e-13
 2.87386e-13 -3.47956e-14   5.5961e-16  1.94727e-12 -2.78988e-13  9.28409e-15  2.84203e-15  3.92225e-14  6.34624e-13   6.7509e-15 -1.26998e-13 -1.55237e-12  4.03558e-12 -1.62899e-15  2.09154e-14
 7.93038e-16  4.54334e-15  3.90555e-13 -1.18787e-13 -1.16328e-12  3.01306e-12 -9.52941e-13  9.17169e-14   6.7509e-15  2.71762e-12 -9.03167e-15 -2.35095e-14 -2.93572e-13  4.14418e-13    6.582e-12
-3.27248e-14  4.71885e-15 -2.21502e-14  8.88278e-13 -7.93251e-14 -1.28727e-13 -1.18402e-13 -1.11813e-12 -1.26998e-13 -9.03167e-15  3.21998e-12  4.80942e-13 -1.80224e-12 -1.50193e-13  3.69669e-14
-5.74157e-13  7.56983e-14 -1.93302e-15 -4.77945e-12  6.86115e-13 -3.27246e-14  -1.1448e-14 -1.48392e-13 -1.55237e-12 -2.35096e-14  4.80943e-13  4.47136e-12  -1.1498e-11  5.25104e-15 -7.26551e-14
 1.43729e-12  -1.9666e-13 -3.91268e-15  1.63249e-11 -2.28141e-12   9.9448e-14  3.06002e-13  2.29532e-12  4.03558e-12 -2.93572e-13 -1.80224e-12  -1.1498e-11  6.89659e-11  2.50559e-13 -8.22535e-13
  9.4641e-15  1.15213e-13  1.29937e-12  3.78078e-13   2.7317e-12  3.09837e-12 -1.08494e-12  1.62997e-13 -1.62899e-15  4.14416e-13 -1.50193e-13  5.25111e-15  2.50559e-13  2.23515e-11 -2.95562e-12
 2.41252e-15  1.38044e-14  9.02053e-13 -3.56851e-13 -3.51887e-12  9.88603e-12 -2.32397e-12  1.97156e-13  2.09154e-14    6.582e-12   3.6967e-14 -7.26548e-14 -8.22537e-13 -2.95562e-12  2.59069e-11
Matrix: 
 3.42398e-13 -2.18852e-14  9.60224e-17  9.66302e-13 -1.35183e-13  1.70878e-15  1.01764e-15  9.64137e-15  2.72987e-13  1.02043e-15 -2.93536e-14 -5.23033e-13  1.29133e-12  9.29569e-15  3.17542e-15
-2.18852e-14     1.68e-13  5.57235e-16  -1.1452e-13  1.38178e-13  4.71697e-15 -1.59278e-15 -1.35557e-15 -3.69778e-14  3.60947e-15  4.74136e-15  7.63939e-14 -1.95067e-13  1.03575e-13  1.08516e-14
 9.60247e-17  5.57268e-16  3.21782e-13 -1.20453e-14 -1.18325e-13  7.68429e-13 -2.06053e-13  3.16911e-14  6.45633e-16  3.43992e-13 -2.12949e-14 -2.04778e-15 -2.85202e-15  1.23438e-12  7.72333e-13
 9.66302e-13  -1.1452e-13 -1.20453e-14  6.94609e-12 -8.66653e-13 -1.40596e-13  4.13165e-15 -2.46175e-13  1.71293e-12 -1.09247e-13  7.29716e-13 -3.94556e-12  1.34673e-11  3.54663e-13 -3.24485e-13
-1.35183e-13  1.38178e-13 -1.18325e-13 -8.66653e-13  1.61496e-12 -1.18155e-12   3.5366e-13 -2.54423e-14  -2.7343e-13 -9.51129e-13 -7.28782e-14  6.31778e-13 -2.09612e-12  2.34095e-12 -2.83595e-12
  1.7088e-15   4.7173e-15  7.68429e-13 -1.40596e-13 -1.18155e-12  4.50773e-12 -1.11169e-12  1.82244e-13  9.35986e-15  2.37314e-12  -1.1574e-13  -3.0706e-14  8.72485e-14  2.96231e-12  7.73664e-12
 1.01763e-15 -1.59287e-15 -2.06053e-13  4.13161e-15   3.5366e-13 -1.11169e-12  3.73583e-13  1.55819e-14   2.5787e-15  -7.6434e-13 -1.10031e-13 -1.04005e-14  3.37779e-13 -1.02485e-12 -1.77937e-12
 9.64136e-15 -1.35556e-15  3.16911e-14 -2.46175e-13 -2.54423e-14  1.82244e-13  1.55819e-14  4.78095e-13   3.3608e-14  7.92908e-14 -9.25713e-13 -1.22659e-13  2.24848e-12  1.72499e-13  1.56274e-13
 2.72987e-13 -3.69778e-14  6.45633e-16  1.71293e-12  -2.7343e-13  9.35987e-15  2.57871e-15  3.36081e-14  5.63148e-13  6.34448e-15  -1.0347e-13 -1.29669e-12  3.28802e-12 -4.06402e-15  1.98021e-14
 1.02044e-15  3.60973e-15  3.43992e-13 -1.09247e-13 -9.51129e-13  2.37314e-12  -7.6434e-13  7.92908e-14  6.34448e-15    2.083e-12 -4.28912e-15  -2.0512e-14  -3.0381e-13  5.81539e-13  4.68884e-12
-2.93535e-14  4.74137e-15 -2.12949e-14  7.29717e-13 -7.28783e-14  -1.1574e-13 -1.10031e-13 -9.25713e-13 -1.03469e-13 -4.28912e-15  2.50808e-12  3.78059e-13 -1.91302e-12 -1.46777e-13  4.06086e-14
-5.23033e-13  7.63939e-14 -2.04778e-15 -3.94556e-12  6.31778e-13 -3.07061e-14 -1.04006e-14  -1.2266e-13 -1.29669e-12 -2.05121e-14   3.7806e-13  3.54366e-12   -8.743e-12  1.34907e-14 -6.38454e-14
 1.29133e-12 -1.95067e-13 -2.85197e-15  1.34673e-11 -2.09612e-12  8.72491e-14  3.37779e-13  2.24848e-12  3.28802e-12  -3.0381e-13 -1.91302e-12   -8.743e-12  5.82229e-11  2.31328e-13 -8.68668e-13
 9.29571e-15  1.03575e-13  1.23438e-12  3.54664e-13  2.34095e-12  2.96231e-12 -1.02485e-12  1.72499e-13 -4.06401e-15  5.81538e-13 -1.46777e-13  1.34907e-14  2.31328e-13  1.95704e-11 -1.91605e-12
 3.17547e-15  1.08524e-14  7.72333e-13 -3.24485e-13 -2.83595e-12  7.73664e-12 -1.77937e-12  1.56274e-13  1.98021e-14  4.68885e-12  4.06087e-14 -6.38452e-14 -8.68669e-13 -1.91605e-12   1.8852e-11
Matrix: 
 3.38941e-13 -2.42394e-14  1.30202e-16  9.22486e-13 -1.41431e-13   1.9327e-15   9.7477e-16  8.84845e-15  2.59951e-13  1.10746e-15 -2.57877e-14 -4.80009e-13  1.17013e-12  9.19774e-15  3.48415e-15
-2.42394e-14  1.66747e-13  5.00773e-16 -1.20372e-13  1.40115e-13  3.81365e-15 -1.35677e-15 -1.39654e-15 -3.90034e-14  2.74275e-15  4.60771e-15  7.70155e-14 -1.93495e-13  9.43706e-14  8.13514e-15
 1.30205e-16    5.008e-16  3.16275e-13 -1.28394e-14 -1.12996e-13  7.20246e-13  -1.9144e-13  3.25648e-14  7.05016e-16  3.07447e-13  -2.0503e-14 -2.09613e-15 -2.27625e-15  1.17593e-12  6.72607e-13
 9.22486e-13 -1.20372e-13 -1.28394e-14  6.24994e-12  -8.4978e-13 -1.38314e-13  4.16991e-15  -2.2185e-13  1.52807e-12 -1.02861e-13  6.22721e-13 -3.32967e-12   1.1371e-11  3.38763e-13 -3.00929e-13
-1.41431e-13  1.40115e-13 -1.12996e-13  -8.4978e-13  1.53559e-12 -1.04177e-12  3.14358e-13 -2.42133e-14 -2.69118e-13 -7.96441e-13 -6.98802e-14   5.8876e-13 -1.95101e-12  2.05372e-12 -2.33387e-12
 1.93272e-15   3.8139e-15  7.20246e-13 -1.38314e-13 -1.04177e-12  3.93641e-12 -9.57496e-13  1.73349e-13   9.1111e-15  1.92636e-12 -1.05226e-13 -2.82783e-14  7.36498e-14  2.82544e-12  6.23629e-12
 9.74762e-16 -1.35684e-15  -1.9144e-13  4.16988e-15  3.14358e-13 -9.57496e-13  3.29096e-13  1.80927e-14  2.26205e-15   -6.338e-13 -1.05072e-13  -9.2311e-15   3.6846e-13 -9.66912e-13 -1.40641e-12
 8.84844e-15 -1.39653e-15  3.25648e-14  -2.2185e-13 -2.42133e-14  1.73349e-13  1.80927e-14  4.37373e-13  2.81712e-14  7.04183e-14 -7.92261e-13 -1.00277e-13  2.19847e-12  1.80679e-13  1.25808e-13
 2.59951e-13 -3.90034e-14  7.05016e-16  1.52807e-12 -2.69118e-13   9.1111e-15  2.26206e-15  2.81713e-14  5.06821e-13  5.82423e-15 -8.31268e-14  -1.1074e-12  2.73934e-12  -5.6972e-15  1.82514e-14
 1.10747e-15  2.74294e-15  3.07447e-13 -1.02861e-13 -7.96441e-13  1.92636e-12   -6.338e-13  7.04183e-14  5.82422e-15  1.67188e-12 -4.45093e-16 -1.77929e-14 -3.13975e-13  6.65155e-13   3.4744e-12
-2.57877e-14  4.60772e-15  -2.0503e-14  6.22722e-13 -6.98803e-14 -1.05226e-13 -1.05072e-13 -7.92261e-13 -8.31266e-14 -4.45097e-16  2.04116e-12  2.96242e-13 -1.95306e-12 -1.44219e-13  4.46414e-14
-4.80009e-13  7.70155e-14 -2.09613e-15 -3.32967e-12   5.8876e-13 -2.82784e-14 -9.23112e-15 -1.00277e-13  -1.1074e-12  -1.7793e-14  2.96243e-13  2.89944e-12 -6.85125e-12  1.82829e-14 -5.56194e-14
 1.17013e-12 -1.93495e-13  -2.2762e-15   1.1371e-11 -1.95101e-12  7.36503e-14   3.6846e-13  2.19847e-12  2.73934e-12 -3.13975e-13 -1.95306e-12 -6.85125e-12  5.08065e-11  2.22628e-13 -9.09487e-13
 9.19776e-15  9.43708e-14  1.17593e-12  3.38763e-13  2.05372e-12  2.82544e-12 -9.66911e-13  1.80679e-13  -5.6972e-15  6.65154e-13 -1.44219e-13  1.82829e-14  2.22627e-13  1.74971e-11 -1.24035e-12
 3.48419e-15   8.1357e-15  6.72607e-13 -3.00929e-13 -2.33387e-12  6.23629e-12 -1.40641e-12  1.25808e-13  1.82514e-14   3.4744e-12  4.46414e-14 -5.56192e-14 -9.09488e-13 -1.24035e-12  1.42612e-11
Matrix: 
 3.35392e-13 -2.64911e-14  1.53331e-16  8.82734e-13 -1.47129e-13  2.00827e-15  9.20566e-16   7.8966e-15  2.48151e-13  1.09924e-15 -2.21799e-14 -4.43395e-13  1.06819e-12  9.20496e-15  3.48398e-15
-2.64911e-14  1.66125e-13  4.23245e-16 -1.25747e-13  1.42368e-13  2.88705e-15 -1.10761e-15 -1.38625e-15 -4.08954e-14  1.96468e-15  4.33936e-15  7.75854e-14 -1.91991e-13  8.69905e-14  5.72325e-15
 1.53333e-16  4.23268e-16  3.11132e-13 -1.36748e-14 -1.08057e-13  6.79152e-13 -1.79002e-13  3.33956e-14  7.42675e-16  2.78433e-13 -1.97784e-14 -2.09896e-15 -2.06009e-15   1.1241e-12  5.94833e-13
 8.82734e-13 -1.25747e-13 -1.36748e-14  5.69037e-12 -8.36395e-13 -1.37453e-13  3.99822e-15 -2.05403e-13  1.37957e-12  -9.8743e-14  5.49419e-13 -2.86288e-12  9.79456e-12  3.28528e-13 -2.83689e-13
-1.47129e-13  1.42368e-13 -1.08057e-13 -8.36395e-13   1.4736e-12 -9.28952e-13  2.83453e-13 -2.25924e-14 -2.65857e-13 -6.81218e-13 -6.94192e-14  5.54323e-13 -1.83663e-12   1.8374e-12 -1.95622e-12
 2.00828e-15  2.88724e-15  6.79152e-13 -1.37453e-13 -9.28952e-13  3.49514e-12 -8.39442e-13  1.66451e-13   8.6555e-15  1.60549e-12 -9.66812e-14 -2.57243e-14  5.96921e-14   2.6984e-12  5.15771e-12
 9.20559e-16 -1.10766e-15 -1.79002e-13   3.9982e-15  2.83453e-13 -8.39442e-13  2.95672e-13  2.05973e-14  1.89028e-15 -5.40819e-13 -1.02525e-13 -7.96031e-15  3.98323e-13 -9.13908e-13 -1.14335e-12
 7.89659e-15 -1.38624e-15  3.33956e-14 -2.05403e-13 -2.25923e-14  1.66451e-13  2.05973e-14   4.0669e-13  2.30524e-14  6.41237e-14 -6.96999e-13 -8.09718e-14  2.14983e-12  1.88042e-13  1.02828e-13
 2.48151e-13 -4.08954e-14  7.42675e-16  1.37957e-12 -2.65857e-13  8.65551e-15  1.89029e-15  2.30524e-14  4.61573e-13  5.26788e-15 -6.56435e-14 -9.63457e-13  2.32592e-12 -6.76124e-15  1.65318e-14
 1.09926e-15  1.96482e-15  2.78433e-13  -9.8743e-14 -6.81218e-13  1.60549e-12 -5.40819e-13  6.41237e-14  5.26787e-15  1.39542e-12  2.67687e-15 -1.54057e-14 -3.23497e-13  7.03565e-13  2.66553e-12
-2.21799e-14  4.33936e-15 -1.97784e-14   5.4942e-13 -6.94193e-14 -9.66813e-14 -1.02525e-13 -6.96999e-13 -6.56433e-14  2.67686e-15  1.72368e-12   2.3082e-13 -1.95857e-12 -1.42301e-13  4.84165e-14
-4.43395e-13  7.75854e-14 -2.09896e-15 -2.86288e-12  5.54323e-13 -2.57243e-14 -7.96032e-15  -8.0972e-14 -9.63457e-13 -1.54058e-14  2.30821e-13  2.43643e-12 -5.50811e-12  2.09751e-14 -4.82525e-14
 1.06819e-12 -1.91991e-13 -2.06004e-15  9.79456e-12 -1.83663e-12  5.96925e-14  3.98323e-13  2.14983e-12  2.32592e-12 -3.23497e-13 -1.95857e-12 -5.50811e-12   4.5526e-11  2.19992e-13 -9.45351e-13
 9.20498e-15  8.69907e-14   1.1241e-12  3.28528e-13   1.8374e-12   2.6984e-12 -9.13908e-13  1.88042e-13 -6.76124e-15  7.03564e-13 -1.42301e-13  2.09751e-14  2.19992e-13  1.59144e-11 -7.84714e-13
 3.48402e-15  5.72365e-15  5.94832e-13 -2.83689e-13 -1.95622e-12  5.15771e-12 -1.14335e-12  1.02828e-13  1.65318e-14  2.66553e-12  4.84166e-14 -4.82523e-14 -9.45352e-13 -7.84713e-13  1.11577e-11
Matrix: 
 3.31799e-13 -2.86416e-14  1.65389e-16  8.46702e-13 -1.52375e-13  1.96283e-15  8.50275e-16  6.84211e-15  2.37474e-13  1.02502e-15 -1.86332e-14 -4.11981e-13  9.81702e-13  9.32378e-15  3.27106e-15
-2.86416e-14  1.65952e-13  3.31396e-16 -1.30732e-13  1.44888e-13  1.98487e-15 -8.56053e-16 -1.32738e-15 -4.26779e-14   1.2835e-15    3.958e-15  7.81345e-14 -1.90637e-13  8.10076e-14  3.64006e-15
 1.65391e-16  3.31415e-16  3.06391e-13 -1.45517e-14 -1.03535e-13  6.44135e-13 -1.68411e-13  3.42148e-14  7.61327e-16  2.55174e-13 -1.91235e-14 -2.06604e-15 -2.12267e-15  1.07859e-12  5.33407e-13
 8.46702e-13 -1.30732e-13 -1.45517e-14    5.235e-12 -8.26223e-13 -1.37756e-13  3.63292e-15 -1.94499e-13  1.25861e-12 -9.63416e-14  4.98649e-13 -2.50188e-12  8.58619e-12  3.22684e-13 -2.71223e-13
-1.52375e-13  1.44888e-13 -1.03535e-13 -8.26223e-13  1.42524e-12 -8.36817e-13  2.58932e-13 -2.06771e-14 -2.63539e-13 -5.93828e-13 -7.08553e-14  5.26657e-13  -1.7468e-12  1.67124e-12 -1.66655e-12
 1.96285e-15  1.98501e-15  6.44135e-13 -1.37756e-13 -8.36817e-13  3.14902e-12 -7.47587e-13  1.61219e-13  8.05841e-15  1.36954e-12 -8.97153e-14 -2.31528e-14  4.58365e-14  2.58513e-12  4.36285e-12
 8.50269e-16 -8.56093e-16 -1.68411e-13   3.6329e-15  2.58932e-13 -7.47587e-13  2.70235e-13  2.30778e-14  1.47254e-15 -4.72983e-13  -1.0174e-13 -6.62952e-15  4.27614e-13 -8.66691e-13  -9.5309e-13
  6.8421e-15 -1.32737e-15  3.42148e-14 -1.94499e-13 -2.06771e-14  1.61219e-13  2.30778e-14  3.83145e-13  1.83211e-14  5.97505e-14 -6.27341e-13 -6.43954e-14  2.10449e-12  1.94929e-13  8.53662e-14
 2.37474e-13 -4.26779e-14  7.61328e-16  1.25861e-12 -2.63539e-13  8.05842e-15  1.47254e-15  1.83211e-14  4.24696e-13   4.7039e-15  -5.0658e-14 -8.51682e-13  2.00809e-12 -7.41763e-15  1.47531e-14
