Matrix: 
  1.0081e-06            0            0        9e-08            0            0            0            0            0            0            0            0            0            0            0
           0   1.0081e-06            0            0        9e-08            0            0            0            0            0            0            0            0            0            0
           0            0   1.0081e-06            0            0        9e-08            0            0            0            0            0            0            0            0            0
       9e-08            0            0   1.7852e-06  1.44282e-10 -9.73616e-08            0 -8.81534e-07 -1.30637e-09            0            0            0  8.99937e-08  1.06368e-09  9.94648e-14
           0        9e-08            0  1.44282e-10   1.7974e-06  1.15161e-09  8.81534e-07            0 -1.10446e-07            0            0            0 -1.06368e-09  8.99937e-08 -9.83876e-14
           0            0        9e-08 -9.73616e-08  1.15161e-09   1.0203e-06  1.30637e-09  1.10446e-07            0            0            0            0 -1.00621e-13  9.72052e-14        9e-08
           0            0            0            0  8.81534e-07  1.30637e-09   1.0081e-06 -1.14498e-26 -1.50463e-36 -8.99937e-08 -1.06368e-09 -9.94648e-14            0            0            0
           0            0            0 -8.81534e-07            0  1.10446e-07 -1.14499e-26   1.0081e-06  1.57772e-30  1.06368e-09 -8.99937e-08  9.83876e-14            0            0            0
           0            0            0 -1.30637e-09 -1.10446e-07            0            0  3.15545e-30   1.0081e-06  1.00621e-13 -9.72052e-14       -9e-08            0            0            0
           0            0            0            0            0            0 -8.99937e-08  1.06368e-09  1.00621e-13        1e-06            0            0            0            0            0
           0            0            0            0            0            0 -1.06368e-09 -8.99937e-08 -9.72052e-14            0        1e-06            0            0            0            0
           0            0            0            0            0            0 -9.94648e-14  9.83876e-14       -9e-08            0            0        1e-06            0            0            0
           0            0            0  8.99937e-08 -1.06368e-09 -1.00621e-13            0            0            0            0            0            0        1e-06            0            0
           0            0            0  1.06368e-09  8.99937e-08  9.72052e-14            0            0            0            0            0            0            0        1e-06            0
           0            0            0  9.94648e-14 -9.83876e-14        9e-08            0            0            0            0            0            0            0            0        1e-06
Matrix: 
  9.7489e-13  -4.2518e-15  -4.5092e-20  4.09873e-12 -1.46576e-13  6.42248e-18  1.85845e-16  2.85417e-14  6.05325e-13   5.7073e-15 -3.13971e-13 -5.96274e-14  3.59085e-13  6.52665e-15  2.81268e-16
 -4.2518e-15  6.15056e-13 -3.94895e-20 -4.71129e-14  1.12187e-13 -3.54662e-19 -4.00026e-16 -3.27439e-16 -7.10139e-15  4.31106e-15  3.70936e-15  1.55849e-16 -4.24236e-15  4.93003e-15 -3.36804e-18
-4.50923e-20 -3.94517e-20  9.74911e-13 -6.78319e-15 -5.82852e-13  4.10065e-12 -6.09437e-13  3.74443e-15  5.17957e-16  1.04044e-13  3.93428e-14 -5.65418e-15  2.80219e-16  5.16065e-14  3.61316e-13
 4.09873e-12 -4.71129e-14 -6.78319e-15  9.96589e-09 -1.62415e-12 -2.98705e-13  1.74265e-15  -7.1041e-11  6.46502e-12 -1.89652e-11  7.70531e-10  1.72324e-12  1.09086e-07   2.6818e-09  5.96052e-11
-1.46576e-13  1.12201e-13 -5.82852e-13 -1.62415e-12  9.92176e-09  -6.4578e-12  7.13529e-11 -5.93893e-15 -9.10076e-12 -7.74018e-10 -1.89279e-11   9.6993e-11 -2.68185e-09  1.09082e-07 -4.16479e-11
 6.42248e-18 -3.54495e-19  4.10067e-12 -2.98705e-13  -6.4578e-12  9.96452e-09  -6.5109e-12  9.06315e-12  5.75425e-15  8.72481e-13 -9.70224e-11  -2.7483e-14 -6.19605e-11  4.01677e-11  1.09113e-07
 1.85845e-16 -4.00026e-16 -6.09437e-13  1.74265e-15  7.13529e-11  -6.5109e-12  9.85916e-09 -2.07728e-14  7.74169e-12 -1.08407e-07 -2.66493e-09 -1.45076e-10 -1.90262e-11    7.738e-10  1.78063e-12
 2.85417e-14 -3.27439e-16  3.74443e-15  -7.1041e-11 -5.93893e-15  9.06315e-12 -2.07728e-14  9.85819e-09 -1.65328e-13  2.66513e-09 -1.08396e-07  4.31663e-11 -7.73826e-10 -1.89893e-11  9.69642e-11
 6.05325e-13 -7.10139e-15  5.17957e-16  6.46502e-12 -9.10076e-12  5.75425e-15  7.74169e-12 -1.65328e-13   9.9197e-09 -2.39068e-11 -3.98673e-11 -1.09106e-07  3.14623e-13 -9.74246e-11  3.61789e-14
  5.7073e-15  4.31106e-15  1.04044e-13 -1.89652e-11 -7.74018e-10  8.72481e-13 -1.08407e-07  2.66513e-09 -2.39068e-11  1.19283e-06  6.34856e-15  9.33044e-10  5.64424e-15 -8.51591e-09  1.02991e-13
-3.13971e-13  3.70936e-15  3.93428e-14  7.70531e-10 -1.89279e-11 -9.70224e-11 -2.66493e-09 -1.08396e-07 -3.98673e-11  6.34856e-15  1.19271e-06  5.06797e-14  8.51561e-09 -1.55534e-18 -1.06697e-09
-5.96274e-14  1.55849e-16 -5.65418e-15  1.72324e-12   9.6993e-11  -2.7483e-14 -1.45076e-10  4.31663e-11 -1.09106e-07  9.33044e-10  5.06797e-14  1.20016e-06  -5.8663e-14  1.06701e-09 -5.64268e-15
 3.59085e-13 -4.24236e-15  2.80219e-16  1.09086e-07 -2.68185e-09 -6.19605e-11 -1.90262e-11 -7.73826e-10  3.14623e-13  5.64424e-15  8.51561e-09  -5.8663e-14  1.20026e-06  6.40276e-15 -7.61878e-12
 6.52665e-15  4.93003e-15  5.16065e-14   2.6818e-09  1.09082e-07  4.01677e-11    7.738e-10 -1.89893e-11 -9.74246e-11 -8.51591e-09 -1.55534e-18  1.06701e-09  6.40276e-15  1.20026e-06  5.10871e-14
 2.81268e-16 -3.36802e-18  3.61316e-13  5.96052e-11 -4.16479e-11  1.09113e-07  1.78063e-12  9.69642e-11  3.61789e-14  1.02991e-13 -1.06697e-09 -5.64268e-15 -7.61878e-12  5.10871e-14   1.2002e-06
Matrix: 
 7.76346e-13  -9.6357e-15  2.81955e-19  6.44499e-12 -3.71742e-13  1.50992e-15  -2.2591e-16   4.2429e-16  1.00703e-12  2.57506e-15 -4.31064e-15 -4.53626e-12  2.62578e-11  2.40535e-13  1.50495e-14
 -9.6357e-15  3.50022e-13   4.0946e-18 -1.72494e-13   1.7165e-13  6.70733e-17 -1.41892e-17 -1.24823e-17 -2.79417e-14  6.13359e-17   1.4045e-16  1.46739e-13 -8.75686e-13  5.49449e-13  1.85515e-16
 2.81956e-19  4.09476e-18  7.76564e-13  5.22548e-16 -3.41194e-13  6.45748e-12  -1.0057e-12  5.03329e-14  -2.5069e-16  4.53863e-12 -3.51946e-14  2.50846e-15  -4.8604e-14  2.72195e-12  2.62766e-11
 6.44499e-12 -1.72494e-13  5.22551e-16  2.20565e-10 -1.49537e-11 -1.06788e-12 -7.89329e-14 -3.21756e-12  3.34976e-11 -1.07378e-12  2.48438e-11 -2.25899e-10  1.44591e-09 -1.90623e-12 -7.94698e-12
-3.71742e-13  1.71642e-13 -3.41194e-13 -1.49537e-11  9.24091e-12 -1.86083e-11  2.92323e-12 -3.94241e-14 -2.35404e-12 -2.16512e-11 -1.28199e-12  1.65623e-11 -1.06254e-10  5.31717e-11  -1.3508e-10
 1.50992e-15  6.70728e-17  6.45748e-12 -1.06788e-12 -1.86083e-11   2.1956e-10 -3.34823e-11  2.44346e-12 -3.92198e-16  2.26513e-10 -3.56508e-12  3.59181e-14 -1.54189e-12 -6.37714e-11  1.43732e-09
 -2.2591e-16  -1.4189e-17  -1.0057e-12 -7.89329e-14  2.92323e-12 -3.34823e-11   5.3113e-12  2.18016e-14  1.66991e-16 -3.55979e-11 -2.40167e-12 -6.27622e-15 -9.61236e-13  9.71569e-12 -2.18018e-10
  4.2429e-16 -1.24823e-17  5.03329e-14 -3.21756e-12 -3.94241e-14  2.44346e-12  2.18016e-14  5.63617e-12  1.78023e-15  2.20676e-12 -3.91109e-11 -8.53992e-15 -1.29643e-11 -8.17532e-13  1.47291e-11
 1.00703e-12 -2.79417e-14  -2.5069e-16  3.34976e-11 -2.35404e-12 -3.92202e-16  1.66991e-16  1.78023e-15   5.3132e-12  5.27691e-15  -2.3546e-14 -3.56793e-11  2.18588e-10 -8.28887e-13  3.29419e-14
 2.57506e-15  6.13338e-17  4.53863e-12 -1.07378e-12 -2.16512e-11  2.26513e-10 -3.55979e-11  2.20676e-12  5.27691e-15  2.61423e-10 -4.48122e-13  4.30911e-16 -4.40563e-13 -1.08934e-10  1.61946e-09
-4.31064e-15   1.4045e-16 -3.51946e-14  2.48438e-11 -1.28199e-12 -3.56508e-12 -2.40167e-12 -3.91109e-11  -2.3546e-14 -4.48122e-13  2.99577e-10  1.41021e-13   1.4437e-10  4.51084e-13 -1.51945e-11
-4.53626e-12  1.46739e-13  2.50846e-15 -2.25899e-10  1.65623e-11  3.59181e-14 -6.27622e-15 -8.53993e-15 -3.56793e-11  4.30911e-16  1.41021e-13  2.61427e-10  -1.6193e-09  9.21005e-12  -8.9368e-15
 2.62578e-11 -8.75684e-13 -4.86039e-14  1.44591e-09 -1.06254e-10 -1.54189e-12 -9.61236e-13 -1.29643e-11  2.18588e-10 -4.40563e-13   1.4437e-10  -1.6193e-09  1.05779e-08  -5.9779e-11 -1.47549e-11
 2.40534e-13  5.49368e-13  2.72195e-12 -1.90623e-12  5.31717e-11 -6.37715e-11  9.71569e-12 -8.17532e-13 -8.28886e-13 -1.08934e-10  4.51084e-13  9.21004e-12 -5.97789e-11  4.37208e-10 -7.12708e-10
 1.50495e-14  1.85506e-16  2.62765e-11 -7.94698e-12  -1.3508e-10  1.43732e-09 -2.18018e-10  1.47291e-11  3.29419e-14  1.61945e-09 -1.51945e-11 -8.93725e-15 -1.47549e-11 -7.12707e-10  1.04388e-08
Matrix: 
 7.31912e-13 -2.96423e-14  1.52483e-15   5.3972e-12 -5.87336e-13  4.70241e-14 -5.30577e-15  1.79838e-14  8.45306e-13  4.18555e-14 -1.04136e-13  -3.1512e-12  1.76337e-11 -2.98012e-13  2.63096e-13
-2.96424e-14  2.66101e-13  8.26196e-17 -4.19726e-13  1.91227e-13  2.05595e-15 -4.87698e-16 -1.41411e-15 -6.72484e-14  1.80766e-15  8.73473e-15  2.95607e-13 -1.72971e-12  3.87291e-13  1.07769e-14
 1.52483e-15  8.24848e-17  7.28135e-13 -2.61794e-14 -3.43046e-13  5.27938e-12 -8.16069e-13  8.08399e-14 -1.81425e-16  3.00412e-12 -1.12322e-13  1.22375e-14 -1.43363e-13  2.48561e-12  1.67693e-11
  5.3972e-12 -4.19726e-13 -2.61795e-14  1.05257e-10 -1.11408e-11 -8.95094e-13  5.42033e-15 -1.21619e-12  1.59347e-11 -6.53304e-13  7.44523e-12 -8.05447e-11   5.0492e-10  -2.3684e-12 -4.28259e-12
-5.87336e-13  1.91225e-13 -3.43046e-13 -1.11408e-11  5.49903e-12 -9.76073e-12  1.51875e-12 -6.08193e-14 -1.75898e-12 -8.61316e-12 -5.26938e-13  8.85238e-12 -5.50587e-11  1.94305e-11   -5.325e-11
  4.7024e-14  2.05213e-15  5.27938e-12 -8.95093e-13 -9.76073e-12  1.00802e-10 -1.52066e-11  1.71878e-12  1.09509e-14  7.69102e-11 -2.13155e-12  2.47272e-13 -1.96459e-12 -8.46639e-12  4.78303e-10
-5.30577e-15 -4.87108e-16 -8.16069e-13   5.4203e-15  1.51875e-12 -1.52066e-11  2.41749e-12  1.48142e-14  6.41652e-15 -1.20039e-11  -1.1343e-12 -8.69604e-14  3.67674e-13  1.08846e-12 -7.15616e-11
 1.79838e-14 -1.41415e-15  8.08399e-14 -1.21619e-12 -6.08194e-14  1.71878e-12  1.48142e-14  2.58873e-12  7.23458e-14  1.02246e-12 -1.32848e-11  -4.3114e-13  4.49951e-13 -1.11094e-13  6.71448e-12
 8.45306e-13 -6.72484e-14 -1.81425e-16  1.59347e-11 -1.75898e-12  1.09508e-14  6.41652e-15  7.23458e-14  2.53812e-12  1.18143e-14 -4.36784e-13 -1.27361e-11  7.59074e-11 -6.61926e-13  9.15313e-14
 4.18554e-14   1.8043e-15  3.00412e-12 -6.53304e-13 -8.61316e-12  7.69103e-11 -1.20039e-11  1.02246e-12  1.18143e-14   6.7047e-11 -1.91107e-13  2.07023e-13 -2.44597e-12 -2.24034e-11  4.07172e-10
-1.04136e-13  8.73464e-15 -1.12322e-13  7.44523e-12 -5.26937e-13 -2.13155e-12  -1.1343e-12 -1.32848e-11 -4.36784e-13 -1.91111e-13  7.92755e-11   2.6346e-12   2.1671e-11 -1.28674e-13 -3.44862e-12
 -3.1512e-12  2.95607e-13  1.22375e-14 -8.05447e-11  8.85238e-12  2.47273e-13 -8.69604e-14 -4.31139e-13 -1.27361e-11  2.07024e-13  2.63459e-12  7.09124e-11 -4.29707e-10  2.74202e-12  1.16454e-12
 1.76337e-11 -1.72971e-12 -1.43363e-13   5.0492e-10 -5.50588e-11  -1.9646e-12  3.67676e-13  4.49949e-13  7.59074e-11 -2.44598e-12   2.1671e-11 -4.29707e-10  2.81219e-09  -1.4899e-11 -1.30971e-11
-2.98012e-13  3.87265e-13  2.48561e-12  -2.3684e-12  1.94305e-11  -8.4664e-12  1.08845e-12 -1.11093e-13 -6.61926e-13 -2.24033e-11 -1.28678e-13  2.74202e-12  -1.4899e-11  1.38108e-10 -1.59913e-10
 2.63095e-13  1.07561e-14  1.67693e-11 -4.28259e-12 -5.32499e-11  4.78303e-10 -7.15616e-11  6.71447e-12  9.15313e-14  4.07171e-10 -3.44861e-12  1.16453e-12 -1.30971e-11 -1.59913e-10     2.61e-09
Matrix: 
 7.12115e-13 -4.47468e-14  -5.5491e-16  4.69891e-12 -6.26965e-13 -6.35978e-15  4.40568e-15  2.53858e-14  7.31943e-13 -4.22916e-15 -1.28751e-13 -2.38135e-12  1.31212e-11 -9.35217e-14 -2.67501e-14
-4.47468e-14   2.2767e-13  8.46649e-16 -4.90964e-13  2.02756e-13  1.30515e-14 -2.42715e-15 -2.90368e-15 -7.84158e-14  8.74658e-15  1.58723e-14  2.86579e-13 -1.64123e-12    2.808e-13  5.29262e-14
-5.54917e-16  8.46454e-16  6.98686e-13 -4.90691e-14 -3.33807e-13  4.43919e-12 -6.77167e-13  8.31597e-14 -2.65801e-15  2.14657e-12 -8.10964e-14  1.53229e-14 -1.35274e-13  2.20056e-12  1.17437e-11
 4.69891e-12 -4.90964e-13 -4.90691e-14   6.7142e-11 -8.62332e-12 -1.03316e-12  7.66761e-14  -6.2369e-13  1.00836e-11 -6.80292e-13  3.18863e-12 -4.17471e-11  2.58452e-10  8.12354e-13 -4.15571e-12
-6.26965e-13  2.02755e-13 -3.33807e-13 -8.62332e-12  4.17297e-12 -6.60786e-12  1.01423e-12 -7.35009e-14 -1.35812e-12 -4.73275e-12 -2.34531e-13  5.57437e-12 -3.41601e-11  1.01255e-11 -2.91063e-11
-6.35992e-15  1.30477e-14  4.43919e-12 -1.03316e-12 -6.60786e-12  6.13798e-11 -9.12047e-12  1.24948e-12 -3.64331e-14  3.76446e-11 -1.18261e-12  2.16767e-13 -1.39942e-12  1.63318e-12  2.31205e-10
 4.40571e-15 -2.42657e-15 -6.77167e-13  7.66762e-14  1.01423e-12 -9.12047e-12  1.45074e-12  2.35593e-14  1.64771e-14 -5.82958e-12 -7.10893e-13 -9.02588e-14   6.3229e-13 -4.22078e-13 -3.40444e-11
 2.53858e-14 -2.90373e-15  8.31597e-14  -6.2369e-13  -7.3501e-14  1.24948e-12  2.35592e-14  1.62948e-12  8.06538e-14  5.98777e-13 -6.68249e-12 -4.21938e-13  2.82319e-12  5.93598e-14  3.54091e-12
 7.31943e-13 -7.84158e-14 -2.65801e-15  1.00836e-11 -1.35812e-12  -3.6433e-14   1.6477e-14  8.06538e-14  1.60777e-12 -2.50606e-14 -4.15616e-13 -6.60318e-12  3.85496e-11 -7.24775e-14 -1.54825e-13
-4.22927e-15  8.74388e-15  2.14657e-12 -6.80292e-13 -4.73275e-12  3.76446e-11 -5.82958e-12  5.98777e-13 -2.50607e-14  2.67057e-11 -1.52586e-13  1.52753e-13  -1.9766e-12  -6.4933e-12  1.58751e-10
-1.28751e-13  1.58722e-14 -8.10965e-14  3.18863e-12  -2.3453e-13 -1.18261e-12 -7.10893e-13 -6.68249e-12 -4.15616e-13 -1.52589e-13   3.3083e-11  2.17937e-12  1.58649e-12 -5.12813e-14 -5.06794e-13
-2.38135e-12   2.8658e-13  1.53229e-14 -4.17471e-11  5.57437e-12  2.16767e-13 -9.02588e-14 -4.21938e-13 -6.60318e-12  1.52753e-13  2.17936e-12  3.01439e-11 -1.78625e-10   -4.195e-14   9.3772e-13
 1.31212e-11 -1.64123e-12 -1.35274e-13  2.58452e-10 -3.41601e-11 -1.39943e-12  6.32291e-13  2.82319e-12  3.85496e-11  -1.9766e-12   1.5865e-12 -1.78625e-10  1.18231e-09  1.81723e-12 -1.04102e-11
-9.35221e-14  2.80788e-13  2.20056e-12  8.12353e-13  1.01255e-11  1.63319e-12 -4.22083e-13  5.93608e-14 -7.24776e-14 -6.49327e-12 -5.12849e-14 -4.19514e-14  1.81724e-12  6.84909e-11 -5.41196e-11
-2.67507e-14  5.29095e-14  1.17437e-11 -4.15571e-12 -2.91063e-11  2.31205e-10 -3.40444e-11  3.54091e-12 -1.54825e-13  1.58751e-10 -5.06782e-13  9.37719e-13 -1.04102e-11 -5.41196e-11  1.01668e-09
Matrix: 
 6.90226e-13 -5.73285e-14 -1.24394e-15  4.09744e-12 -6.47321e-13 -1.30811e-14  6.91473e-15  3.06304e-14  6.36429e-13 -8.15849e-15 -1.37885e-13 -1.85902e-12  1.00962e-11  7.59796e-16 -5.29966e-14
-5.73285e-14  2.07596e-13  1.25889e-15 -5.26036e-13  2.16198e-13  1.52821e-14 -3.07265e-15 -4.39578e-15 -8.41073e-14  8.78142e-15  2.10795e-14  2.68486e-13  -1.5086e-12  2.16429e-13  5.30438e-14
-1.24396e-15  1.25869e-15  6.66363e-13 -4.81823e-14 -3.21547e-13  3.74211e-12 -5.63629e-13  8.40296e-14 -1.60418e-15  1.58862e-12 -6.84385e-14  5.64978e-15 -6.17432e-14  1.91071e-12  8.52399e-12
 4.09744e-12 -5.26036e-13 -4.81823e-14  4.74543e-11 -7.24054e-12 -7.87188e-13  6.31415e-14 -3.64213e-13  7.08635e-12 -4.50332e-13   1.6064e-12 -2.52575e-11  1.54691e-10  1.29102e-12 -2.71128e-12
-6.47321e-13  2.16198e-13 -3.21547e-13 -7.24054e-12  3.55791e-12  -4.9687e-12  7.53799e-13 -8.47861e-14 -1.14155e-12 -3.02474e-12 -9.16998e-14   4.0454e-12 -2.44962e-11  6.32008e-12 -1.84623e-11
-1.30814e-14   1.5279e-14  3.74211e-12 -7.87189e-13  -4.9687e-12  4.15265e-11 -6.07803e-12  1.01528e-12 -8.14472e-15   2.1554e-11 -9.07981e-13  9.99937e-15 -1.16438e-13  3.78155e-12  1.30886e-10
 6.91477e-15 -3.07218e-15 -5.63629e-13  6.31417e-14    7.538e-13 -6.07803e-12  9.73753e-13  3.00072e-14  1.37779e-14 -3.32698e-12 -5.07251e-13 -5.99512e-14   5.7782e-13 -7.05812e-13 -1.89969e-11
 3.06304e-14 -4.39583e-15  8.40296e-14 -3.64213e-13 -8.47862e-14  1.01528e-12  3.00072e-14  1.17655e-12  7.81493e-14  4.07773e-13 -4.04038e-12 -3.64069e-13  3.29042e-12  1.15003e-13  2.25559e-12
 6.36429e-13 -8.41073e-14 -1.60417e-15  7.08635e-12 -1.14155e-12 -8.14459e-15  1.37778e-14  7.81493e-14  1.13629e-12 -5.52859e-15 -3.53431e-13 -4.01902e-12  2.29724e-11  4.50504e-14 -3.99905e-14
-8.15863e-15  8.77955e-15  1.58862e-12 -4.50333e-13 -3.02474e-12   2.1554e-11 -3.32698e-12  4.07772e-13 -5.52868e-15  1.31534e-11 -1.49957e-13  1.08305e-14 -1.01985e-12 -2.07221e-12  7.59384e-11
-1.37885e-13  2.10794e-14 -6.84386e-14   1.6064e-12 -9.16993e-14 -9.07982e-13 -5.07251e-13 -4.04038e-12 -3.53431e-13 -1.49959e-13  1.72613e-11  1.64476e-12 -3.04773e-12 -3.02063e-14 -3.68619e-13
-1.85902e-12  2.68487e-13  5.64978e-15 -2.52575e-11   4.0454e-12  9.99936e-15 -5.99512e-14 -3.64069e-13 -4.01902e-12  1.08305e-14  1.64476e-12  1.58149e-11 -9.11384e-11 -3.03563e-13  9.13871e-14
 1.00962e-11  -1.5086e-12 -6.17433e-14  1.54691e-10 -2.44962e-11 -1.16441e-13   5.7782e-13  3.29042e-12  2.29724e-11 -1.01986e-12 -3.04772e-12 -9.11384e-11    6.142e-10  3.04246e-12 -5.42463e-12
 7.59421e-16  2.16422e-13  1.91072e-12  1.29102e-12  6.32008e-12  3.78156e-12 -7.05816e-13  1.15004e-13  4.50503e-14  -2.0722e-12  -3.0208e-14 -3.03563e-13  3.04247e-12   4.1562e-11 -2.25976e-11
-5.29974e-14  5.30324e-14  8.52398e-12 -2.71128e-12 -1.84623e-11  1.30886e-10 -1.89969e-11  2.25558e-12  -3.9991e-14  7.59384e-11 -3.68613e-13  9.13874e-14 -5.42462e-12 -2.25976e-11  4.85959e-10
Matrix: 
 6.64948e-13 -6.84916e-14 -6.20391e-16  3.58389e-12 -6.64084e-13 -6.54001e-16  6.31302e-15  3.28166e-14  5.56499e-13 -1.21416e-15 -1.32983e-13 -1.48713e-12  7.96281e-12  2.62308e-14 -1.02396e-14
-6.84916e-14  1.96902e-13  1.33405e-15 -5.49108e-13  2.32638e-13  1.31742e-14 -3.10761e-15 -5.64689e-15 -8.81691e-14  6.76558e-15  2.42065e-14  2.53323e-13 -1.39892e-12   1.7614e-13  4.06101e-14
-6.20411e-16  1.33387e-15  6.31803e-13 -4.11062e-14 -3.06085e-13  3.17481e-12 -4.72263e-13  8.47528e-14  4.18994e-16  1.21082e-12 -6.35107e-14 -3.10635e-15 -8.75499e-16  1.65873e-12    6.371e-12
 3.58389e-12 -5.49108e-13 -4.11062e-14  3.55059e-11 -6.36513e-12 -5.64837e-13  4.04809e-14 -2.47063e-13  5.28296e-12 -2.87133e-13  9.63677e-13 -1.67179e-11  1.01425e-10  1.13116e-12 -1.71262e-12
-6.64084e-13  2.32637e-13 -3.06085e-13 -6.36513e-12  3.23064e-12 -3.93793e-12  5.91888e-13 -8.95901e-14 -1.00765e-12 -2.10461e-12 -3.08093e-14  3.17952e-12 -1.90541e-11  4.41336e-12 -1.27261e-11
-6.54251e-16  1.31719e-14  3.17481e-12 -5.64837e-13 -3.93793e-12  2.98892e-11 -4.30816e-12  8.72164e-13  2.16779e-14  1.35724e-11 -7.71952e-13 -1.08211e-13  5.79637e-13   4.0002e-12  8.15281e-11
 6.31306e-15 -3.10726e-15 -4.72263e-13   4.0481e-14  5.91888e-13 -4.30816e-12  7.00626e-13  3.66742e-14  9.88143e-15 -2.09805e-12 -3.98674e-13 -3.97246e-14  5.47916e-13 -7.04545e-13 -1.16815e-11
 3.28166e-14 -5.64693e-15  8.47528e-14 -2.47063e-13 -8.95902e-14  8.72164e-13  3.66741e-14  9.18217e-13  6.95875e-14  2.99327e-13 -2.72721e-12 -2.96509e-13  3.22501e-12  1.37188e-13  1.58343e-12
 5.56499e-13 -8.81692e-14  4.19005e-16  5.28296e-12 -1.00765e-12   2.1678e-14  9.88141e-15  6.95875e-14  8.55243e-13  9.76297e-15 -2.82422e-13 -2.68843e-12   1.5035e-11  4.42373e-14  5.46028e-14
 -1.2143e-15  6.76432e-15  1.21082e-12 -2.87133e-13 -2.10462e-12  1.35724e-11 -2.09805e-12  2.99327e-13  9.76289e-15  7.42712e-12 -1.23569e-13 -4.89135e-14 -5.95864e-13 -5.72263e-13  4.12735e-11
-1.32983e-13  2.42064e-14 -6.35108e-14  9.63676e-13 -3.08089e-14 -7.71952e-13 -3.98674e-13 -2.72721e-12 -2.82422e-13  -1.2357e-13  1.03416e-11  1.20181e-12 -3.86946e-12 -3.34347e-14 -3.72894e-13
-1.48713e-12  2.53323e-13 -3.10635e-15 -1.67179e-11  3.17952e-12 -1.08211e-13 -3.97246e-14 -2.96509e-13 -2.68843e-12 -4.89136e-14  1.20181e-12  9.44038e-12 -5.26341e-11  -1.9924e-13 -2.78544e-13
 7.96281e-12 -1.39892e-12 -8.75693e-16  1.01425e-10 -1.90541e-11  5.79635e-13  5.47916e-13  3.22501e-12   1.5035e-11 -5.95865e-13 -3.86946e-12 -5.26341e-11  3.64217e-10   2.2183e-12 -3.27898e-12
 2.62304e-14  1.76136e-13  1.65873e-12  1.13116e-12  4.41335e-12  4.00021e-12 -7.04548e-13  1.37189e-13  4.42372e-14 -5.72252e-13 -3.34354e-14 -1.99241e-13  2.21831e-12  2.83125e-11 -1.07552e-11
-1.02404e-14  4.06025e-14    6.371e-12 -1.71262e-12 -1.27261e-11  8.15281e-11 -1.16815e-11  1.58343e-12  5.46023e-14  4.12735e-11 -3.72892e-13 -2.78544e-13 -3.27897e-12 -1.07552e-11  2.63958e-10
Matrix: 
 6.38022e-13 -7.84917e-14  3.76597e-16  3.15115e-12 -6.76217e-13  1.21355e-14  5.25505e-15  3.22077e-14  4.90096e-13  4.44535e-15 -1.19339e-13 -1.21431e-12  6.41163e-12  2.79727e-14  2.51859e-14
-7.84917e-14  1.91663e-13  1.23187e-15 -5.64809e-13  2.50997e-13  9.90177e-15 -2.96914e-15 -6.48388e-15 -9.12851e-14  4.71075e-15   2.5351e-14  2.40571e-13 -1.30686e-12  1.49254e-13  2.78787e-14
 3.76574e-16  1.23171e-15  5.97942e-13 -3.63044e-14  -2.8891e-13  2.72232e-12 -3.99931e-13  8.49746e-14  2.03411e-15  9.49067e-13 -6.00856e-14  -8.1555e-15   3.4372e-14  1.45134e-12  4.89609e-12
 3.15115e-12 -5.64809e-13 -3.63043e-14  2.76206e-11  -5.7299e-12 -4.41127e-13  2.45337e-14  -2.0023e-13  4.10056e-12  -2.0423e-13  7.06021e-13 -1.17621e-11  7.07741e-11  9.13853e-13 -1.20509e-12
-6.76217e-13  2.50997e-13  -2.8891e-13  -5.7299e-12  3.03844e-12 -3.22213e-12  4.81439e-13 -8.75065e-14 -9.12715e-13 -1.54861e-12 -1.63581e-14  2.61566e-12 -1.55317e-11  3.32533e-12   -9.261e-12
 1.21352e-14      9.9e-15  2.72232e-12 -4.41128e-13 -3.22213e-12  2.25102e-11 -3.19411e-12  7.69635e-13  3.76913e-14  9.15277e-12 -6.68431e-13  -1.4948e-13  8.10966e-13  3.71704e-12  5.43886e-11
 5.25509e-15 -2.96888e-15 -3.99931e-13  2.45338e-14  4.81439e-13 -3.19411e-12  5.31797e-13  4.36856e-14  7.14902e-15 -1.42379e-12 -3.36451e-13 -2.88025e-14  5.59752e-13 -6.35535e-13  -7.7074e-12
 3.22077e-14 -6.48392e-15  8.49746e-14  -2.0023e-13 -8.75066e-14  7.69635e-13  4.36856e-14  7.54066e-13   5.8374e-14  2.29498e-13  -1.9854e-12 -2.33457e-13  3.00593e-12  1.46994e-13  1.16504e-12
 4.90096e-13 -9.12851e-14  2.03412e-15  4.10056e-12 -9.12715e-13  3.76914e-14    7.149e-15  5.83739e-14  6.72148e-13  1.56692e-14 -2.16582e-13 -1.91813e-12  1.04873e-11  2.53427e-14  9.25494e-14
 4.44523e-15  4.70991e-15  9.49067e-13  -2.0423e-13 -1.54861e-12  9.15277e-12 -1.42379e-12  2.29498e-13  1.56691e-14  4.64305e-12 -9.16179e-14 -6.15932e-14 -4.79114e-13  -1.0755e-14  2.45964e-11
-1.19339e-13  2.53509e-14 -6.00856e-14  7.06021e-13 -1.63579e-14 -6.68431e-13 -3.36451e-13  -1.9854e-12 -2.16582e-13 -9.16183e-14  6.82952e-12  8.65956e-13 -3.65573e-12 -4.08958e-14 -3.08642e-13
-1.21431e-12  2.40571e-13  -8.1555e-15 -1.17621e-11  2.61566e-12  -1.4948e-13 -2.88025e-14 -2.33457e-13 -1.91813e-12 -6.15932e-14  8.65956e-13  6.16588e-12 -3.30922e-11 -9.68654e-14 -3.63499e-13
 6.41163e-12 -1.30686e-12  3.43718e-14  7.07741e-11 -1.55317e-11  8.10964e-13  5.59752e-13  3.00593e-12  1.04873e-11 -4.79115e-13 -3.65572e-12 -3.30922e-11   2.3743e-10  1.50694e-12 -2.76067e-12
 2.79724e-14  1.49252e-13  1.45134e-12  9.13852e-13  3.32533e-12  3.71705e-12 -6.35537e-13  1.46994e-13  2.53426e-14  -1.0747e-14 -4.08961e-14 -9.68656e-14  1.50695e-12  2.08289e-11  -5.6106e-12
 2.51852e-14  2.78736e-14  4.89609e-12 -1.20509e-12 -9.26099e-12  5.43886e-11  -7.7074e-12  1.16504e-12   9.2549e-14  2.45964e-11 -3.08641e-13 -3.63499e-13 -2.76066e-12  -5.6106e-12   1.5719e-10
Matrix: 
 6.10919e-13 -8.73887e-14  1.25257e-15  2.78807e-12 -6.83249e-13  2.03764e-14  4.37433e-15  2.95533e-14  4.34938e-13  7.30021e-15 -1.01526e-13 -1.00931e-12  5.25556e-12  2.36051e-14   4.3299e-14
-8.73887e-14   1.8985e-13  1.04478e-15 -5.74805e-13  2.70321e-13  6.64768e-15 -2.77747e-15  -6.8366e-15 -9.36716e-14  3.04788e-15  2.47861e-14  2.29408e-13 -1.22645e-12  1.30219e-13  1.75513e-14
 1.25255e-15  1.04465e-15  5.66635e-13 -3.50885e-14 -2.71592e-13  2.36416e-12  -3.4295e-13  8.47456e-14  3.02061e-15  7.63838e-13 -5.68103e-14 -1.04234e-14  5.08542e-14  1.28367e-12  3.86258e-12
 2.78807e-12 -5.74805e-13 -3.50885e-14  2.21326e-11 -5.23026e-12  -3.9008e-13  1.36967e-14  -1.8896e-13  3.28135e-12 -1.67196e-13  6.14367e-13 -8.65979e-12  5.17396e-11  7.48154e-13  -9.7436e-13
-6.83249e-13  2.70321e-13 -2.71592e-13 -5.23026e-12  2.91824e-12 -2.69712e-12  4.02589e-13  -7.9989e-14 -8.39558e-13 -1.18778e-12 -2.76056e-14  2.21658e-12 -1.30541e-11  2.64528e-12 -7.01205e-12
 2.03761e-14  6.64636e-15  2.36416e-12  -3.9008e-13 -2.69712e-12  1.75822e-11 -2.45512e-12  6.90722e-13  4.30646e-14  6.51418e-12 -5.82726e-13  -1.5229e-13  8.11801e-13  3.33492e-12  3.82791e-11
 4.37437e-15 -2.77728e-15  -3.4295e-13  1.36968e-14  4.02589e-13 -2.45512e-12  4.22232e-13   5.0609e-14  5.25207e-15 -1.02466e-12 -2.98591e-13 -2.22538e-14  5.91726e-13  -5.5769e-13 -5.37731e-12
 2.95533e-14 -6.83664e-15  8.47456e-14  -1.8896e-13 -7.99891e-14  6.90722e-13   5.0609e-14  6.42152e-13  4.66355e-14  1.81854e-13 -1.52879e-12 -1.79425e-13  2.76045e-12  1.51538e-13    8.808e-13
 4.34938e-13 -9.36716e-14  3.02062e-15  3.28135e-12 -8.39558e-13  4.30647e-14  5.25205e-15  4.66354e-14  5.45816e-13  1.64054e-14 -1.60513e-13 -1.43595e-12  7.66867e-12  9.27198e-15  9.82963e-14
 7.30011e-15  3.04731e-15  7.63838e-13 -1.67197e-13 -1.18778e-12  6.51418e-12 -1.02466e-12  1.81854e-13  1.64053e-14  3.14939e-12 -6.39018e-14  -5.7226e-14 -4.80967e-13   2.0541e-13  1.57489e-11
-1.01526e-13  2.47861e-14 -5.68103e-14  6.14367e-13 -2.76054e-14 -5.82726e-13 -2.98591e-13 -1.52879e-12 -1.60513e-13  -6.3902e-14  4.85497e-12  6.18526e-13 -3.20963e-12 -4.77878e-14 -2.20526e-13
-1.00931e-12  2.29408e-13 -1.04234e-14 -8.65979e-12  2.21658e-12  -1.5229e-13 -2.22537e-14 -1.79424e-13 -1.43595e-12  -5.7226e-14  6.18526e-13   4.3099e-12 -2.21557e-11 -3.28201e-14  -3.4178e-13
 5.25556e-12 -1.22645e-12  5.08539e-14  5.17396e-11 -1.30541e-11    8.118e-13  5.91726e-13  2.76045e-12  7.66867e-12 -4.80968e-13 -3.20963e-12 -2.21557e-11  1.66534e-10   1.0763e-12 -2.85422e-12
 2.36049e-14  1.30217e-13  1.28367e-12  7.48154e-13  2.64528e-12  3.33492e-12 -5.57692e-13  1.51538e-13  9.27192e-15  2.05415e-13 -4.77879e-14 -3.28203e-14   1.0763e-12  1.62026e-11 -3.13311e-12
 4.32983e-14  1.75478e-14  3.86257e-12 -9.74361e-13 -7.01205e-12  3.82791e-11  -5.3773e-12  8.80799e-13   9.8296e-14  1.57489e-11 -2.20525e-13  -3.4178e-13 -2.85421e-12 -3.13312e-12  1.00537e-10
Matrix: 
 5.84519e-13 -9.52264e-14  1.86405e-15  2.48305e-12 -6.85838e-13  2.42301e-14  3.63967e-15  2.56246e-14   3.8894e-13  8.18083e-15 -8.25379e-14 -8.52121e-13  4.37598e-12   1.8867e-14  4.90346e-14
-9.52264e-14  1.90297e-13  8.17389e-16 -5.80322e-13  2.90016e-13  3.77951e-15 -2.53807e-15 -6.71352e-15 -9.54843e-14  1.77688e-15  2.28608e-14  2.19447e-13 -1.15487e-12  1.16065e-13   9.6916e-15
 1.86403e-15   8.1728e-16  5.38609e-13 -3.66267e-14 -2.55025e-13  2.08015e-12 -2.97877e-13  8.42597e-14  3.51341e-15  6.29887e-13 -5.36291e-14 -1.10909e-14  5.61981e-14  1.14866e-12  3.12134e-12
 2.48305e-12 -5.80323e-13 -3.66267e-14  1.81665e-11  -4.8215e-12 -3.80525e-13  5.04566e-15 -1.94863e-13  2.69111e-12 -1.52463e-13  5.93589e-13 -6.60894e-12  3.92532e-11  6.37278e-13 -8.77064e-13
-6.85838e-13  2.90016e-13 -2.55025e-13  -4.8215e-12  2.84099e-12 -2.29768e-12  3.44875e-13 -6.87467e-14 -7.80795e-13 -9.41401e-13 -5.24703e-14  1.92014e-12 -1.12252e-11   2.1903e-12 -5.47523e-12
 2.42299e-14  3.77853e-15  2.08015e-12 -3.80525e-13 -2.29768e-12  1.41574e-11 -1.94452e-12  6.28227e-13  4.24303e-14  4.84587e-12 -5.12353e-13 -1.39522e-13  7.18198e-13  2.97311e-12  2.81413e-11
  3.6397e-15 -2.53793e-15 -2.97877e-13  5.04577e-15  3.44875e-13 -1.94452e-12  3.48575e-13  5.71633e-14  3.69498e-15 -7.74283e-13 -2.74585e-13 -1.73559e-14  6.30713e-13 -4.87206e-13 -3.92909e-12
 2.56246e-14 -6.71355e-15  8.42597e-14 -1.94863e-13 -6.87468e-14  6.28227e-13  5.71633e-14  5.61829e-13  3.55028e-14  1.48373e-13 -1.22942e-12   -1.349e-13  2.53238e-12  1.53768e-13   6.7872e-13
  3.8894e-13 -9.54843e-14  3.51341e-15  2.69111e-12 -7.80795e-13  4.24304e-14  3.69496e-15  3.55028e-14   4.5504e-13  1.50201e-14 -1.14599e-13 -1.11671e-12  5.82041e-12 -1.50359e-15  9.03843e-14
 8.18075e-15  1.77649e-15  6.29887e-13 -1.52463e-13 -9.41401e-13  4.84587e-12 -7.74283e-13  1.48373e-13  1.50201e-14  2.28546e-12 -4.22947e-14 -4.85381e-14 -5.19126e-13  2.83865e-13  1.06907e-11
-8.25379e-14  2.28608e-14 -5.36291e-14  5.93589e-13 -5.24702e-14 -5.12353e-13 -2.74585e-13 -1.22942e-12 -1.14599e-13 -4.22948e-14   3.6575e-12  4.37341e-13 -2.77269e-12 -5.35788e-14 -1.37387e-13
-8.52121e-13  2.19447e-13 -1.10909e-14 -6.60894e-12  1.92014e-12 -1.39522e-13 -1.73559e-14   -1.349e-13 -1.11671e-12 -4.85381e-14  4.37341e-13  3.17966e-12 -1.55825e-11  3.16962e-15 -2.91121e-13
 4.37598e-12 -1.15487e-12  5.61979e-14  3.92532e-11 -1.12252e-11  7.18196e-13  6.30713e-13  2.53238e-12  5.82041e-12 -5.19127e-13 -2.77269e-12 -1.55825e-11  1.23963e-10  8.38481e-13  -3.1212e-12
 1.88668e-14  1.16064e-13  1.14866e-12  6.37277e-13   2.1903e-12  2.97312e-12 -4.87207e-13  1.53769e-13 -1.50364e-15  2.83869e-13 -5.35788e-14  3.16951e-15  8.38483e-13  1.31528e-11 -1.84072e-12
 4.90341e-14  9.68925e-15  3.12134e-12 -8.77064e-13 -5.47523e-12  2.81413e-11 -3.92909e-12  6.78719e-13   9.0384e-14  1.06907e-11 -1.37386e-13 -2.91121e-13 -3.12119e-12 -1.84073e-12  6.81302e-11
Matrix: 
 5.59293e-13 -1.02072e-13  2.21656e-15  2.22588e-12 -6.85062e-13  2.49199e-14  2.92279e-15  2.10439e-14  3.50379e-13  7.95265e-15  -6.4089e-14 -7.29524e-13  3.69542e-12  1.52961e-14  4.77345e-14
-1.02072e-13  1.92281e-13  5.72919e-16 -5.82485e-13  3.09782e-13  1.39272e-15 -2.23057e-15 -6.16869e-15 -9.68724e-14  8.22608e-16  1.99203e-14  2.10553e-13 -1.09104e-12  1.05124e-13  3.87036e-15
 2.21654e-15  5.72831e-16  5.13939e-13 -3.99115e-14 -2.39565e-13  1.85338e-12 -2.61892e-13  8.36894e-14  3.67798e-15   5.3093e-13  -5.0665e-14 -1.09262e-14  5.53952e-14  1.03969e-12  2.57749e-12
 2.22588e-12 -5.82485e-13 -3.99115e-14  1.52178e-11 -4.48157e-12  -3.9242e-13 -3.01777e-15 -2.08051e-13  2.25321e-12 -1.48151e-13  6.00805e-13 -5.19632e-12   3.0718e-11  5.67027e-13 -8.41339e-13
-6.85062e-13  3.09782e-13 -2.39565e-13 -4.48157e-12  2.79233e-12 -1.98485e-12  3.01993e-13 -5.52208e-14 -7.32812e-13 -7.66298e-13 -8.39853e-14  1.69362e-12 -9.83695e-12  1.86939e-12 -4.38142e-12
 2.49197e-14  1.39199e-15  1.85338e-12  -3.9242e-13 -1.98485e-12  1.16979e-11 -1.57951e-12  5.78093e-13  3.88111e-14  3.74117e-12 -4.55246e-13 -1.21754e-13  5.93657e-13  2.66231e-12  2.14542e-11
 2.92282e-15 -2.23047e-15 -2.61892e-13 -3.01768e-15  3.01993e-13 -1.57951e-12  2.97737e-13  6.32441e-14   2.2121e-15 -6.09676e-13 -2.59089e-13 -1.30161e-14  6.71458e-13 -4.27402e-13 -2.98574e-12
 2.10439e-14 -6.16871e-15  8.36894e-14 -2.08051e-13 -5.52209e-14  5.78093e-13  6.32441e-14  5.01805e-13  2.54827e-14  1.24433e-13 -1.02331e-12 -9.88792e-14  2.33421e-12  1.55033e-13  5.30984e-13
 3.50379e-13 -9.68724e-14  3.67799e-15  2.25321e-12 -7.32812e-13  3.88112e-14  2.21209e-15  2.54827e-14   3.8783e-13  1.29621e-14 -7.76821e-14 -8.96276e-13  4.55637e-12 -8.08377e-15  7.78766e-14
 7.95258e-15  8.22332e-16  5.30929e-13 -1.48151e-13 -7.66298e-13  3.74117e-12 -6.09676e-13  1.24433e-13   1.2962e-14   1.7548e-12 -2.59902e-14 -3.98285e-14 -5.63698e-13  3.05015e-13  7.62041e-12
 -6.4089e-14  1.99203e-14 -5.06651e-14  6.00804e-13 -8.39852e-14 -4.55246e-13 -2.59089e-13 -1.02331e-12 -7.76822e-14 -2.59903e-14  2.88758e-12  3.04153e-13 -2.40839e-12 -5.85064e-14 -6.78168e-14
-7.29524e-13  2.10553e-13 -1.09261e-14 -5.19632e-12  1.69362e-12 -1.21754e-13 -1.30161e-14 -9.88792e-14 -8.96276e-13 -3.98285e-14  3.04152e-13   2.4528e-12 -1.14121e-11  2.23576e-14 -2.38697e-13
 3.69542e-12 -1.09104e-12   5.5395e-14   3.0718e-11 -9.83695e-12  5.93656e-13  6.71458e-13  2.33421e-12  4.55637e-12 -5.63699e-13 -2.40839e-12 -1.14121e-11  9.69844e-11   7.1346e-13 -3.40669e-12
  1.5296e-14  1.05124e-13   1.0397e-12  5.67027e-13  1.86938e-12  2.66231e-12 -4.27403e-13  1.55033e-13 -8.08381e-15  3.05018e-13 -5.85063e-14  2.23575e-14  7.13461e-13  1.10431e-11 -1.12123e-12
  4.7734e-14  3.86874e-15  2.57749e-12 -8.41339e-13 -4.38142e-12  2.14542e-11 -2.98574e-12  5.30983e-13  7.78765e-14  7.62041e-12 -6.78169e-14 -2.38697e-13 -3.40668e-12 -1.12123e-12  4.84454e-11
Matrix: 
 5.35472e-13 -1.08017e-13   2.3566e-15   2.0081e-12  -6.8201e-13  2.35383e-14  2.14272e-15  1.62588e-14  3.17881e-13  7.15864e-15 -4.70611e-14 -6.32543e-13  3.16169e-12   1.3069e-14  4.28164e-14
-1.08017e-13   1.9534e-13  3.26887e-16 -5.82311e-13  3.29528e-13 -4.93205e-16 -1.83799e-15 -5.27647e-15 -9.79781e-14  1.20949e-16  1.62677e-14  2.02698e-13 -1.03465e-12   9.6404e-14 -3.03239e-16
 2.35658e-15  3.26816e-16  4.92397e-13 -4.42226e-14 -2.25264e-13  1.67064e-12 -2.32826e-13  8.31505e-14  3.63305e-15  4.56343e-13 -4.79944e-14  -1.0343e-14  5.12677e-14  9.51327e-13  2.16987e-12
  2.0081e-12 -5.82311e-13 -4.42225e-14  1.29763e-11 -4.19762e-12 -4.14812e-13 -1.10535e-14 -2.23274e-13  1.92092e-12 -1.48807e-13  6.16557e-13 -4.19174e-12  2.46952e-11  5.24414e-13 -8.34303e-13
 -6.8201e-13  3.29528e-13 -2.25264e-13 -4.19762e-12  2.76485e-12 -1.73364e-12  2.69847e-13 -4.04946e-14 -6.93559e-13 -6.37549e-13 -1.18161e-13  1.51768e-12  -8.7669e-12  1.63325e-12 -3.57581e-12
 2.35382e-14  -4.9375e-16  1.67064e-12 -4.14812e-13 -1.73364e-12  9.88223e-12 -1.31085e-12  5.37571e-13  3.38335e-14  2.98112e-12 -4.09067e-13 -1.03294e-13  4.64858e-13  2.40466e-12  1.68683e-11
 2.14275e-15 -1.83791e-15 -2.32826e-13 -1.10535e-14  2.69847e-13 -1.31085e-12   2.6199e-13  6.88439e-14  7.10636e-16 -4.97155e-13   -2.492e-13 -8.89151e-15  7.12417e-13 -3.77706e-13 -2.34695e-12
 1.62588e-14 -5.27649e-15  8.31505e-14 -2.23274e-13 -4.04947e-14  5.37571e-13  6.88439e-14  4.55433e-13   1.6735e-14  1.07134e-13 -8.75699e-13 -6.99705e-14  2.16656e-12  1.55972e-13  4.20803e-13
 3.17881e-13 -9.79781e-14  3.63305e-15  1.92092e-12 -6.93559e-13  3.38335e-14  7.10627e-16  1.67349e-14  3.36932e-13  1.08068e-14 -4.82376e-14 -7.39064e-13  3.66373e-12 -1.18221e-14   6.4511e-14
 7.15858e-15  1.20754e-16  4.56343e-13 -1.48807e-13 -6.37549e-13  2.98112e-12 -4.97155e-13  1.07134e-13  1.08068e-14  1.41238e-12 -1.37133e-14 -3.22055e-14 -6.05367e-13  3.02204e-13  5.66244e-12
-4.70612e-14  1.62677e-14 -4.79944e-14  6.16556e-13 -1.18161e-13 -4.09067e-13   -2.492e-13 -8.75699e-13 -4.82377e-14 -1.37133e-14  2.36908e-12  2.05447e-13 -2.12296e-12 -6.28278e-14 -1.20054e-14
-6.32543e-13  2.02698e-13  -1.0343e-14 -4.19174e-12  1.51768e-12 -1.03294e-13 -8.89151e-15 -6.99704e-14 -7.39064e-13 -3.22055e-14  2.05446e-13  1.96506e-12 -8.65246e-12  3.19791e-14 -1.92065e-13
 3.16169e-12 -1.03465e-12  5.12675e-14  2.46952e-11 -8.76691e-12  4.64857e-13  7.12417e-13  2.16656e-12  3.66373e-12 -6.05368e-13 -2.12296e-12 -8.65246e-12  7.91595e-11   6.5179e-13 -3.66564e-12
 1.30689e-14  9.64035e-14  9.51328e-13  5.24414e-13  1.63325e-12  2.40466e-12 -3.77707e-13  1.55972e-13 -1.18222e-14  3.02206e-13 -6.28277e-14   3.1979e-14  6.51791e-13  9.52824e-12 -6.98322e-13
 4.28161e-14 -3.04368e-16  2.16987e-12 -8.34303e-13 -3.57581e-12  1.68683e-11 -2.34695e-12  4.20803e-13  6.45109e-14  5.66244e-12 -1.20055e-14 -1.92065e-13 -3.66564e-12 -6.98324e-13   3.5884e-11
Matrix: 
 5.13147e-13 -1.13166e-13  2.33098e-15  1.82283e-12 -6.77622e-13  2.08461e-14  1.27446e-15  1.15691e-14  2.90364e-13  6.09051e-15 -3.18409e-14 -5.54919e-13  2.73857e-12  1.19822e-14  3.61552e-14
-1.13166e-13  1.99167e-13  9.25475e-17 -5.80676e-13    3.493e-13 -1.87334e-15 -1.35333e-15 -4.11569e-15 -9.89299e-14 -3.69922e-16  1.21531e-14  1.95889e-13 -9.85631e-13  8.92814e-14 -3.10129e-15
 2.33096e-15  9.24912e-17  4.73649e-13   -4.912e-14 -2.12034e-13  1.52197e-12 -2.09055e-13  8.27106e-14  3.45109e-15  3.99086e-13 -4.56361e-14 -9.54554e-15   4.5331e-14  8.79231e-13  1.85835e-12
 1.82283e-12 -5.80676e-13 -4.91199e-14  1.12414e-11 -3.96098e-12 -4.42074e-13  -1.9105e-14 -2.37847e-13  1.66427e-12 -1.51984e-13  6.32221e-13   -3.459e-12  2.03372e-11  5.00228e-13 -8.41308e-13
-6.77622e-13    3.493e-13 -2.12033e-13 -3.96098e-12  2.75462e-12 -1.52727e-12  2.45645e-13 -2.53384e-14 -6.61711e-13 -5.39983e-13 -1.52731e-13  1.37994e-12 -7.93665e-12  1.45335e-12 -2.96445e-12
 2.08459e-14 -1.87375e-15  1.52197e-12 -4.42074e-13 -1.52727e-12  8.50996e-12   -1.108e-12  5.04636e-13  2.82993e-14  2.44106e-12 -3.71617e-13 -8.56685e-14  3.41889e-13  2.19385e-12  1.36189e-11
 1.27448e-15 -1.35327e-15 -2.09055e-13  -1.9105e-14  2.45645e-13   -1.108e-12  2.36578e-13  7.39937e-14 -8.17029e-16 -4.17653e-13 -2.43226e-13 -4.92212e-15  7.53416e-13 -3.36553e-13 -1.90015e-12
 1.15691e-14 -4.11571e-15  8.27106e-14 -2.37847e-13 -2.53384e-14  5.04636e-13  7.39937e-14  4.18572e-13  9.24329e-15  9.45724e-14 -7.66477e-13 -4.68323e-14  2.02589e-12  1.56894e-13  3.37364e-13
 2.90364e-13 -9.89299e-14  3.45109e-15  1.66427e-12 -6.61711e-13  2.82993e-14 -8.17036e-16  9.24328e-15  2.97722e-13  8.74463e-15 -2.48256e-14 -6.24084e-13  3.01759e-12 -1.37303e-14  5.16096e-14
 6.09046e-15 -3.70061e-16  3.99086e-13 -1.51984e-13 -5.39983e-13  2.44106e-12 -4.17653e-13  9.45723e-14  8.74462e-15  1.18213e-12  -4.3631e-15 -2.57342e-14 -6.42097e-13  2.89906e-13  4.36106e-12
-3.18409e-14  1.21531e-14 -4.56361e-14  6.32221e-13 -1.52731e-13 -3.71617e-13 -2.43226e-13 -7.66477e-13 -2.48256e-14 -4.36315e-15  2.00663e-12  1.31587e-13  -1.9059e-12 -6.67223e-14  3.23053e-14
-5.54919e-13  1.95889e-13 -9.54553e-15   -3.459e-12  1.37994e-12 -8.56684e-14 -4.92212e-15 -4.68323e-14 -6.24084e-13 -2.57342e-14  1.31587e-13  1.62656e-12 -6.76477e-12  3.62147e-14 -1.52128e-13
 2.73857e-12 -9.85631e-13  4.53307e-14  2.03372e-11 -7.93665e-12  3.41888e-13  7.53416e-13  2.02589e-12  3.01759e-12 -6.42097e-13  -1.9059e-12 -6.76477e-12  6.69902e-11  6.25372e-13 -3.89075e-12
 1.19821e-14  8.92811e-14  8.79232e-13  5.00227e-13  1.45335e-12  2.19385e-12 -3.36553e-13  1.56894e-13 -1.37303e-14  2.89908e-13 -6.67223e-14  3.62146e-14  6.25373e-13  8.40776e-12 -4.38031e-13
 3.61549e-14 -3.10209e-15  1.85835e-12 -8.41308e-13 -2.96444e-12  1.36189e-11 -1.90015e-12  3.37364e-13  5.16095e-14  4.36106e-12  3.23052e-14 -1.52128e-13 -3.89075e-12 -4.38033e-13  2.75315e-11
Matrix: 
 4.92327e-13  -1.1763e-13  2.17657e-15   1.6645e-12 -6.72646e-13  1.73329e-14  3.29022e-16  7.16325e-15  2.66969e-13  4.89478e-15 -1.85366e-14 -4.92176e-13  2.40023e-12  1.17737e-14  2.87142e-14
 -1.1763e-13  2.03564e-13 -1.17584e-16 -5.78298e-13  3.69233e-13 -2.74339e-15 -7.78859e-16 -2.76122e-15 -9.98396e-14 -6.75357e-16  7.77599e-15  1.90139e-13 -9.43945e-13   8.3344e-14 -4.70305e-15
 2.17655e-15 -1.17629e-16  4.57343e-13  -5.4349e-14 -1.99728e-13  1.39986e-12 -1.89372e-13  8.24034e-14  3.17374e-15  3.54404e-13 -4.35744e-14 -8.62915e-15  3.83921e-14  8.20048e-13  1.61613e-12
  1.6645e-12 -5.78298e-13  -5.4349e-14  9.87806e-12 -3.76504e-12 -4.71361e-13 -2.70225e-14 -2.50489e-13  1.46317e-12 -1.56553e-13  6.44248e-13 -2.91349e-12  1.71192e-11   4.8837e-13 -8.55718e-13
-6.72646e-13  3.69233e-13 -1.99728e-13 -3.76504e-12  2.75962e-12 -1.35418e-12  2.27425e-13  -1.0283e-14 -6.36315e-13 -4.63981e-13 -1.86428e-13  1.27193e-12  -7.2928e-12  1.31225e-12 -2.48786e-12
 1.73328e-14 -2.74369e-15  1.39986e-12 -4.71361e-13 -1.35418e-12  7.45171e-12 -9.51385e-13  4.77746e-13  2.25843e-14  2.04665e-12 -3.41038e-13 -6.92734e-14  2.27842e-13  2.02198e-12  1.12519e-11
  3.2904e-16 -7.78816e-16 -1.89372e-13 -2.70225e-14  2.27425e-13 -9.51385e-13  2.18467e-13  7.87327e-14 -2.34646e-15 -3.59862e-13 -2.40119e-13   -1.133e-15  7.94652e-13 -3.02323e-13 -1.57896e-12
 7.16325e-15 -2.76123e-15  8.24034e-14 -2.50488e-13  -1.0283e-14  4.77746e-13  7.87327e-14  3.88528e-13  2.91159e-15  8.54654e-14 -6.83384e-13 -2.83175e-14  1.90764e-12  1.57944e-13  2.73428e-13
 2.66969e-13 -9.98396e-14  3.17374e-15  1.46317e-12 -6.36315e-13  2.25843e-14 -2.34646e-15  2.91158e-15  2.67128e-13  6.81606e-15 -6.22792e-15 -5.38319e-13  2.54086e-12 -1.44799e-14  3.95182e-14
